     0.000,     0.000
     0.100,     0.081
     0.200,     0.163
     0.300,     0.244
     0.400,     0.326
     0.500,     0.407
     0.600,     0.489
     0.700,     0.570
     0.800,     0.651
     0.900,     0.733
     1.000,     0.814
     1.100,     0.896
     1.200,     0.977
     1.300,     1.059
     1.400,     1.140
     1.500,     1.221
     1.600,     1.303
     1.700,     1.384
     1.800,     1.466
     1.900,     1.547
     2.000,     1.629
     2.100,     1.710
     2.200,     1.791
     2.300,     1.873
     2.400,     1.954
     2.500,     2.036
     2.600,     2.117
     2.700,     2.199
     2.800,     2.280
     2.900,     2.361
     3.000,     2.443
     3.100,     2.524
     3.200,     2.606
     3.300,     2.687
     3.400,     2.769
     3.500,     2.850
     3.600,     2.931
     3.700,     3.013
     3.800,     3.094
     3.900,     3.176
     4.000,     3.257
     4.100,     3.339
     4.200,     3.420
     4.300,     3.501
     4.400,     3.583
     4.500,     3.664
     4.600,     3.746
     4.700,     3.827
     4.800,     3.909
     4.900,     3.990
     5.000,     4.071
     5.100,     4.153
     5.200,     4.234
     5.300,     4.316
     5.400,     4.397
     5.500,     4.479
     5.600,     4.560
     5.700,     4.641
     5.800,     4.723
     5.900,     4.804
     6.000,     4.886
     6.100,     4.967
     6.200,     5.049
     6.300,     5.130
     6.400,     5.211
     6.500,     5.293
     6.600,     5.374
     6.700,     5.456
     6.800,     5.537
     6.900,     5.619
     7.000,     5.700
     7.100,     5.781
     7.200,     5.863
     7.300,     5.944
     7.400,     6.026
     7.500,     6.107
     7.600,     6.189
     7.700,     6.270
     7.800,     6.351
     7.900,     6.433
     8.000,     6.514
     8.100,     6.596
     8.200,     6.677
     8.300,     6.759
     8.400,     6.840
     8.500,     6.921
     8.600,     7.003
     8.700,     7.084
     8.800,     7.165
     8.900,     7.245
     9.000,     7.324
     9.100,     7.402
     9.200,     7.479
     9.300,     7.555
     9.400,     7.631
     9.500,     7.706
     9.600,     7.780
     9.700,     7.853
     9.800,     7.926
     9.900,     7.998
    10.000,     8.070
    10.100,     8.140
    10.200,     8.211
    10.300,     8.280
    10.400,     8.349
    10.500,     8.418
    10.600,     8.486
    10.700,     8.553
    10.800,     8.620
    10.900,     8.686
    11.000,     8.752
    11.100,     8.817
    11.200,     8.882
    11.300,     8.946
    11.400,     9.010
    11.500,     9.074
    11.600,     9.137
    11.700,     9.199
    11.800,     9.261
    11.900,     9.323
    12.000,     9.384
    12.100,     9.445
    12.200,     9.506
    12.300,     9.566
    12.400,     9.625
    12.500,     9.685
    12.600,     9.744
    12.700,     9.802
    12.800,     9.861
    12.900,     9.919
    13.000,     9.976
    13.100,    10.034
    13.200,    10.091
    13.300,    10.147
    13.400,    10.203
    13.500,    10.259
    13.600,    10.315
    13.700,    10.371
    13.800,    10.426
    13.900,    10.480
    14.000,    10.535
    14.100,    10.589
    14.200,    10.643
    14.300,    10.697
    14.400,    10.750
    14.500,    10.803
    14.600,    10.856
    14.700,    10.909
    14.800,    10.961
    14.900,    11.014
    15.000,    11.065
    15.100,    11.117
    15.200,    11.168
    15.300,    11.220
    15.400,    11.271
    15.500,    11.321
    15.600,    11.372
    15.700,    11.422
    15.800,    11.472
    15.900,    11.522
    16.000,    11.571
    16.100,    11.621
    16.200,    11.670
    16.300,    11.719
    16.400,    11.768
    16.500,    11.816
    16.600,    11.865
    16.700,    11.913
    16.800,    11.961
    16.900,    12.008
    17.000,    12.056
    17.100,    12.103
    17.200,    12.151
    17.300,    12.198
    17.400,    12.245
    17.500,    12.291
    17.600,    12.338
    17.700,    12.384
    17.800,    12.430
    17.900,    12.476
    18.000,    12.522
    18.100,    12.568
    18.200,    12.613
    18.300,    12.658
    18.400,    12.704
    18.500,    12.748
    18.600,    12.793
    18.700,    12.838
    18.800,    12.882
    18.900,    12.927
    19.000,    12.971
    19.100,    13.015
    19.200,    13.059
    19.300,    13.103
    19.400,    13.146
    19.500,    13.190
    19.600,    13.233
    19.700,    13.276
    19.800,    13.319
    19.900,    13.362
    20.000,    13.405
    20.100,    13.448
    20.200,    13.490
    20.300,    13.533
    20.400,    13.575
    20.500,    13.617
    20.600,    13.659
    20.700,    13.701
    20.800,    13.742
    20.900,    13.784
    21.000,    13.825
    21.100,    13.867
    21.200,    13.908
    21.300,    13.949
    21.400,    13.990
    21.500,    14.031
    21.600,    14.072
    21.700,    14.112
    21.800,    14.153
    21.900,    14.193
    22.000,    14.233
    22.100,    14.273
    22.200,    14.313
    22.300,    14.353
    22.400,    14.393
    22.500,    14.433
    22.600,    14.473
    22.700,    14.512
    22.800,    14.551
    22.900,    14.591
    23.000,    14.630
    23.100,    14.669
    23.200,    14.708
    23.300,    14.747
    23.400,    14.785
    23.500,    14.824
    23.600,    14.863
    23.700,    14.901
    23.800,    14.939
    23.900,    14.978
    24.000,    15.016
    24.100,    15.054
    24.200,    15.092
    24.300,    15.130
    24.400,    15.167
    24.500,    15.205
    24.600,    15.243
    24.700,    15.280
    24.800,    15.318
    24.900,    15.355
    25.000,    15.392
    25.100,    15.429
    25.200,    15.466
    25.300,    15.503
    25.400,    15.540
    25.500,    15.577
    25.600,    15.614
    25.700,    15.650
    25.800,    15.687
    25.900,    15.723
    26.000,    15.759
    26.100,    15.796
    26.200,    15.832
    26.300,    15.868
    26.400,    15.904
    26.500,    15.940
    26.600,    15.976
    26.700,    16.012
    26.800,    16.047
    26.900,    16.083
    27.000,    16.118
    27.100,    16.154
    27.200,    16.189
    27.300,    16.224
    27.400,    16.260
    27.500,    16.295
    27.600,    16.330
    27.700,    16.365
    27.800,    16.400
    27.900,    16.435
    28.000,    16.469
    28.100,    16.504
    28.200,    16.539
    28.300,    16.573
    28.400,    16.608
    28.500,    16.642
    28.600,    16.677
    28.700,    16.711
    28.800,    16.745
    28.900,    16.779
    29.000,    16.813
    29.100,    16.847
    29.200,    16.881
    29.300,    16.915
    29.400,    16.949
    29.500,    16.982
    29.600,    17.016
    29.700,    17.050
    29.800,    17.083
    29.900,    17.117
    30.000,    17.150
    30.100,    17.183
    30.200,    17.217
    30.300,    17.250
    30.400,    17.283
    30.500,    17.316
    30.600,    17.349
    30.700,    17.382
    30.800,    17.415
    30.900,    17.448
    31.000,    17.480
    31.100,    17.513
    31.200,    17.546
    31.300,    17.578
    31.400,    17.611
    31.500,    17.643
    31.600,    17.676
    31.700,    17.708
    31.800,    17.740
    31.900,    17.772
    32.000,    17.805
    32.100,    17.837
    32.200,    17.869
    32.300,    17.901
    32.400,    17.933
    32.500,    17.964
    32.600,    17.996
    32.700,    18.028
    32.800,    18.060
    32.900,    18.091
    33.000,    18.123
    33.100,    18.154
    33.200,    18.186
    33.300,    18.217
    33.400,    18.249
    33.500,    18.280
    33.600,    18.311
    33.700,    18.342
    33.800,    18.374
    33.900,    18.405
    34.000,    18.436
    34.100,    18.467
    34.200,    18.498
    34.300,    18.529
    34.400,    18.559
    34.500,    18.590
    34.600,    18.621
    34.700,    18.652
    34.800,    18.682
    34.900,    18.713
    35.000,    18.743
    35.100,    18.774
    35.200,    18.804
    35.300,    18.835
    35.400,    18.865
    35.500,    18.895
    35.600,    18.926
    35.700,    18.956
    35.800,    18.986
    35.900,    19.016
    36.000,    19.046
    36.100,    19.076
    36.200,    19.106
    36.300,    19.136
    36.400,    19.166
    36.500,    19.196
    36.600,    19.225
    36.700,    19.255
    36.800,    19.285
    36.900,    19.314
    37.000,    19.344
    37.100,    19.374
    37.200,    19.403
    37.300,    19.433
    37.400,    19.462
    37.500,    19.491
    37.600,    19.521
    37.700,    19.550
    37.800,    19.579
    37.900,    19.608
    38.000,    19.637
    38.100,    19.667
    38.200,    19.696
    38.300,    19.725
    38.400,    19.754
    38.500,    19.782
    38.600,    19.811
    38.700,    19.840
    38.800,    19.869
    38.900,    19.898
    39.000,    19.926
    39.100,    19.955
    39.200,    19.984
    39.300,    20.012
    39.400,    20.041
    39.500,    20.069
    39.600,    20.098
    39.700,    20.126
    39.800,    20.155
    39.900,    20.183
    40.000,    20.211
    40.100,    20.240
    40.200,    20.268
    40.300,    20.296
    40.400,    20.324
    40.500,    20.352
    40.600,    20.380
    40.700,    20.409
    40.800,    20.437
    40.900,    20.464
    41.000,    20.492
    41.100,    20.520
    41.200,    20.548
    41.300,    20.576
    41.400,    20.604
    41.500,    20.631
    41.600,    20.659
    41.700,    20.687
    41.800,    20.714
    41.900,    20.742
    42.000,    20.770
    42.100,    20.797
    42.200,    20.825
    42.300,    20.852
    42.400,    20.879
    42.500,    20.907
    42.600,    20.934
    42.700,    20.961
    42.800,    20.989
    42.900,    21.016
    43.000,    21.043
    43.100,    21.070
    43.200,    21.097
    43.300,    21.124
    43.400,    21.151
    43.500,    21.178
    43.600,    21.205
    43.700,    21.232
    43.800,    21.259
    43.900,    21.286
    44.000,    21.313
    44.100,    21.340
    44.200,    21.367
    44.300,    21.393
    44.400,    21.420
    44.500,    21.447
    44.600,    21.473
    44.700,    21.500
    44.800,    21.527
    44.900,    21.553
    45.000,    21.580
    45.100,    21.606
    45.200,    21.633
    45.300,    21.659
    45.400,    21.685
    45.500,    21.712
    45.600,    21.738
    45.700,    21.764
    45.800,    21.791
    45.900,    21.817
    46.000,    21.843
    46.100,    21.869
    46.200,    21.895
    46.300,    21.921
    46.400,    21.947
    46.500,    21.974
    46.600,    22.000
    46.700,    22.025
    46.800,    22.051
    46.900,    22.077
    47.000,    22.103
    47.100,    22.129
    47.200,    22.155
    47.300,    22.181
    47.400,    22.206
    47.500,    22.232
    47.600,    22.258
    47.700,    22.284
    47.800,    22.309
    47.900,    22.335
    48.000,    22.360
    48.100,    22.386
    48.200,    22.411
    48.300,    22.437
    48.400,    22.462
    48.500,    22.488
    48.600,    22.513
    48.700,    22.539
    48.800,    22.564
    48.900,    22.589
    49.000,    22.615
    49.100,    22.640
    49.200,    22.665
    49.300,    22.690
    49.400,    22.716
    49.500,    22.741
    49.600,    22.766
    49.700,    22.791
    49.800,    22.816
    49.900,    22.841
    50.000,    22.866
    50.100,    22.891
    50.200,    22.916
    50.300,    22.941
    50.400,    22.966
    50.500,    22.991
    50.600,    23.016
    50.700,    23.040
    50.800,    23.065
    50.900,    23.090
    51.000,    23.115
    51.100,    23.139
    51.200,    23.164
    51.300,    23.189
    51.400,    23.214
    51.500,    23.238
    51.600,    23.263
    51.700,    23.287
    51.800,    23.312
    51.900,    23.336
    52.000,    23.361
    52.100,    23.385
    52.200,    23.410
    52.300,    23.434
    52.400,    23.459
    52.500,    23.483
    52.600,    23.507
    52.700,    23.532
    52.800,    23.556
    52.900,    23.580
    53.000,    23.604
    53.100,    23.628
    53.200,    23.653
    53.300,    23.677
    53.400,    23.701
    53.500,    23.725
    53.600,    23.749
    53.700,    23.773
    53.800,    23.797
    53.900,    23.821
    54.000,    23.845
    54.100,    23.869
    54.200,    23.893
    54.300,    23.917
    54.400,    23.941
    54.500,    23.965
    54.600,    23.989
    54.700,    24.013
    54.800,    24.036
    54.900,    24.060
    55.000,    24.084
    55.100,    24.108
    55.200,    24.131
    55.300,    24.155
    55.400,    24.179
    55.500,    24.202
    55.600,    24.226
    55.700,    24.249
    55.800,    24.273
    55.900,    24.297
    56.000,    24.320
    56.100,    24.344
    56.200,    24.367
    56.300,    24.390
    56.400,    24.414
    56.500,    24.437
    56.600,    24.461
    56.700,    24.484
    56.800,    24.507
    56.900,    24.531
    57.000,    24.554
    57.100,    24.577
    57.200,    24.601
    57.300,    24.624
    57.400,    24.647
    57.500,    24.670
    57.600,    24.693
    57.700,    24.716
    57.800,    24.740
    57.900,    24.763
    58.000,    24.786
    58.100,    24.809
    58.200,    24.832
    58.300,    24.855
    58.400,    24.878
    58.500,    24.901
    58.600,    24.924
    58.700,    24.947
    58.800,    24.970
    58.900,    24.992
    59.000,    25.015
    59.100,    25.038
    59.200,    25.061
    59.300,    25.084
    59.400,    25.107
    59.500,    25.129
    59.600,    25.152
    59.700,    25.175
    59.800,    25.197
    59.900,    25.220
    60.000,    25.243
    60.100,    25.265
    60.200,    25.288
    60.300,    25.311
    60.400,    25.333
    60.500,    25.356
    60.600,    25.378
    60.700,    25.401
    60.800,    25.423
    60.900,    25.446
    61.000,    25.468
    61.100,    25.491
    61.200,    25.513
    61.300,    25.536
    61.400,    25.558
    61.500,    25.580
    61.600,    25.603
    61.700,    25.625
    61.800,    25.647
    61.900,    25.670
    62.000,    25.692
    62.100,    25.714
    62.200,    25.736
    62.300,    25.758
    62.400,    25.781
    62.500,    25.803
    62.600,    25.825
    62.700,    25.847
    62.800,    25.869
    62.900,    25.891
    63.000,    25.913
    63.100,    25.935
    63.200,    25.957
    63.300,    25.979
    63.400,    26.001
    63.500,    26.023
    63.600,    26.045
    63.700,    26.067
    63.800,    26.089
    63.900,    26.111
    64.000,    26.133
    64.100,    26.155
    64.200,    26.177
    64.300,    26.199
    64.400,    26.220
    64.500,    26.242
    64.600,    26.264
    64.700,    26.286
    64.800,    26.307
    64.900,    26.329
    65.000,    26.351
    65.100,    26.373
    65.200,    26.394
    65.300,    26.416
    65.400,    26.437
    65.500,    26.459
    65.600,    26.481
    65.700,    26.502
    65.800,    26.524
    65.900,    26.545
    66.000,    26.567
    66.100,    26.588
    66.200,    26.610
    66.300,    26.631
    66.400,    26.653
    66.500,    26.674
    66.600,    26.696
    66.700,    26.717
    66.800,    26.739
    66.900,    26.760
    67.000,    26.781
    67.100,    26.803
    67.200,    26.824
    67.300,    26.845
    67.400,    26.866
    67.500,    26.888
    67.600,    26.909
    67.700,    26.930
    67.800,    26.951
    67.900,    26.973
    68.000,    26.994
    68.100,    27.015
    68.200,    27.036
    68.300,    27.057
    68.400,    27.078
    68.500,    27.100
    68.600,    27.121
    68.700,    27.142
    68.800,    27.163
    68.900,    27.184
    69.000,    27.205
    69.100,    27.226
    69.200,    27.247
    69.300,    27.268
    69.400,    27.289
    69.500,    27.310
    69.600,    27.331
    69.700,    27.351
    69.800,    27.372
    69.900,    27.393
    70.000,    27.414
    70.100,    27.435
    70.200,    27.456
    70.300,    27.477
    70.400,    27.497
    70.500,    27.518
    70.600,    27.539
    70.700,    27.560
    70.800,    27.580
    70.900,    27.601
    71.000,    27.622
    71.100,    27.643
    71.200,    27.663
    71.300,    27.684
    71.400,    27.705
    71.500,    27.725
    71.600,    27.746
    71.700,    27.766
    71.800,    27.787
    71.900,    27.807
    72.000,    27.828
    72.100,    27.849
    72.200,    27.869
    72.300,    27.890
    72.400,    27.910
    72.500,    27.931
    72.600,    27.951
    72.700,    27.971
    72.800,    27.992
    72.900,    28.012
    73.000,    28.033
    73.100,    28.053
    73.200,    28.073
    73.300,    28.094
    73.400,    28.114
    73.500,    28.134
    73.600,    28.155
    73.700,    28.175
    73.800,    28.195
    73.900,    28.216
    74.000,    28.236
    74.100,    28.256
    74.200,    28.276
    74.300,    28.297
    74.400,    28.317
    74.500,    28.337
    74.600,    28.357
    74.700,    28.377
    74.800,    28.397
    74.900,    28.417
    75.000,    28.438
    75.100,    28.458
    75.200,    28.478
    75.300,    28.498
    75.400,    28.518
    75.500,    28.538
    75.600,    28.558
    75.700,    28.578
    75.800,    28.598
    75.900,    28.618
    76.000,    28.638
    76.100,    28.658
    76.200,    28.678
    76.300,    28.698
    76.400,    28.718
    76.500,    28.738
    76.600,    28.757
    76.700,    28.777
    76.800,    28.797
    76.900,    28.817
    77.000,    28.837
    77.100,    28.857
    77.200,    28.876
    77.300,    28.896
    77.400,    28.916
    77.500,    28.936
    77.600,    28.956
    77.700,    28.975
    77.800,    28.995
    77.900,    29.015
    78.000,    29.034
    78.100,    29.054
    78.200,    29.074
    78.300,    29.093
    78.400,    29.113
    78.500,    29.133
    78.600,    29.152
    78.700,    29.172
    78.800,    29.191
    78.900,    29.211
    79.000,    29.231
    79.100,    29.250
    79.200,    29.270
    79.300,    29.289
    79.400,    29.309
    79.500,    29.328
    79.600,    29.348
    79.700,    29.367
    79.800,    29.387
    79.900,    29.406
    80.000,    29.425
    80.100,    29.445
    80.200,    29.464
    80.300,    29.484
    80.400,    29.503
    80.500,    29.522
    80.600,    29.542
    80.700,    29.561
    80.800,    29.580
    80.900,    29.600
    81.000,    29.619
    81.100,    29.638
    81.200,    29.658
    81.300,    29.677
    81.400,    29.696
    81.500,    29.715
    81.600,    29.735
    81.700,    29.754
    81.800,    29.773
    81.900,    29.792
    82.000,    29.811
    82.100,    29.831
    82.200,    29.850
    82.300,    29.869
    82.400,    29.888
    82.500,    29.907
    82.600,    29.926
    82.700,    29.945
    82.800,    29.964
    82.900,    29.984
    83.000,    30.003
    83.100,    30.022
    83.200,    30.041
    83.300,    30.060
    83.400,    30.079
    83.500,    30.098
    83.600,    30.117
    83.700,    30.136
    83.800,    30.155
    83.900,    30.174
    84.000,    30.193
    84.100,    30.211
    84.200,    30.230
    84.300,    30.249
    84.400,    30.268
    84.500,    30.287
    84.600,    30.306
    84.700,    30.325
    84.800,    30.344
    84.900,    30.362
    85.000,    30.381
    85.100,    30.400
    85.200,    30.419
    85.300,    30.438
    85.400,    30.456
    85.500,    30.475
    85.600,    30.494
    85.700,    30.513
    85.800,    30.531
    85.900,    30.550
    86.000,    30.569
    86.100,    30.588
    86.200,    30.606
    86.300,    30.625
    86.400,    30.644
    86.500,    30.662
    86.600,    30.681
    86.700,    30.699
    86.800,    30.718
    86.900,    30.737
    87.000,    30.755
    87.100,    30.774
    87.200,    30.792
    87.300,    30.811
    87.400,    30.829
    87.500,    30.848
    87.600,    30.867
    87.700,    30.885
    87.800,    30.904
    87.900,    30.922
    88.000,    30.941
    88.100,    30.959
    88.200,    30.977
    88.300,    30.996
    88.400,    31.014
    88.500,    31.033
    88.600,    31.051
    88.700,    31.070
    88.800,    31.088
    88.900,    31.106
    89.000,    31.125
    89.100,    31.143
    89.200,    31.161
    89.300,    31.180
    89.400,    31.198
    89.500,    31.216
    89.600,    31.235
    89.700,    31.253
    89.800,    31.271
    89.900,    31.290
    90.000,    31.308
    90.100,    31.326
    90.200,    31.344
    90.300,    31.363
    90.400,    31.381
    90.500,    31.399
    90.600,    31.417
    90.700,    31.435
    90.800,    31.454
    90.900,    31.472
    91.000,    31.490
    91.100,    31.508
    91.200,    31.526
    91.300,    31.544
    91.400,    31.562
    91.500,    31.581
    91.600,    31.599
    91.700,    31.617
    91.800,    31.635
    91.900,    31.653
    92.000,    31.671
    92.100,    31.689
    92.200,    31.707
    92.300,    31.725
    92.400,    31.743
    92.500,    31.761
    92.600,    31.779
    92.700,    31.797
    92.800,    31.815
    92.900,    31.833
    93.000,    31.851
    93.100,    31.869
    93.200,    31.887
    93.300,    31.905
    93.400,    31.923
    93.500,    31.940
    93.600,    31.958
    93.700,    31.976
    93.800,    31.994
    93.900,    32.012
    94.000,    32.030
    94.100,    32.048
    94.200,    32.065
    94.300,    32.083
    94.400,    32.101
    94.500,    32.119
    94.600,    32.137
    94.700,    32.154
    94.800,    32.172
    94.900,    32.190
    95.000,    32.208
    95.100,    32.226
    95.200,    32.243
    95.300,    32.261
    95.400,    32.279
    95.500,    32.296
    95.600,    32.314
    95.700,    32.332
    95.800,    32.349
    95.900,    32.367
    96.000,    32.385
    96.100,    32.402
    96.200,    32.420
    96.300,    32.438
    96.400,    32.455
    96.500,    32.473
    96.600,    32.490
    96.700,    32.508
    96.800,    32.526
    96.900,    32.543
    97.000,    32.561
    97.100,    32.578
    97.200,    32.596
    97.300,    32.613
    97.400,    32.631
    97.500,    32.648
    97.600,    32.666
    97.700,    32.683
    97.800,    32.701
    97.900,    32.718
    98.000,    32.736
    98.100,    32.753
    98.200,    32.771
    98.300,    32.788
    98.400,    32.806
    98.500,    32.823
    98.600,    32.840
    98.700,    32.858
    98.800,    32.875
    98.900,    32.893
    99.000,    32.910
    99.100,    32.927
    99.200,    32.945
    99.300,    32.962
    99.400,    32.979
    99.500,    32.997
    99.600,    33.014
    99.700,    33.031
    99.800,    33.049
    99.900,    33.066
   100.000,    33.083
   100.100,    33.100
   100.200,    33.118
   100.300,    33.135
   100.400,    33.152
   100.500,    33.169
   100.600,    33.187
   100.700,    33.204
   100.800,    33.221
   100.900,    33.238
   101.000,    33.256
   101.100,    33.273
   101.200,    33.290
   101.300,    33.307
   101.400,    33.324
   101.500,    33.341
   101.600,    33.358
   101.700,    33.376
   101.800,    33.393
   101.900,    33.410
   102.000,    33.427
   102.100,    33.444
   102.200,    33.461
   102.300,    33.478
   102.400,    33.495
   102.500,    33.512
   102.600,    33.529
   102.700,    33.546
   102.800,    33.563
   102.900,    33.580
   103.000,    33.598
   103.100,    33.615
   103.200,    33.632
   103.300,    33.649
   103.400,    33.665
   103.500,    33.682
   103.600,    33.699
   103.700,    33.716
   103.800,    33.733
   103.900,    33.750
   104.000,    33.767
   104.100,    33.784
   104.200,    33.801
   104.300,    33.818
   104.400,    33.835
   104.500,    33.852
   104.600,    33.869
   104.700,    33.885
   104.800,    33.902
   104.900,    33.919
   105.000,    33.936
   105.100,    33.953
   105.200,    33.970
   105.300,    33.987
   105.400,    34.003
   105.500,    34.020
   105.600,    34.037
   105.700,    34.054
   105.800,    34.071
   105.900,    34.087
   106.000,    34.104
   106.100,    34.121
   106.200,    34.138
   106.300,    34.154
   106.400,    34.171
   106.500,    34.188
   106.600,    34.204
   106.700,    34.221
   106.800,    34.238
   106.900,    34.255
   107.000,    34.271
   107.100,    34.288
   107.200,    34.305
   107.300,    34.321
   107.400,    34.338
   107.500,    34.355
   107.600,    34.371
   107.700,    34.388
   107.800,    34.404
   107.900,    34.421
   108.000,    34.438
   108.100,    34.454
   108.200,    34.471
   108.300,    34.487
   108.400,    34.504
   108.500,    34.521
   108.600,    34.537
   108.700,    34.554
   108.800,    34.570
   108.900,    34.587
   109.000,    34.603
   109.100,    34.620
   109.200,    34.636
   109.300,    34.653
   109.400,    34.669
   109.500,    34.686
   109.600,    34.702
   109.700,    34.719
   109.800,    34.735
   109.900,    34.752
   110.000,    34.768
   110.100,    34.784
   110.200,    34.801
   110.300,    34.817
   110.400,    34.834
   110.500,    34.850
   110.600,    34.866
   110.700,    34.883
   110.800,    34.899
   110.900,    34.916
   111.000,    34.932
   111.100,    34.948
   111.200,    34.965
   111.300,    34.981
   111.400,    34.997
   111.500,    35.014
   111.600,    35.030
   111.700,    35.046
   111.800,    35.063
   111.900,    35.079
   112.000,    35.095
   112.100,    35.112
   112.200,    35.128
   112.300,    35.144
   112.400,    35.160
   112.500,    35.177
   112.600,    35.193
   112.700,    35.209
   112.800,    35.225
   112.900,    35.241
   113.000,    35.258
   113.100,    35.274
   113.200,    35.290
   113.300,    35.306
   113.400,    35.322
   113.500,    35.339
   113.600,    35.355
   113.700,    35.371
   113.800,    35.387
   113.900,    35.403
   114.000,    35.419
   114.100,    35.436
   114.200,    35.452
   114.300,    35.468
   114.400,    35.484
   114.500,    35.500
   114.600,    35.516
   114.700,    35.532
   114.800,    35.548
   114.900,    35.564
   115.000,    35.580
   115.100,    35.597
   115.200,    35.613
   115.300,    35.629
   115.400,    35.645
   115.500,    35.661
   115.600,    35.677
   115.700,    35.693
   115.800,    35.709
   115.900,    35.725
   116.000,    35.741
   116.100,    35.757
   116.200,    35.773
   116.300,    35.789
   116.400,    35.805
   116.500,    35.821
   116.600,    35.837
   116.700,    35.852
   116.800,    35.868
   116.900,    35.884
   117.000,    35.900
   117.100,    35.916
   117.200,    35.932
   117.300,    35.948
   117.400,    35.964
   117.500,    35.980
   117.600,    35.996
   117.700,    36.012
   117.800,    36.027
   117.900,    36.043
   118.000,    36.059
   118.100,    36.075
   118.200,    36.091
   118.300,    36.107
   118.400,    36.122
   118.500,    36.138
   118.600,    36.154
   118.700,    36.170
   118.800,    36.186
   118.900,    36.202
   119.000,    36.217
   119.100,    36.233
   119.200,    36.249
   119.300,    36.265
   119.400,    36.280
   119.500,    36.296
   119.600,    36.312
   119.700,    36.328
   119.800,    36.343
   119.900,    36.359
   120.000,    36.375
   120.100,    36.390
   120.200,    36.406
   120.300,    36.422
   120.400,    36.438
   120.500,    36.453
   120.600,    36.469
   120.700,    36.485
   120.800,    36.500
   120.900,    36.516
   121.000,    36.532
   121.100,    36.547
   121.200,    36.563
   121.300,    36.578
   121.400,    36.594
   121.500,    36.610
   121.600,    36.625
   121.700,    36.641
   121.800,    36.657
   121.900,    36.672
   122.000,    36.688
   122.100,    36.703
   122.200,    36.719
   122.300,    36.734
   122.400,    36.750
   122.500,    36.765
   122.600,    36.781
   122.700,    36.797
   122.800,    36.812
   122.900,    36.828
   123.000,    36.843
   123.100,    36.859
   123.200,    36.874
   123.300,    36.890
   123.400,    36.905
   123.500,    36.921
   123.600,    36.936
   123.700,    36.952
   123.800,    36.967
   123.900,    36.982
   124.000,    36.998
   124.100,    37.013
   124.200,    37.029
   124.300,    37.044
   124.400,    37.060
   124.500,    37.075
   124.600,    37.091
   124.700,    37.106
   124.800,    37.121
   124.900,    37.137
   125.000,    37.152
   125.100,    37.167
   125.200,    37.183
   125.300,    37.198
   125.400,    37.214
   125.500,    37.229
   125.600,    37.244
   125.700,    37.260
   125.800,    37.275
   125.900,    37.290
   126.000,    37.306
   126.100,    37.321
   126.200,    37.336
   126.300,    37.352
   126.400,    37.367
   126.500,    37.382
   126.600,    37.397
   126.700,    37.413
   126.800,    37.428
   126.900,    37.443
   127.000,    37.459
   127.100,    37.474
   127.200,    37.489
   127.300,    37.504
   127.400,    37.519
   127.500,    37.535
   127.600,    37.550
   127.700,    37.565
   127.800,    37.580
   127.900,    37.596
   128.000,    37.611
   128.100,    37.626
   128.200,    37.641
   128.300,    37.656
   128.400,    37.672
   128.500,    37.687
   128.600,    37.702
   128.700,    37.717
   128.800,    37.732
   128.900,    37.747
   129.000,    37.762
   129.100,    37.778
   129.200,    37.793
   129.300,    37.808
   129.400,    37.823
   129.500,    37.838
   129.600,    37.853
   129.700,    37.868
   129.800,    37.883
   129.900,    37.898
   130.000,    37.913
   130.100,    37.929
   130.200,    37.944
   130.300,    37.959
   130.400,    37.974
   130.500,    37.989
   130.600,    38.004
   130.700,    38.019
   130.800,    38.034
   130.900,    38.049
   131.000,    38.064
   131.100,    38.079
   131.200,    38.094
   131.300,    38.109
   131.400,    38.124
   131.500,    38.139
   131.600,    38.154
   131.700,    38.169
   131.800,    38.184
   131.900,    38.199
   132.000,    38.214
   132.100,    38.229
   132.200,    38.244
   132.300,    38.259
   132.400,    38.274
   132.500,    38.289
   132.600,    38.303
   132.700,    38.318
   132.800,    38.333
   132.900,    38.348
   133.000,    38.363
   133.100,    38.378
   133.200,    38.393
   133.300,    38.408
   133.400,    38.423
   133.500,    38.437
   133.600,    38.452
   133.700,    38.467
   133.800,    38.482
   133.900,    38.497
   134.000,    38.512
   134.100,    38.527
   134.200,    38.541
   134.300,    38.556
   134.400,    38.571
   134.500,    38.586
   134.600,    38.601
   134.700,    38.616
   134.800,    38.630
   134.900,    38.645
   135.000,    38.660
   135.100,    38.675
   135.200,    38.689
   135.300,    38.704
   135.400,    38.719
   135.500,    38.734
   135.600,    38.748
   135.700,    38.763
   135.800,    38.778
   135.900,    38.793
   136.000,    38.807
   136.100,    38.822
   136.200,    38.837
   136.300,    38.852
   136.400,    38.866
   136.500,    38.881
   136.600,    38.896
   136.700,    38.910
   136.800,    38.925
   136.900,    38.940
   137.000,    38.954
   137.100,    38.969
   137.200,    38.984
   137.300,    38.998
   137.400,    39.013
   137.500,    39.028
   137.600,    39.042
   137.700,    39.057
   137.800,    39.072
   137.900,    39.086
   138.000,    39.101
   138.100,    39.115
   138.200,    39.130
   138.300,    39.145
   138.400,    39.159
   138.500,    39.174
   138.600,    39.188
   138.700,    39.203
   138.800,    39.218
   138.900,    39.232
   139.000,    39.247
   139.100,    39.261
   139.200,    39.276
   139.300,    39.290
   139.400,    39.305
   139.500,    39.320
   139.600,    39.334
   139.700,    39.349
   139.800,    39.363
   139.900,    39.378
   140.000,    39.392
   140.100,    39.407
   140.200,    39.421
   140.300,    39.436
   140.400,    39.450
   140.500,    39.465
   140.600,    39.479
   140.700,    39.494
   140.800,    39.508
   140.900,    39.523
   141.000,    39.537
   141.100,    39.551
   141.200,    39.566
   141.300,    39.580
   141.400,    39.595
   141.500,    39.609
   141.600,    39.624
   141.700,    39.638
   141.800,    39.652
   141.900,    39.667
   142.000,    39.681
   142.100,    39.696
   142.200,    39.710
   142.300,    39.724
   142.400,    39.739
   142.500,    39.753
   142.600,    39.768
   142.700,    39.782
   142.800,    39.796
   142.900,    39.811
   143.000,    39.825
   143.100,    39.839
   143.200,    39.854
   143.300,    39.868
   143.400,    39.882
   143.500,    39.897
   143.600,    39.911
   143.700,    39.925
   143.800,    39.940
   143.900,    39.954
   144.000,    39.968
   144.100,    39.983
   144.200,    39.997
   144.300,    40.011
   144.400,    40.025
   144.500,    40.040
   144.600,    40.054
   144.700,    40.068
   144.800,    40.083
   144.900,    40.097
   145.000,    40.111
   145.100,    40.125
   145.200,    40.140
   145.300,    40.154
   145.400,    40.168
   145.500,    40.182
   145.600,    40.196
   145.700,    40.211
   145.800,    40.225
   145.900,    40.239
   146.000,    40.253
   146.100,    40.267
   146.200,    40.282
   146.300,    40.296
   146.400,    40.310
   146.500,    40.324
   146.600,    40.338
   146.700,    40.353
   146.800,    40.367
   146.900,    40.381
   147.000,    40.395
   147.100,    40.409
   147.200,    40.423
   147.300,    40.437
   147.400,    40.452
   147.500,    40.466
   147.600,    40.480
   147.700,    40.494
   147.800,    40.508
   147.900,    40.522
   148.000,    40.536
   148.100,    40.550
   148.200,    40.564
   148.300,    40.578
   148.400,    40.593
   148.500,    40.607
   148.600,    40.621
   148.700,    40.635
   148.800,    40.649
   148.900,    40.663
   149.000,    40.677
   149.100,    40.691
   149.200,    40.705
   149.300,    40.719
   149.400,    40.733
   149.500,    40.747
   149.600,    40.761
   149.700,    40.775
   149.800,    40.789
   149.900,    40.803
   150.000,    40.817
   150.100,    40.831
   150.200,    40.845
   150.300,    40.859
   150.400,    40.873
   150.500,    40.887
   150.600,    40.901
   150.700,    40.915
   150.800,    40.929
   150.900,    40.943
   151.000,    40.957
   151.100,    40.971
   151.200,    40.985
   151.300,    40.999
   151.400,    41.013
   151.500,    41.027
   151.600,    41.041
   151.700,    41.055
   151.800,    41.068
   151.900,    41.082
   152.000,    41.096
   152.100,    41.110
   152.200,    41.124
   152.300,    41.138
   152.400,    41.152
   152.500,    41.166
   152.600,    41.180
   152.700,    41.194
   152.800,    41.207
   152.900,    41.221
   153.000,    41.235
   153.100,    41.249
   153.200,    41.263
   153.300,    41.277
   153.400,    41.291
   153.500,    41.304
   153.600,    41.318
   153.700,    41.332
   153.800,    41.346
   153.900,    41.360
   154.000,    41.374
   154.100,    41.387
   154.200,    41.401
   154.300,    41.415
   154.400,    41.429
   154.500,    41.443
   154.600,    41.456
   154.700,    41.470
   154.800,    41.484
   154.900,    41.498
   155.000,    41.511
   155.100,    41.525
   155.200,    41.539
   155.300,    41.553
   155.400,    41.566
   155.500,    41.580
   155.600,    41.594
   155.700,    41.608
   155.800,    41.621
   155.900,    41.635
   156.000,    41.649
   156.100,    41.663
   156.200,    41.676
   156.300,    41.690
   156.400,    41.704
   156.500,    41.717
   156.600,    41.731
   156.700,    41.745
   156.800,    41.759
   156.900,    41.772
   157.000,    41.786
   157.100,    41.800
   157.200,    41.813
   157.300,    41.827
   157.400,    41.841
   157.500,    41.854
   157.600,    41.868
   157.700,    41.882
   157.800,    41.895
   157.900,    41.909
   158.000,    41.922
   158.100,    41.936
   158.200,    41.950
   158.300,    41.963
   158.400,    41.977
   158.500,    41.991
   158.600,    42.004
   158.700,    42.018
   158.800,    42.031
   158.900,    42.045
   159.000,    42.059
   159.100,    42.072
   159.200,    42.086
   159.300,    42.099
   159.400,    42.113
   159.500,    42.126
   159.600,    42.140
   159.700,    42.154
   159.800,    42.167
   159.900,    42.181
   160.000,    42.194
   160.100,    42.208
   160.200,    42.221
   160.300,    42.235
   160.400,    42.248
   160.500,    42.262
   160.600,    42.275
   160.700,    42.289
   160.800,    42.302
   160.900,    42.316
   161.000,    42.329
   161.100,    42.343
   161.200,    42.356
   161.300,    42.370
   161.400,    42.383
   161.500,    42.397
   161.600,    42.410
   161.700,    42.424
   161.800,    42.437
   161.900,    42.451
   162.000,    42.464
   162.100,    42.478
   162.200,    42.491
   162.300,    42.505
   162.400,    42.518
   162.500,    42.531
   162.600,    42.545
   162.700,    42.558
   162.800,    42.572
   162.900,    42.585
   163.000,    42.599
   163.100,    42.612
   163.200,    42.625
   163.300,    42.639
   163.400,    42.652
   163.500,    42.666
   163.600,    42.679
   163.700,    42.692
   163.800,    42.706
   163.900,    42.719
   164.000,    42.733
   164.100,    42.746
   164.200,    42.759
   164.300,    42.773
   164.400,    42.786
   164.500,    42.799
   164.600,    42.813
   164.700,    42.826
   164.800,    42.839
   164.900,    42.853
   165.000,    42.866
   165.100,    42.879
   165.200,    42.893
   165.300,    42.906
   165.400,    42.919
   165.500,    42.933
   165.600,    42.946
   165.700,    42.959
   165.800,    42.973
   165.900,    42.986
   166.000,    42.999
   166.100,    43.013
   166.200,    43.026
   166.300,    43.039
   166.400,    43.052
   166.500,    43.066
   166.600,    43.079
   166.700,    43.092
   166.800,    43.105
   166.900,    43.119
   167.000,    43.132
   167.100,    43.145
   167.200,    43.158
   167.300,    43.172
   167.400,    43.185
   167.500,    43.198
   167.600,    43.211
   167.700,    43.225
   167.800,    43.238
   167.900,    43.251
   168.000,    43.264
   168.100,    43.277
   168.200,    43.291
   168.300,    43.304
   168.400,    43.317
   168.500,    43.330
   168.600,    43.343
   168.700,    43.357
   168.800,    43.370
   168.900,    43.383
   169.000,    43.396
   169.100,    43.409
   169.200,    43.422
   169.300,    43.436
   169.400,    43.449
   169.500,    43.462
   169.600,    43.475
   169.700,    43.488
   169.800,    43.501
   169.900,    43.514
   170.000,    43.528
   170.100,    43.541
   170.200,    43.554
   170.300,    43.567
   170.400,    43.580
   170.500,    43.593
   170.600,    43.606
   170.700,    43.619
   170.800,    43.633
   170.900,    43.646
   171.000,    43.659
   171.100,    43.672
   171.200,    43.685
   171.300,    43.698
   171.400,    43.711
   171.500,    43.724
   171.600,    43.737
   171.700,    43.750
   171.800,    43.763
   171.900,    43.776
   172.000,    43.789
   172.100,    43.802
   172.200,    43.816
   172.300,    43.829
   172.400,    43.842
   172.500,    43.855
   172.600,    43.868
   172.700,    43.881
   172.800,    43.894
   172.900,    43.907
   173.000,    43.920
   173.100,    43.933
   173.200,    43.946
   173.300,    43.959
   173.400,    43.972
   173.500,    43.985
   173.600,    43.998
   173.700,    44.011
   173.800,    44.024
   173.900,    44.037
   174.000,    44.050
   174.100,    44.063
   174.200,    44.076
   174.300,    44.089
   174.400,    44.102
   174.500,    44.115
   174.600,    44.127
   174.700,    44.140
   174.800,    44.153
   174.900,    44.166
   175.000,    44.179
   175.100,    44.192
   175.200,    44.205
   175.300,    44.218
   175.400,    44.231
   175.500,    44.244
   175.600,    44.257
   175.700,    44.270
   175.800,    44.283
   175.900,    44.296
   176.000,    44.308
   176.100,    44.321
   176.200,    44.334
   176.300,    44.347
   176.400,    44.360
   176.500,    44.373
   176.600,    44.386
   176.700,    44.399
   176.800,    44.411
   176.900,    44.424
   177.000,    44.437
   177.100,    44.450
   177.200,    44.463
   177.300,    44.476
   177.400,    44.489
   177.500,    44.501
   177.600,    44.514
   177.700,    44.527
   177.800,    44.540
   177.900,    44.553
   178.000,    44.566
   178.100,    44.578
   178.200,    44.591
   178.300,    44.604
   178.400,    44.617
   178.500,    44.630
   178.600,    44.643
   178.700,    44.655
   178.800,    44.668
   178.900,    44.681
   179.000,    44.694
   179.100,    44.706
   179.200,    44.719
   179.300,    44.732
   179.400,    44.745
   179.500,    44.758
   179.600,    44.770
   179.700,    44.783
   179.800,    44.796
   179.900,    44.809
   180.000,    44.821
   180.100,    44.834
   180.200,    44.847
   180.300,    44.860
   180.400,    44.872
   180.500,    44.885
   180.600,    44.898
   180.700,    44.911
   180.800,    44.923
   180.900,    44.936
   181.000,    44.949
   181.100,    44.961
   181.200,    44.974
   181.300,    44.987
   181.400,    45.000
   181.500,    45.012
   181.600,    45.025
   181.700,    45.038
   181.800,    45.050
   181.900,    45.063
   182.000,    45.076
   182.100,    45.088
   182.200,    45.101
   182.300,    45.114
   182.400,    45.126
   182.500,    45.139
   182.600,    45.152
   182.700,    45.164
   182.800,    45.177
   182.900,    45.190
   183.000,    45.202
   183.100,    45.215
   183.200,    45.228
   183.300,    45.240
   183.400,    45.253
   183.500,    45.265
   183.600,    45.278
   183.700,    45.291
   183.800,    45.303
   183.900,    45.316
   184.000,    45.329
   184.100,    45.341
   184.200,    45.354
   184.300,    45.366
   184.400,    45.379
   184.500,    45.392
   184.600,    45.404
   184.700,    45.417
   184.800,    45.429
   184.900,    45.442
   185.000,    45.454
   185.100,    45.467
   185.200,    45.480
   185.300,    45.492
   185.400,    45.505
   185.500,    45.517
   185.600,    45.530
   185.700,    45.542
   185.800,    45.555
   185.900,    45.567
   186.000,    45.580
   186.100,    45.593
   186.200,    45.605
   186.300,    45.618
   186.400,    45.630
   186.500,    45.643
   186.600,    45.655
   186.700,    45.668
   186.800,    45.680
   186.900,    45.693
   187.000,    45.705
   187.100,    45.718
   187.200,    45.730
   187.300,    45.743
   187.400,    45.755
   187.500,    45.768
   187.600,    45.780
   187.700,    45.793
   187.800,    45.805
   187.900,    45.818
   188.000,    45.830
   188.100,    45.843
   188.200,    45.855
   188.300,    45.867
   188.400,    45.880
   188.500,    45.892
   188.600,    45.905
   188.700,    45.917
   188.800,    45.930
   188.900,    45.942
   189.000,    45.955
   189.100,    45.967
   189.200,    45.980
   189.300,    45.992
   189.400,    46.004
   189.500,    46.017
   189.600,    46.029
   189.700,    46.042
   189.800,    46.054
   189.900,    46.066
   190.000,    46.079
   190.100,    46.091
   190.200,    46.104
   190.300,    46.116
   190.400,    46.128
   190.500,    46.141
   190.600,    46.153
   190.700,    46.166
   190.800,    46.178
   190.900,    46.190
   191.000,    46.203
   191.100,    46.215
   191.200,    46.227
   191.300,    46.240
   191.400,    46.252
   191.500,    46.264
   191.600,    46.277
   191.700,    46.289
   191.800,    46.302
   191.900,    46.314
   192.000,    46.326
   192.100,    46.339
   192.200,    46.351
   192.300,    46.363
   192.400,    46.376
   192.500,    46.388
   192.600,    46.400
   192.700,    46.412
   192.800,    46.425
   192.900,    46.437
   193.000,    46.449
   193.100,    46.462
   193.200,    46.474
   193.300,    46.486
   193.400,    46.499
   193.500,    46.511
   193.600,    46.523
   193.700,    46.535
   193.800,    46.548
   193.900,    46.560
   194.000,    46.572
   194.100,    46.585
   194.200,    46.597
   194.300,    46.609
   194.400,    46.621
   194.500,    46.634
   194.600,    46.646
   194.700,    46.658
   194.800,    46.670
   194.900,    46.683
   195.000,    46.695
   195.100,    46.707
   195.200,    46.719
   195.300,    46.732
   195.400,    46.744
   195.500,    46.756
   195.600,    46.768
   195.700,    46.780
   195.800,    46.793
   195.900,    46.805
   196.000,    46.817
   196.100,    46.829
   196.200,    46.841
   196.300,    46.854
   196.400,    46.866
   196.500,    46.878
   196.600,    46.890
   196.700,    46.902
   196.800,    46.915
   196.900,    46.927
   197.000,    46.939
   197.100,    46.951
   197.200,    46.963
   197.300,    46.976
   197.400,    46.988
   197.500,    47.000
   197.600,    47.012
   197.700,    47.024
   197.800,    47.036
   197.900,    47.048
   198.000,    47.061
   198.100,    47.073
   198.200,    47.085
   198.300,    47.097
   198.400,    47.109
   198.500,    47.121
   198.600,    47.133
   198.700,    47.146
   198.800,    47.158
   198.900,    47.170
   199.000,    47.182
   199.100,    47.194
   199.200,    47.206
   199.300,    47.218
   199.400,    47.230
   199.500,    47.242
   199.600,    47.254
   199.700,    47.267
   199.800,    47.279
   199.900,    47.291
   200.000,    47.303
   200.100,    47.315
   200.200,    47.327
   200.300,    47.339
   200.400,    47.351
   200.500,    47.363
   200.600,    47.375
   200.700,    47.387
   200.800,    47.399
   200.900,    47.411
   201.000,    47.424
   201.100,    47.436
   201.200,    47.448
   201.300,    47.460
   201.400,    47.472
   201.500,    47.484
   201.600,    47.496
   201.700,    47.508
   201.800,    47.520
   201.900,    47.532
   202.000,    47.544
   202.100,    47.556
   202.200,    47.568
   202.300,    47.580
   202.400,    47.592
   202.500,    47.604
   202.600,    47.616
   202.700,    47.628
   202.800,    47.640
   202.900,    47.652
   203.000,    47.664
   203.100,    47.676
   203.200,    47.688
   203.300,    47.700
   203.400,    47.712
   203.500,    47.724
   203.600,    47.736
   203.700,    47.748
   203.800,    47.760
   203.900,    47.772
   204.000,    47.784
   204.100,    47.796
   204.200,    47.808
   204.300,    47.820
   204.400,    47.831
   204.500,    47.843
   204.600,    47.855
   204.700,    47.867
   204.800,    47.879
   204.900,    47.891
   205.000,    47.903
   205.100,    47.915
   205.200,    47.927
   205.300,    47.939
   205.400,    47.951
   205.500,    47.963
   205.600,    47.975
   205.700,    47.987
   205.800,    47.998
   205.900,    48.010
   206.000,    48.022
   206.100,    48.034
   206.200,    48.046
   206.300,    48.058
   206.400,    48.070
   206.500,    48.082
   206.600,    48.094
   206.700,    48.106
   206.800,    48.117
   206.900,    48.129
   207.000,    48.141
   207.100,    48.153
   207.200,    48.165
   207.300,    48.177
   207.400,    48.189
   207.500,    48.200
   207.600,    48.212
   207.700,    48.224
   207.800,    48.236
   207.900,    48.248
   208.000,    48.260
   208.100,    48.272
   208.200,    48.283
   208.300,    48.295
   208.400,    48.307
   208.500,    48.319
   208.600,    48.331
   208.700,    48.343
   208.800,    48.354
   208.900,    48.366
   209.000,    48.378
   209.100,    48.390
   209.200,    48.402
   209.300,    48.413
   209.400,    48.425
   209.500,    48.437
   209.600,    48.449
   209.700,    48.461
   209.800,    48.472
   209.900,    48.484
   210.000,    48.496
   210.100,    48.508
   210.200,    48.520
   210.300,    48.531
   210.400,    48.543
   210.500,    48.555
   210.600,    48.567
   210.700,    48.578
   210.800,    48.590
   210.900,    48.602
   211.000,    48.614
   211.100,    48.625
   211.200,    48.637
   211.300,    48.649
   211.400,    48.661
   211.500,    48.672
   211.600,    48.684
   211.700,    48.696
   211.800,    48.708
   211.900,    48.719
   212.000,    48.731
   212.100,    48.743
   212.200,    48.755
   212.300,    48.766
   212.400,    48.778
   212.500,    48.790
   212.600,    48.801
   212.700,    48.813
   212.800,    48.825
   212.900,    48.837
   213.000,    48.848
   213.100,    48.860
   213.200,    48.872
   213.300,    48.883
   213.400,    48.895
   213.500,    48.907
   213.600,    48.918
   213.700,    48.930
   213.800,    48.942
   213.900,    48.953
   214.000,    48.965
   214.100,    48.977
   214.200,    48.988
   214.300,    49.000
   214.400,    49.012
   214.500,    49.023
   214.600,    49.035
   214.700,    49.047
   214.800,    49.058
   214.900,    49.070
   215.000,    49.082
   215.100,    49.093
   215.200,    49.105
   215.300,    49.117
   215.400,    49.128
   215.500,    49.140
   215.600,    49.151
   215.700,    49.163
   215.800,    49.175
   215.900,    49.186
   216.000,    49.198
   216.100,    49.210
   216.200,    49.221
   216.300,    49.233
   216.400,    49.244
   216.500,    49.256
   216.600,    49.268
   216.700,    49.279
   216.800,    49.291
   216.900,    49.302
   217.000,    49.314
   217.100,    49.326
   217.200,    49.337
   217.300,    49.349
   217.400,    49.360
   217.500,    49.372
   217.600,    49.383
   217.700,    49.395
   217.800,    49.407
   217.900,    49.418
   218.000,    49.430
   218.100,    49.441
   218.200,    49.453
   218.300,    49.464
   218.400,    49.476
   218.500,    49.488
   218.600,    49.499
   218.700,    49.511
   218.800,    49.522
   218.900,    49.534
   219.000,    49.545
   219.100,    49.557
   219.200,    49.568
   219.300,    49.580
   219.400,    49.591
   219.500,    49.603
   219.600,    49.614
   219.700,    49.626
   219.800,    49.637
   219.900,    49.649
   220.000,    49.660
   220.100,    49.672
   220.200,    49.683
   220.300,    49.695
   220.400,    49.706
   220.500,    49.718
   220.600,    49.729
   220.700,    49.741
   220.800,    49.752
   220.900,    49.764
   221.000,    49.775
   221.100,    49.787
   221.200,    49.798
   221.300,    49.810
   221.400,    49.821
   221.500,    49.833
   221.600,    49.844
   221.700,    49.856
   221.800,    49.867
   221.900,    49.879
   222.000,    49.890
   222.100,    49.902
   222.200,    49.913
   222.300,    49.924
   222.400,    49.936
   222.500,    49.947
   222.600,    49.959
   222.700,    49.970
   222.800,    49.982
   222.900,    49.993
   223.000,    50.004
   223.100,    50.016
   223.200,    50.027
   223.300,    50.039
   223.400,    50.050
   223.500,    50.062
   223.600,    50.073
   223.700,    50.084
   223.800,    50.096
   223.900,    50.107
   224.000,    50.119
   224.100,    50.130
   224.200,    50.141
   224.300,    50.153
   224.400,    50.164
   224.500,    50.176
   224.600,    50.187
   224.700,    50.198
   224.800,    50.210
   224.900,    50.221
   225.000,    50.233
   225.100,    50.244
   225.200,    50.255
   225.300,    50.267
   225.400,    50.278
   225.500,    50.289
   225.600,    50.301
   225.700,    50.312
   225.800,    50.323
   225.900,    50.335
   226.000,    50.346
   226.100,    50.358
   226.200,    50.369
   226.300,    50.380
   226.400,    50.392
   226.500,    50.403
   226.600,    50.414
   226.700,    50.426
   226.800,    50.437
   226.900,    50.448
   227.000,    50.460
   227.100,    50.471
   227.200,    50.482
   227.300,    50.494
   227.400,    50.505
   227.500,    50.516
   227.600,    50.527
   227.700,    50.539
   227.800,    50.550
   227.900,    50.561
   228.000,    50.573
   228.100,    50.584
   228.200,    50.595
   228.300,    50.607
   228.400,    50.618
   228.500,    50.629
   228.600,    50.640
   228.700,    50.652
   228.800,    50.663
   228.900,    50.674
   229.000,    50.686
   229.100,    50.697
   229.200,    50.708
   229.300,    50.719
   229.400,    50.731
   229.500,    50.742
   229.600,    50.753
   229.700,    50.764
   229.800,    50.776
   229.900,    50.787
   230.000,    50.798
   230.100,    50.809
   230.200,    50.821
   230.300,    50.832
   230.400,    50.843
   230.500,    50.854
   230.600,    50.866
   230.700,    50.877
   230.800,    50.888
   230.900,    50.899
   231.000,    50.911
   231.100,    50.922
   231.200,    50.933
   231.300,    50.944
   231.400,    50.955
   231.500,    50.967
   231.600,    50.978
   231.700,    50.989
   231.800,    51.000
   231.900,    51.012
   232.000,    51.023
   232.100,    51.034
   232.200,    51.045
   232.300,    51.056
   232.400,    51.067
   232.500,    51.079
   232.600,    51.090
   232.700,    51.101
   232.800,    51.112
   232.900,    51.123
   233.000,    51.135
   233.100,    51.146
   233.200,    51.157
   233.300,    51.168
   233.400,    51.179
   233.500,    51.190
   233.600,    51.202
   233.700,    51.213
   233.800,    51.224
   233.900,    51.235
   234.000,    51.246
   234.100,    51.257
   234.200,    51.269
   234.300,    51.280
   234.400,    51.291
   234.500,    51.302
   234.600,    51.313
   234.700,    51.324
   234.800,    51.335
   234.900,    51.347
   235.000,    51.358
   235.100,    51.369
   235.200,    51.380
   235.300,    51.391
   235.400,    51.402
   235.500,    51.413
   235.600,    51.424
   235.700,    51.435
   235.800,    51.447
   235.900,    51.458
   236.000,    51.469
   236.100,    51.480
   236.200,    51.491
   236.300,    51.502
   236.400,    51.513
   236.500,    51.524
   236.600,    51.535
   236.700,    51.546
   236.800,    51.558
   236.900,    51.569
   237.000,    51.580
   237.100,    51.591
   237.200,    51.602
   237.300,    51.613
   237.400,    51.624
   237.500,    51.635
   237.600,    51.646
   237.700,    51.657
   237.800,    51.668
   237.900,    51.679
   238.000,    51.690
   238.100,    51.701
   238.200,    51.712
   238.300,    51.724
   238.400,    51.735
   238.500,    51.746
   238.600,    51.757
   238.700,    51.768
   238.800,    51.779
   238.900,    51.790
   239.000,    51.801
   239.100,    51.812
   239.200,    51.823
   239.300,    51.834
   239.400,    51.845
   239.500,    51.856
   239.600,    51.867
   239.700,    51.878
   239.800,    51.889
   239.900,    51.900
   240.000,    51.911
   240.100,    51.922
   240.200,    51.933
   240.300,    51.944
   240.400,    51.955
   240.500,    51.966
   240.600,    51.977
   240.700,    51.988
   240.800,    51.999
   240.900,    52.010
   241.000,    52.021
   241.100,    52.032
   241.200,    52.043
   241.300,    52.054
   241.400,    52.065
   241.500,    52.076
   241.600,    52.087
   241.700,    52.098
   241.800,    52.109
   241.900,    52.120
   242.000,    52.131
   242.100,    52.142
   242.200,    52.153
   242.300,    52.164
   242.400,    52.175
   242.500,    52.186
   242.600,    52.196
   242.700,    52.207
   242.800,    52.218
   242.900,    52.229
   243.000,    52.240
   243.100,    52.251
   243.200,    52.262
   243.300,    52.273
   243.400,    52.284
   243.500,    52.295
   243.600,    52.306
   243.700,    52.317
   243.800,    52.328
   243.900,    52.339
   244.000,    52.350
   244.100,    52.360
   244.200,    52.371
   244.300,    52.382
   244.400,    52.393
   244.500,    52.404
   244.600,    52.415
   244.700,    52.426
   244.800,    52.437
   244.900,    52.448
   245.000,    52.459
   245.100,    52.469
   245.200,    52.480
   245.300,    52.491
   245.400,    52.502
   245.500,    52.513
   245.600,    52.524
   245.700,    52.535
   245.800,    52.546
   245.900,    52.557
   246.000,    52.567
   246.100,    52.578
   246.200,    52.589
   246.300,    52.600
   246.400,    52.611
   246.500,    52.622
   246.600,    52.633
   246.700,    52.643
   246.800,    52.654
   246.900,    52.665
   247.000,    52.676
   247.100,    52.687
   247.200,    52.698
   247.300,    52.709
   247.400,    52.719
   247.500,    52.730
   247.600,    52.741
   247.700,    52.752
   247.800,    52.763
   247.900,    52.774
   248.000,    52.784
   248.100,    52.795
   248.200,    52.806
   248.300,    52.817
   248.400,    52.828
   248.500,    52.839
   248.600,    52.849
   248.700,    52.860
   248.800,    52.871
   248.900,    52.882
   249.000,    52.893
   249.100,    52.903
   249.200,    52.914
   249.300,    52.925
   249.400,    52.936
   249.500,    52.947
   249.600,    52.957
   249.700,    52.968
   249.800,    52.979
   249.900,    52.990
   250.000,    53.000
   250.100,    53.011
   250.200,    53.022
   250.300,    53.033
   250.400,    53.044
   250.500,    53.054
   250.600,    53.065
   250.700,    53.076
   250.800,    53.087
   250.900,    53.097
   251.000,    53.108
   251.100,    53.119
   251.200,    53.130
   251.300,    53.140
   251.400,    53.151
   251.500,    53.162
   251.600,    53.173
   251.700,    53.183
   251.800,    53.194
   251.900,    53.205
   252.000,    53.216
   252.100,    53.226
   252.200,    53.237
   252.300,    53.248
   252.400,    53.259
   252.500,    53.269
   252.600,    53.280
   252.700,    53.291
   252.800,    53.302
   252.900,    53.312
   253.000,    53.323
   253.100,    53.334
   253.200,    53.344
   253.300,    53.355
   253.400,    53.366
   253.500,    53.377
   253.600,    53.387
   253.700,    53.398
   253.800,    53.409
   253.900,    53.419
   254.000,    53.430
   254.100,    53.441
   254.200,    53.451
   254.300,    53.462
   254.400,    53.473
   254.500,    53.484
   254.600,    53.494
   254.700,    53.505
   254.800,    53.516
   254.900,    53.526
   255.000,    53.537
   255.100,    53.548
   255.200,    53.558
   255.300,    53.569
   255.400,    53.580
   255.500,    53.590
   255.600,    53.601
   255.700,    53.612
   255.800,    53.622
   255.900,    53.633
   256.000,    53.644
   256.100,    53.654
   256.200,    53.665
   256.300,    53.676
   256.400,    53.686
   256.500,    53.697
   256.600,    53.707
   256.700,    53.718
   256.800,    53.729
   256.900,    53.739
   257.000,    53.750
   257.100,    53.761
   257.200,    53.771
   257.300,    53.782
   257.400,    53.792
   257.500,    53.803
   257.600,    53.814
   257.700,    53.824
   257.800,    53.835
   257.900,    53.846
   258.000,    53.856
   258.100,    53.867
   258.200,    53.877
   258.300,    53.888
   258.400,    53.899
   258.500,    53.909
   258.600,    53.920
   258.700,    53.930
   258.800,    53.941
   258.900,    53.952
   259.000,    53.962
   259.100,    53.973
   259.200,    53.983
   259.300,    53.994
   259.400,    54.005
   259.500,    54.015
   259.600,    54.026
   259.700,    54.036
   259.800,    54.047
   259.900,    54.057
   260.000,    54.068
   260.100,    54.079
   260.200,    54.089
   260.300,    54.100
   260.400,    54.110
   260.500,    54.121
   260.600,    54.131
   260.700,    54.142
   260.800,    54.153
   260.900,    54.163
   261.000,    54.174
   261.100,    54.184
   261.200,    54.195
   261.300,    54.205
   261.400,    54.216
   261.500,    54.226
   261.600,    54.237
   261.700,    54.247
   261.800,    54.258
   261.900,    54.268
   262.000,    54.279
   262.100,    54.290
   262.200,    54.300
   262.300,    54.311
   262.400,    54.321
   262.500,    54.332
   262.600,    54.342
   262.700,    54.353
   262.800,    54.363
   262.900,    54.374
   263.000,    54.384
   263.100,    54.395
   263.200,    54.405
   263.300,    54.416
   263.400,    54.426
   263.500,    54.437
   263.600,    54.447
   263.700,    54.458
   263.800,    54.468
   263.900,    54.479
   264.000,    54.489
   264.100,    54.500
   264.200,    54.510
   264.300,    54.521
   264.400,    54.531
   264.500,    54.542
   264.600,    54.552
   264.700,    54.563
   264.800,    54.573
   264.900,    54.583
   265.000,    54.594
   265.100,    54.604
   265.200,    54.615
   265.300,    54.625
   265.400,    54.636
   265.500,    54.646
   265.600,    54.657
   265.700,    54.667
   265.800,    54.678
   265.900,    54.688
   266.000,    54.699
   266.100,    54.709
   266.200,    54.719
   266.300,    54.730
   266.400,    54.740
   266.500,    54.751
   266.600,    54.761
   266.700,    54.772
   266.800,    54.782
   266.900,    54.792
   267.000,    54.803
   267.100,    54.813
   267.200,    54.824
   267.300,    54.834
   267.400,    54.845
   267.500,    54.855
   267.600,    54.865
   267.700,    54.876
   267.800,    54.886
   267.900,    54.897
   268.000,    54.907
   268.100,    54.917
   268.200,    54.928
   268.300,    54.938
   268.400,    54.949
   268.500,    54.959
   268.600,    54.969
   268.700,    54.980
   268.800,    54.990
   268.900,    55.001
   269.000,    55.011
   269.100,    55.021
   269.200,    55.032
   269.300,    55.042
   269.400,    55.053
   269.500,    55.063
   269.600,    55.073
   269.700,    55.084
   269.800,    55.094
   269.900,    55.104
   270.000,    55.115
   270.100,    55.125
   270.200,    55.136
   270.300,    55.146
   270.400,    55.156
   270.500,    55.167
   270.600,    55.177
   270.700,    55.187
   270.800,    55.198
   270.900,    55.208
   271.000,    55.218
   271.100,    55.229
   271.200,    55.239
   271.300,    55.249
   271.400,    55.260
   271.500,    55.270
   271.600,    55.281
   271.700,    55.291
   271.800,    55.301
   271.900,    55.312
   272.000,    55.322
   272.100,    55.332
   272.200,    55.342
   272.300,    55.353
   272.400,    55.363
   272.500,    55.373
   272.600,    55.384
   272.700,    55.394
   272.800,    55.404
   272.900,    55.415
   273.000,    55.425
   273.100,    55.435
   273.200,    55.446
   273.300,    55.456
   273.400,    55.466
   273.500,    55.477
   273.600,    55.487
   273.700,    55.497
   273.800,    55.507
   273.900,    55.518
   274.000,    55.528
   274.100,    55.538
   274.200,    55.549
   274.300,    55.559
   274.400,    55.569
   274.500,    55.579
   274.600,    55.590
   274.700,    55.600
   274.800,    55.610
   274.900,    55.621
   275.000,    55.631
   275.100,    55.641
   275.200,    55.651
   275.300,    55.662
   275.400,    55.672
   275.500,    55.682
   275.600,    55.692
   275.700,    55.703
   275.800,    55.713
   275.900,    55.723
   276.000,    55.734
   276.100,    55.744
   276.200,    55.754
   276.300,    55.764
   276.400,    55.775
   276.500,    55.785
   276.600,    55.795
   276.700,    55.805
   276.800,    55.815
   276.900,    55.826
   277.000,    55.836
   277.100,    55.846
   277.200,    55.856
   277.300,    55.867
   277.400,    55.877
   277.500,    55.887
   277.600,    55.897
   277.700,    55.908
   277.800,    55.918
   277.900,    55.928
   278.000,    55.938
   278.100,    55.948
   278.200,    55.959
   278.300,    55.969
   278.400,    55.979
   278.500,    55.989
   278.600,    55.999
   278.700,    56.010
   278.800,    56.020
   278.900,    56.030
   279.000,    56.040
   279.100,    56.050
   279.200,    56.061
   279.300,    56.071
   279.400,    56.081
   279.500,    56.091
   279.600,    56.101
   279.700,    56.112
   279.800,    56.122
   279.900,    56.132
   280.000,    56.142
   280.100,    56.152
   280.200,    56.163
   280.300,    56.173
   280.400,    56.183
   280.500,    56.193
   280.600,    56.203
   280.700,    56.213
   280.800,    56.224
   280.900,    56.234
   281.000,    56.244
   281.100,    56.254
   281.200,    56.264
   281.300,    56.274
   281.400,    56.284
   281.500,    56.295
   281.600,    56.305
   281.700,    56.315
   281.800,    56.325
   281.900,    56.335
   282.000,    56.345
   282.100,    56.356
   282.200,    56.366
   282.300,    56.376
   282.400,    56.386
   282.500,    56.396
   282.600,    56.406
   282.700,    56.416
   282.800,    56.426
   282.900,    56.437
   283.000,    56.447
   283.100,    56.457
   283.200,    56.467
   283.300,    56.477
   283.400,    56.487
   283.500,    56.497
   283.600,    56.507
   283.700,    56.518
   283.800,    56.528
   283.900,    56.538
   284.000,    56.548
   284.100,    56.558
   284.200,    56.568
   284.300,    56.578
   284.400,    56.588
   284.500,    56.598
   284.600,    56.608
   284.700,    56.619
   284.800,    56.629
   284.900,    56.639
   285.000,    56.649
   285.100,    56.659
   285.200,    56.669
   285.300,    56.679
   285.400,    56.689
   285.500,    56.699
   285.600,    56.709
   285.700,    56.719
   285.800,    56.729
   285.900,    56.740
   286.000,    56.750
   286.100,    56.760
   286.200,    56.770
   286.300,    56.780
   286.400,    56.790
   286.500,    56.800
   286.600,    56.810
   286.700,    56.820
   286.800,    56.830
   286.900,    56.840
   287.000,    56.850
   287.100,    56.860
   287.200,    56.870
   287.300,    56.880
   287.400,    56.890
   287.500,    56.900
   287.600,    56.911
   287.700,    56.921
   287.800,    56.931
   287.900,    56.941
   288.000,    56.951
   288.100,    56.961
   288.200,    56.971
   288.300,    56.981
   288.400,    56.991
   288.500,    57.001
   288.600,    57.011
   288.700,    57.021
   288.800,    57.031
   288.900,    57.041
   289.000,    57.051
   289.100,    57.061
   289.200,    57.071
   289.300,    57.081
   289.400,    57.091
   289.500,    57.101
   289.600,    57.111
   289.700,    57.121
   289.800,    57.131
   289.900,    57.141
   290.000,    57.151
   290.100,    57.161
   290.200,    57.171
   290.300,    57.181
   290.400,    57.191
   290.500,    57.201
   290.600,    57.211
   290.700,    57.221
   290.800,    57.231
   290.900,    57.241
   291.000,    57.251
   291.100,    57.261
   291.200,    57.271
   291.300,    57.281
   291.400,    57.291
   291.500,    57.301
   291.600,    57.311
   291.700,    57.321
   291.800,    57.331
   291.900,    57.341
   292.000,    57.351
   292.100,    57.361
   292.200,    57.371
   292.300,    57.381
   292.400,    57.391
   292.500,    57.400
   292.600,    57.410
   292.700,    57.420
   292.800,    57.430
   292.900,    57.440
   293.000,    57.450
   293.100,    57.460
   293.200,    57.470
   293.300,    57.480
   293.400,    57.490
   293.500,    57.500
   293.600,    57.510
   293.700,    57.520
   293.800,    57.530
   293.900,    57.540
   294.000,    57.550
   294.100,    57.560
   294.200,    57.569
   294.300,    57.579
   294.400,    57.589
   294.500,    57.599
   294.600,    57.609
   294.700,    57.619
   294.800,    57.629
   294.900,    57.639
   295.000,    57.649
   295.100,    57.659
   295.200,    57.669
   295.300,    57.679
   295.400,    57.688
   295.500,    57.698
   295.600,    57.708
   295.700,    57.718
   295.800,    57.728
   295.900,    57.738
   296.000,    57.748
   296.100,    57.758
   296.200,    57.768
   296.300,    57.778
   296.400,    57.787
   296.500,    57.797
   296.600,    57.807
   296.700,    57.817
   296.800,    57.827
   296.900,    57.837
   297.000,    57.847
   297.100,    57.857
   297.200,    57.866
   297.300,    57.876
   297.400,    57.886
   297.500,    57.896
   297.600,    57.906
   297.700,    57.916
   297.800,    57.926
   297.900,    57.936
   298.000,    57.945
   298.100,    57.955
   298.200,    57.965
   298.300,    57.975
   298.400,    57.985
   298.500,    57.995
   298.600,    58.005
   298.700,    58.014
   298.800,    58.024
   298.900,    58.034
   299.000,    58.044
   299.100,    58.054
   299.200,    58.064
   299.300,    58.074
   299.400,    58.083
   299.500,    58.093
   299.600,    58.103
   299.700,    58.113
   299.800,    58.123
