     0.000,     10.000
     0.100,     10.981
     0.200,     11.962
     0.300,     12.943
     0.400,     13.924
     0.500,     14.905
     0.600,     15.886
     0.700,     16.867
     0.800,     17.848
     0.900,     18.829
     1.000,     19.810
     1.100,     20.791
     1.200,     21.772
     1.300,     22.753
     1.400,     23.734
     1.500,     24.715
     1.600,     25.696
     1.700,     26.677
     1.800,     27.658
     1.900,     28.639
     2.000,     29.620
     2.100,     30.601
     2.200,     31.582
     2.300,     32.563
     2.400,     33.544
     2.500,     34.525
     2.600,     35.506
     2.700,     36.487
     2.800,     37.468
     2.900,     38.449
     3.000,     39.430
     3.100,     40.411
     3.200,     41.392
     3.300,     42.373
     3.400,     43.354
     3.500,     44.335
     3.600,     45.316
     3.700,     46.297
     3.800,     47.278
     3.900,     48.259
     4.000,     49.240
     4.100,     50.221
     4.200,     51.202
     4.300,     52.183
     4.400,     53.164
     4.500,     54.145
     4.600,     55.126
     4.700,     56.107
     4.800,     57.088
     4.900,     58.069
     5.000,     59.050
     5.100,     60.031
     5.200,     61.012
     5.300,     61.993
     5.400,     62.974
     5.500,     63.955
     5.600,     64.936
     5.700,     65.917
     5.800,     66.898
     5.900,     67.879
     6.000,     68.860
     6.100,     69.841
     6.200,     70.822
     6.300,     71.803
     6.400,     72.784
     6.500,     73.765
     6.600,     74.746
     6.700,     75.727
     6.800,     76.708
     6.900,     77.689
     7.000,     78.670
     7.100,     79.651
     7.200,     80.632
     7.300,     81.613
     7.400,     82.594
     7.500,     83.575
     7.600,     84.556
     7.700,     85.537
     7.800,     86.518
     7.900,     87.499
     8.000,     88.480
     8.100,     89.461
     8.200,     90.442
     8.300,     91.423
     8.400,     92.404
     8.500,     93.385
     8.600,     94.366
     8.700,     95.347
     8.800,     96.328
     8.900,     97.309
     9.000,     98.290
     9.100,     99.271
     9.200,    100.252
     9.300,    101.233
     9.400,    102.214
     9.500,    103.195
     9.600,    104.176
     9.700,    105.157
     9.800,    106.138
     9.900,    107.119
    10.000,    108.100
    10.100,    109.081
    10.200,    110.062
    10.300,    111.043
    10.400,    112.024
    10.500,    113.005
    10.600,    113.986
    10.700,    114.967
    10.800,    115.948
    10.900,    116.929
    11.000,    117.910
    11.100,    118.891
    11.200,    119.872
    11.300,    120.853
    11.400,    121.834
    11.500,    122.815
    11.600,    123.796
    11.700,    124.777
    11.800,    125.758
    11.900,    126.739
    12.000,    127.720
    12.100,    128.701
    12.200,    129.682
    12.300,    130.663
    12.400,    131.644
    12.500,    132.625
    12.600,    133.606
    12.700,    134.587
    12.800,    135.568
    12.900,    136.549
    13.000,    137.530
    13.100,    138.511
    13.200,    139.492
    13.300,    140.473
    13.400,    141.454
    13.500,    142.435
    13.600,    143.416
    13.700,    144.397
    13.800,    145.378
    13.900,    146.359
    14.000,    147.340
    14.100,    148.321
    14.200,    149.302
    14.300,    150.283
    14.400,    151.264
    14.500,    152.245
    14.600,    153.226
    14.700,    154.207
    14.800,    155.188
    14.900,    156.169
    15.000,    157.150
    15.100,    158.131
    15.200,    159.112
    15.300,    160.093
    15.400,    161.074
    15.500,    162.055
    15.600,    163.036
    15.700,    164.017
    15.800,    164.998
    15.900,    165.979
    16.000,    166.960
    16.100,    167.941
    16.200,    168.922
    16.300,    169.903
    16.400,    170.884
    16.500,    171.865
    16.600,    172.846
    16.700,    173.827
    16.800,    174.808
    16.900,    175.789
    17.000,    176.770
    17.100,    177.751
    17.200,    178.732
    17.300,    179.713
    17.400,    180.694
    17.500,    181.675
    17.600,    182.656
    17.700,    183.637
    17.800,    184.618
    17.900,    185.599
    18.000,    186.580
    18.100,    187.561
    18.200,    188.542
    18.300,    189.523
    18.400,    190.504
    18.500,    191.485
    18.600,    192.466
    18.700,    193.447
    18.800,    194.428
    18.900,    195.409
    19.000,    196.390
    19.100,    197.371
    19.200,    198.352
    19.300,    199.333
    19.400,    200.314
    19.500,    201.295
    19.600,    202.276
    19.700,    203.257
    19.800,    204.238
    19.900,    205.219
    20.000,    206.200
    20.100,    207.181
    20.200,    208.162
    20.300,    209.143
    20.400,    210.124
    20.500,    211.105
    20.600,    212.086
    20.700,    213.067
    20.800,    214.048
    20.900,    215.029
    21.000,    216.010
    21.100,    216.991
    21.200,    217.972
    21.300,    218.953
    21.400,    219.934
    21.500,    220.915
    21.600,    221.896
    21.700,    222.877
    21.800,    223.858
    21.900,    224.839
    22.000,    225.820
    22.100,    226.801
    22.200,    227.782
    22.300,    228.763
    22.400,    229.744
    22.500,    230.725
    22.600,    231.706
    22.700,    232.687
    22.800,    233.668
    22.900,    234.649
    23.000,    235.630
    23.100,    236.611
    23.200,    237.592
    23.300,    238.573
    23.400,    239.554
    23.500,    240.535
    23.600,    241.516
    23.700,    242.497
    23.800,    243.478
    23.900,    244.459
    24.000,    245.440
    24.100,    246.421
    24.200,    247.402
    24.300,    248.383
    24.400,    249.364
    24.500,    250.345
    24.600,    251.326
    24.700,    252.307
    24.800,    253.288
    24.900,    254.269
    25.000,    255.250
    25.100,    256.231
    25.200,    257.212
    25.300,    258.193
    25.400,    259.174
    25.500,    260.155
    25.600,    261.136
    25.700,    262.117
    25.800,    263.098
    25.900,    264.079
    26.000,    265.060
    26.100,    266.041
    26.200,    267.022
    26.300,    268.003
    26.400,    268.984
    26.500,    269.965
    26.600,    270.946
    26.700,    271.927
    26.800,    272.908
    26.900,    273.889
    27.000,    274.870
    27.100,    275.851
    27.200,    276.832
    27.300,    277.813
    27.400,    278.794
    27.500,    279.775
    27.600,    280.756
    27.700,    281.737
    27.800,    282.718
    27.900,    283.699
    28.000,    284.680
    28.100,    285.661
    28.200,    286.642
    28.300,    287.623
    28.400,    288.604
    28.500,    289.585
    28.600,    290.566
    28.700,    291.547
    28.800,    292.528
    28.900,    293.509
    29.000,    294.490
    29.100,    295.471
    29.200,    296.452
    29.300,    297.433
    29.400,    298.414
    29.500,    299.395
    29.600,    300.376
    29.700,    301.357
    29.800,    302.338
    29.900,    303.319
    30.000,    304.300
    30.100,    305.281
    30.200,    306.262
    30.300,    307.243
    30.400,    308.224
    30.500,    309.205
    30.600,    310.186
    30.700,    311.167
    30.800,    312.148
    30.900,    313.129
    31.000,    314.110
    31.100,    315.091
    31.200,    316.072
    31.300,    317.053
    31.400,    318.034
    31.500,    319.015
    31.600,    319.996
    31.700,    320.977
    31.800,    321.958
    31.900,    322.939
    32.000,    323.920
    32.100,    324.901
    32.200,    325.882
    32.300,    326.863
    32.400,    327.844
    32.500,    328.825
    32.600,    329.806
    32.700,    330.787
    32.800,    331.768
    32.900,    332.749
    33.000,    333.730
    33.100,    334.711
    33.200,    335.692
    33.300,    336.673
    33.400,    337.654
    33.500,    338.635
    33.600,    339.616
    33.700,    340.597
    33.800,    341.578
    33.900,    342.559
    34.000,    343.540
    34.100,    344.521
    34.200,    345.502
    34.300,    346.483
    34.400,    347.464
    34.500,    348.445
    34.600,    349.426
    34.700,    350.407
    34.800,    351.388
    34.900,    352.369
    35.000,    353.350
    35.100,    354.331
    35.200,    355.312
    35.300,    356.293
    35.400,    357.274
    35.500,    358.255
    35.600,    359.236
    35.700,    360.217
    35.800,    361.198
    35.900,    362.179
    36.000,    363.160
    36.100,    364.141
    36.200,    365.122
    36.300,    366.103
    36.400,    367.084
    36.500,    368.065
    36.600,    369.046
    36.700,    370.027
    36.800,    371.008
    36.900,    371.989
    37.000,    372.970
    37.100,    373.951
    37.200,    374.932
    37.300,    375.913
    37.400,    376.894
    37.500,    377.875
    37.600,    378.856
    37.700,    379.837
    37.800,    380.818
    37.900,    381.799
    38.000,    382.780
    38.100,    383.761
    38.200,    384.742
    38.300,    385.723
    38.400,    386.704
    38.500,    387.685
    38.600,    388.666
    38.700,    389.647
    38.800,    390.628
    38.900,    391.609
    39.000,    392.590
    39.100,    393.571
    39.200,    394.552
    39.300,    395.533
    39.400,    396.514
    39.500,    397.495
    39.600,    398.476
    39.700,    399.457
    39.800,    400.438
    39.900,    401.419
    40.000,    402.400
    40.100,    403.381
    40.200,    404.362
    40.300,    405.343
    40.400,    406.324
    40.500,    407.305
    40.600,    408.286
    40.700,    409.267
    40.800,    410.248
    40.900,    411.229
    41.000,    412.210
    41.100,    413.191
    41.200,    414.172
    41.300,    415.153
    41.400,    416.134
    41.500,    417.115
    41.600,    418.096
    41.700,    419.077
    41.800,    420.058
    41.900,    421.039
    42.000,    422.020
    42.100,    423.001
    42.200,    423.982
    42.300,    424.963
    42.400,    425.944
    42.500,    426.925
    42.600,    427.906
    42.700,    428.887
    42.800,    429.868
    42.900,    430.849
    43.000,    431.830
    43.100,    432.811
    43.200,    433.792
    43.300,    434.773
    43.400,    435.754
    43.500,    436.735
    43.600,    437.716
    43.700,    438.697
    43.800,    439.678
    43.900,    440.659
    44.000,    441.640
    44.100,    442.621
    44.200,    443.602
    44.300,    444.583
    44.400,    445.564
    44.500,    446.545
    44.600,    447.526
    44.700,    448.507
    44.800,    449.488
    44.900,    450.469
    45.000,    451.450
    45.100,    452.431
    45.200,    453.412
    45.300,    454.393
    45.400,    455.374
    45.500,    456.355
    45.600,    457.336
    45.700,    458.317
    45.800,    459.298
    45.900,    460.279
    46.000,    461.260
    46.100,    462.241
    46.200,    463.222
    46.300,    464.203
    46.400,    465.184
    46.500,    466.165
    46.600,    467.146
    46.700,    468.127
    46.800,    469.108
    46.900,    470.089
    47.000,    471.070
    47.100,    472.051
    47.200,    473.032
    47.300,    474.013
    47.400,    474.994
    47.500,    475.975
    47.600,    476.956
    47.700,    477.937
    47.800,    478.918
    47.900,    479.899
    48.000,    480.880
    48.100,    481.861
    48.200,    482.842
    48.300,    483.823
    48.400,    484.804
    48.500,    485.785
    48.600,    486.766
    48.700,    487.747
    48.800,    488.728
    48.900,    489.709
    49.000,    490.690
    49.100,    491.671
    49.200,    492.652
    49.300,    493.633
    49.400,    494.614
    49.500,    495.595
    49.600,    496.576
    49.700,    497.557
    49.800,    498.538
    49.900,    499.519
    50.000,    500.500
    50.100,    501.481
    50.200,    502.462
    50.300,    503.443
    50.400,    504.424
    50.500,    505.405
    50.600,    506.386
    50.700,    507.367
    50.800,    508.348
    50.900,    509.329
    51.000,    510.310
    51.100,    511.291
    51.200,    512.272
    51.300,    513.253
    51.400,    514.234
    51.500,    515.215
    51.600,    516.196
    51.700,    517.177
    51.800,    518.158
    51.900,    519.139
    52.000,    520.120
    52.100,    521.101
    52.200,    522.082
    52.300,    523.063
    52.400,    524.044
    52.500,    525.025
    52.600,    526.006
    52.700,    526.987
    52.800,    527.968
    52.900,    528.949
    53.000,    529.930
    53.100,    530.911
    53.200,    531.892
    53.300,    532.873
    53.400,    533.854
    53.500,    534.835
    53.600,    535.816
    53.700,    536.797
    53.800,    537.778
    53.900,    538.759
    54.000,    539.740
    54.100,    540.721
    54.200,    541.702
    54.300,    542.683
    54.400,    543.664
    54.500,    544.645
    54.600,    545.626
    54.700,    546.607
    54.800,    547.588
    54.900,    548.569
    55.000,    549.550
    55.100,    550.531
    55.200,    551.512
    55.300,    552.493
    55.400,    553.474
    55.500,    554.455
    55.600,    555.436
    55.700,    556.417
    55.800,    557.398
    55.900,    558.379
    56.000,    559.360
    56.100,    560.341
    56.200,    561.322
    56.300,    562.303
    56.400,    563.284
    56.500,    564.265
    56.600,    565.246
    56.700,    566.227
    56.800,    567.208
    56.900,    568.189
    57.000,    569.170
    57.100,    570.151
    57.200,    571.132
    57.300,    572.113
    57.400,    573.094
    57.500,    574.075
    57.600,    575.056
    57.700,    576.037
    57.800,    577.018
    57.900,    577.999
    58.000,    578.980
    58.100,    579.961
    58.200,    580.942
    58.300,    581.923
    58.400,    582.904
    58.500,    583.885
    58.600,    584.866
    58.700,    585.847
    58.800,    586.828
    58.900,    587.809
    59.000,    588.790
    59.100,    589.771
    59.200,    590.752
    59.300,    591.733
    59.400,    592.714
    59.500,    593.695
    59.600,    594.676
    59.700,    595.657
    59.800,    596.638
    59.900,    597.619
    60.000,    598.600
    60.100,    599.581
    60.200,    600.562
    60.300,    601.543
    60.400,    602.524
    60.500,    603.505
    60.600,    604.486
    60.700,    605.467
    60.800,    606.448
    60.900,    607.429
    61.000,    608.410
    61.100,    609.391
    61.200,    610.372
    61.300,    611.353
    61.400,    612.334
    61.500,    613.315
    61.600,    614.296
    61.700,    615.277
    61.800,    616.258
    61.900,    617.239
    62.000,    618.220
    62.100,    619.201
    62.200,    620.182
    62.300,    621.163
    62.400,    622.144
    62.500,    623.125
    62.600,    624.106
    62.700,    625.087
    62.800,    626.068
    62.900,    627.049
    63.000,    628.030
    63.100,    629.011
    63.200,    629.992
    63.300,    630.973
    63.400,    631.954
    63.500,    632.935
    63.600,    633.916
    63.700,    634.897
    63.800,    635.878
    63.900,    636.859
    64.000,    637.840
    64.100,    638.821
    64.200,    639.802
    64.300,    640.783
    64.400,    641.764
    64.500,    642.745
    64.600,    643.726
    64.700,    644.707
    64.800,    645.688
    64.900,    646.669
    65.000,    647.650
    65.100,    648.631
    65.200,    649.612
    65.300,    650.593
    65.400,    651.574
    65.500,    652.555
    65.600,    653.536
    65.700,    654.517
    65.800,    655.498
    65.900,    656.479
    66.000,    657.460
    66.100,    658.441
    66.200,    659.422
    66.300,    660.403
    66.400,    661.384
    66.500,    662.365
    66.600,    663.346
    66.700,    664.327
    66.800,    665.308
    66.900,    666.289
    67.000,    667.270
    67.100,    668.251
    67.200,    669.232
    67.300,    670.213
    67.400,    671.194
    67.500,    672.175
    67.600,    673.156
    67.700,    674.137
    67.800,    675.118
    67.900,    676.099
    68.000,    677.080
    68.100,    678.061
    68.200,    679.042
    68.300,    680.023
    68.400,    681.004
    68.500,    681.985
    68.600,    682.966
    68.700,    683.947
    68.800,    684.928
    68.900,    685.909
    69.000,    686.890
    69.100,    687.871
    69.200,    688.852
    69.300,    689.833
    69.400,    690.814
    69.500,    691.795
    69.600,    692.776
    69.700,    693.757
    69.800,    694.738
    69.900,    695.719
    70.000,    696.700
    70.100,    697.681
    70.200,    698.662
    70.300,    699.643
    70.400,    700.624
    70.500,    701.605
    70.600,    702.586
    70.700,    703.567
    70.800,    704.548
    70.900,    705.529
    71.000,    706.510
    71.100,    707.491
    71.200,    708.472
    71.300,    709.453
    71.400,    710.434
    71.500,    711.415
    71.600,    712.396
    71.700,    713.377
    71.800,    714.358
    71.900,    715.339
    72.000,    716.320
    72.100,    717.301
    72.200,    718.282
    72.300,    719.263
    72.400,    720.244
    72.500,    721.225
    72.600,    722.206
    72.700,    723.187
    72.800,    724.168
    72.900,    725.149
    73.000,    726.130
    73.100,    727.111
    73.200,    728.092
    73.300,    729.073
    73.400,    730.054
    73.500,    731.035
    73.600,    732.016
    73.700,    732.997
    73.800,    733.978
    73.900,    734.959
    74.000,    735.940
    74.100,    736.921
    74.200,    737.902
    74.300,    738.883
    74.400,    739.864
    74.500,    740.845
    74.600,    741.826
    74.700,    742.807
    74.800,    743.788
    74.900,    744.769
    75.000,    745.750
    75.100,    746.731
    75.200,    747.712
    75.300,    748.693
    75.400,    749.674
    75.500,    750.655
    75.600,    751.636
    75.700,    752.617
    75.800,    753.598
    75.900,    754.579
    76.000,    755.560
    76.100,    756.541
    76.200,    757.522
    76.300,    758.503
    76.400,    759.484
    76.500,    760.465
    76.600,    761.446
    76.700,    762.427
    76.800,    763.408
    76.900,    764.389
    77.000,    765.370
    77.100,    766.351
    77.200,    767.332
    77.300,    768.313
    77.400,    769.294
    77.500,    770.275
    77.600,    771.256
    77.700,    772.237
    77.800,    773.218
    77.900,    774.199
    78.000,    775.180
    78.100,    776.161
    78.200,    777.142
    78.300,    778.123
    78.400,    779.104
    78.500,    780.085
    78.600,    781.066
    78.700,    782.047
    78.800,    783.028
    78.900,    784.009
    79.000,    784.990
    79.100,    785.971
    79.200,    786.952
    79.300,    787.933
    79.400,    788.914
    79.500,    789.895
    79.600,    790.876
    79.700,    791.857
    79.800,    792.838
    79.900,    793.819
    80.000,    794.800
    80.100,    795.781
    80.200,    796.762
    80.300,    797.743
    80.400,    798.724
    80.500,    799.705
    80.600,    800.686
    80.700,    801.667
    80.800,    802.648
    80.900,    803.629
    81.000,    804.610
    81.100,    805.591
    81.200,    806.572
    81.300,    807.553
    81.400,    808.534
    81.500,    809.515
    81.600,    810.496
    81.700,    811.477
    81.800,    812.458
    81.900,    813.439
    82.000,    814.420
    82.100,    815.401
    82.200,    816.382
    82.300,    817.363
    82.400,    818.344
    82.500,    819.325
    82.600,    820.306
    82.700,    821.287
    82.800,    822.268
    82.900,    823.249
    83.000,    824.230
    83.100,    825.211
    83.200,    826.192
    83.300,    827.173
    83.400,    828.154
    83.500,    829.135
    83.600,    830.116
    83.700,    831.097
    83.800,    832.078
    83.900,    833.059
    84.000,    834.040
    84.100,    835.021
    84.200,    836.002
    84.300,    836.983
    84.400,    837.964
    84.500,    838.945
    84.600,    839.926
    84.700,    840.907
    84.800,    841.888
    84.900,    842.869
    85.000,    843.850
    85.100,    844.831
    85.200,    845.812
    85.300,    846.793
    85.400,    847.774
    85.500,    848.755
    85.600,    849.736
    85.700,    850.717
    85.800,    851.698
    85.900,    852.679
    86.000,    853.660
    86.100,    854.641
    86.200,    855.622
    86.300,    856.603
    86.400,    857.584
    86.500,    858.565
    86.600,    859.546
    86.700,    860.527
    86.800,    861.508
    86.900,    862.489
    87.000,    863.470
    87.100,    864.451
    87.200,    865.432
    87.300,    866.413
    87.400,    867.394
    87.500,    868.375
    87.600,    869.356
    87.700,    870.337
    87.800,    871.318
    87.900,    872.299
    88.000,    873.280
    88.100,    874.261
    88.200,    875.242
    88.300,    876.223
    88.400,    877.204
    88.500,    878.185
    88.600,    879.166
    88.700,    880.147
    88.800,    881.128
    88.900,    882.109
    89.000,    883.090
    89.100,    884.071
    89.200,    885.052
    89.300,    886.033
    89.400,    887.014
    89.500,    887.995
    89.600,    888.976
    89.700,    889.957
    89.800,    890.938
    89.900,    891.919
    90.000,    892.900
    90.100,    893.881
    90.200,    894.862
    90.300,    895.843
    90.400,    896.824
    90.500,    897.805
    90.600,    898.786
    90.700,    899.767
    90.800,    900.748
    90.900,    901.729
    91.000,    902.710
    91.100,    903.691
    91.200,    904.672
    91.300,    905.653
    91.400,    906.634
    91.500,    907.615
    91.600,    908.596
    91.700,    909.577
    91.800,    910.558
    91.900,    911.539
    92.000,    912.520
    92.100,    913.501
    92.200,    914.482
    92.300,    915.463
    92.400,    916.444
    92.500,    917.425
    92.600,    918.406
    92.700,    919.387
    92.800,    920.368
    92.900,    921.349
    93.000,    922.330
    93.100,    923.311
    93.200,    924.292
    93.300,    925.273
    93.400,    926.254
    93.500,    927.235
    93.600,    928.216
    93.700,    929.197
    93.800,    930.178
    93.900,    931.159
    94.000,    932.140
    94.100,    933.121
    94.200,    934.102
    94.300,    935.083
    94.400,    936.064
    94.500,    937.045
    94.600,    938.026
    94.700,    939.007
    94.800,    939.988
    94.900,    940.969
    95.000,    941.950
    95.100,    942.931
    95.200,    943.912
    95.300,    944.893
    95.400,    945.874
    95.500,    946.855
    95.600,    947.836
    95.700,    948.817
    95.800,    949.798
    95.900,    950.779
    96.000,    951.760
    96.100,    952.741
    96.200,    953.722
    96.300,    954.703
    96.400,    955.684
    96.500,    956.665
    96.600,    957.646
    96.700,    958.627
    96.800,    959.608
    96.900,    960.589
    97.000,    961.570
    97.100,    962.551
    97.200,    963.532
    97.300,    964.513
    97.400,    965.494
    97.500,    966.475
    97.600,    967.456
    97.700,    968.437
    97.800,    969.418
    97.900,    970.399
    98.000,    971.380
    98.100,    972.361
    98.200,    973.342
    98.300,    974.323
    98.400,    975.304
    98.500,    976.285
    98.600,    977.266
    98.700,    978.247
    98.800,    979.228
    98.900,    980.209
    99.000,    981.190
    99.100,    982.171
    99.200,    983.152
    99.300,    984.133
    99.400,    985.114
    99.500,    986.095
    99.600,    987.076
    99.700,    988.057
    99.800,    989.038
    99.900,    990.019
   100.000,    991.000
   100.100,    991.981
   100.200,    992.962
   100.300,    993.943
   100.400,    994.924
   100.500,    995.905
   100.600,    996.886
   100.700,    997.867
   100.800,    998.848
   100.900,    999.829
   101.000,   1000.810
   101.100,   1001.791
   101.200,   1002.772
   101.300,   1003.753
   101.400,   1004.734
   101.500,   1005.715
   101.600,   1006.696
   101.700,   1007.677
   101.800,   1008.658
   101.900,   1009.639
   102.000,   1010.620
   102.100,   1011.601
   102.200,   1012.582
   102.300,   1013.563
   102.400,   1014.544
   102.500,   1015.525
   102.600,   1016.506
   102.700,   1017.487
   102.800,   1018.468
   102.900,   1019.449
   103.000,   1020.430
   103.100,   1021.411
   103.200,   1022.392
   103.300,   1023.373
   103.400,   1024.354
   103.500,   1025.335
   103.600,   1026.316
   103.700,   1027.297
   103.800,   1028.278
   103.900,   1029.259
   104.000,   1030.240
   104.100,   1031.221
   104.200,   1032.202
   104.300,   1033.183
   104.400,   1034.164
   104.500,   1035.145
   104.600,   1036.126
   104.700,   1037.107
   104.800,   1038.088
   104.900,   1039.069
   105.000,   1040.050
   105.100,   1041.031
   105.200,   1042.012
   105.300,   1042.993
   105.400,   1043.974
   105.500,   1044.955
   105.600,   1045.936
   105.700,   1046.917
   105.800,   1047.898
   105.900,   1048.879
   106.000,   1049.860
   106.100,   1050.841
   106.200,   1051.822
   106.300,   1052.803
   106.400,   1053.784
   106.500,   1054.765
   106.600,   1055.746
   106.700,   1056.727
   106.800,   1057.708
   106.900,   1058.689
   107.000,   1059.670
   107.100,   1060.651
   107.200,   1061.632
   107.300,   1062.613
   107.400,   1063.594
   107.500,   1064.575
   107.600,   1065.556
   107.700,   1066.537
   107.800,   1067.518
   107.900,   1068.499
   108.000,   1069.480
   108.100,   1070.461
   108.200,   1071.442
   108.300,   1072.423
   108.400,   1073.404
   108.500,   1074.385
   108.600,   1075.366
   108.700,   1076.347
   108.800,   1077.328
   108.900,   1078.309
   109.000,   1079.290
   109.100,   1080.271
   109.200,   1081.252
   109.300,   1082.233
   109.400,   1083.214
   109.500,   1084.195
   109.600,   1085.176
   109.700,   1086.157
   109.800,   1087.138
   109.900,   1088.119
   110.000,   1089.100
   110.100,   1090.081
   110.200,   1091.062
   110.300,   1092.043
   110.400,   1093.024
   110.500,   1094.005
   110.600,   1094.986
   110.700,   1095.967
   110.800,   1096.948
   110.900,   1097.929
   111.000,   1098.910
   111.100,   1099.891
   111.200,   1100.872
   111.300,   1101.853
   111.400,   1102.834
   111.500,   1103.815
   111.600,   1104.796
   111.700,   1105.777
   111.800,   1106.758
   111.900,   1107.739
   112.000,   1108.720
   112.100,   1109.701
   112.200,   1110.682
   112.300,   1111.663
   112.400,   1112.644
   112.500,   1113.625
   112.600,   1114.606
   112.700,   1115.587
   112.800,   1116.568
   112.900,   1117.549
   113.000,   1118.530
   113.100,   1119.511
   113.200,   1120.492
   113.300,   1121.473
   113.400,   1122.454
   113.500,   1123.435
   113.600,   1124.416
   113.700,   1125.397
   113.800,   1126.378
   113.900,   1127.359
   114.000,   1128.340
   114.100,   1129.321
   114.200,   1130.302
   114.300,   1131.283
   114.400,   1132.264
   114.500,   1133.245
   114.600,   1134.226
   114.700,   1135.207
   114.800,   1136.188
   114.900,   1137.169
   115.000,   1138.150
   115.100,   1139.131
   115.200,   1140.112
   115.300,   1141.093
   115.400,   1142.074
   115.500,   1143.055
   115.600,   1144.036
   115.700,   1145.017
   115.800,   1145.998
   115.900,   1146.979
   116.000,   1147.960
   116.100,   1148.941
   116.200,   1149.922
   116.300,   1150.903
   116.400,   1151.884
   116.500,   1152.865
   116.600,   1153.846
   116.700,   1154.827
   116.800,   1155.808
   116.900,   1156.789
   117.000,   1157.770
   117.100,   1158.751
   117.200,   1159.732
   117.300,   1160.713
   117.400,   1161.694
   117.500,   1162.675
   117.600,   1163.656
   117.700,   1164.637
   117.800,   1165.618
   117.900,   1166.599
   118.000,   1167.580
   118.100,   1168.561
   118.200,   1169.542
   118.300,   1170.523
   118.400,   1171.504
   118.500,   1172.485
   118.600,   1173.466
   118.700,   1174.447
   118.800,   1175.428
   118.900,   1176.409
   119.000,   1177.390
   119.100,   1178.371
   119.200,   1179.352
   119.300,   1180.333
   119.400,   1181.314
   119.500,   1182.295
   119.600,   1183.276
   119.700,   1184.257
   119.800,   1185.238
   119.900,   1186.219
   120.000,   1187.200
   120.100,   1188.181
   120.200,   1189.162
   120.300,   1190.143
   120.400,   1191.124
   120.500,   1192.105
   120.600,   1193.086
   120.700,   1194.067
   120.800,   1195.048
   120.900,   1196.029
   121.000,   1197.010
   121.100,   1197.991
   121.200,   1198.972
   121.300,   1199.953
   121.400,   1200.934
   121.500,   1201.915
   121.600,   1202.896
   121.700,   1203.877
   121.800,   1204.858
   121.900,   1205.839
   122.000,   1206.820
   122.100,   1207.801
   122.200,   1208.782
   122.300,   1209.763
   122.400,   1210.744
   122.500,   1211.725
   122.600,   1212.706
   122.700,   1213.687
   122.800,   1214.668
   122.900,   1215.649
   123.000,   1216.630
   123.100,   1217.611
   123.200,   1218.592
   123.300,   1219.573
   123.400,   1220.554
   123.500,   1221.535
   123.600,   1222.516
   123.700,   1223.497
   123.800,   1224.478
   123.900,   1225.459
   124.000,   1226.440
   124.100,   1227.421
   124.200,   1228.402
   124.300,   1229.383
   124.400,   1230.364
   124.500,   1231.345
   124.600,   1232.326
   124.700,   1233.307
   124.800,   1234.288
   124.900,   1235.269
   125.000,   1236.250
   125.100,   1237.231
   125.200,   1238.212
   125.300,   1239.193
   125.400,   1240.174
   125.500,   1241.155
   125.600,   1242.136
   125.700,   1243.117
   125.800,   1244.098
   125.900,   1245.079
   126.000,   1246.060
   126.100,   1247.041
   126.200,   1248.022
   126.300,   1249.003
   126.400,   1249.984
   126.500,   1250.965
   126.600,   1251.946
   126.700,   1252.927
   126.800,   1253.908
   126.900,   1254.889
   127.000,   1255.870
   127.100,   1256.851
   127.200,   1257.832
   127.300,   1258.813
   127.400,   1259.794
   127.500,   1260.775
   127.600,   1261.756
   127.700,   1262.737
   127.800,   1263.718
   127.900,   1264.699
   128.000,   1265.680
   128.100,   1266.661
   128.200,   1267.642
   128.300,   1268.623
   128.400,   1269.604
   128.500,   1270.585
   128.600,   1271.566
   128.700,   1272.547
   128.800,   1273.528
   128.900,   1274.509
   129.000,   1275.490
   129.100,   1276.471
   129.200,   1277.452
   129.300,   1278.433
   129.400,   1279.414
   129.500,   1280.395
   129.600,   1281.376
   129.700,   1282.357
   129.800,   1283.338
   129.900,   1284.319
   130.000,   1285.300
   130.100,   1286.281
   130.200,   1287.262
   130.300,   1288.243
   130.400,   1289.224
   130.500,   1290.205
   130.600,   1291.186
   130.700,   1292.167
   130.800,   1293.148
   130.900,   1294.129
   131.000,   1295.110
   131.100,   1296.091
   131.200,   1297.072
   131.300,   1298.053
   131.400,   1299.034
   131.500,   1300.015
   131.600,   1300.996
   131.700,   1301.977
   131.800,   1302.958
   131.900,   1303.939
   132.000,   1304.920
   132.100,   1305.901
   132.200,   1306.882
   132.300,   1307.863
   132.400,   1308.844
   132.500,   1309.825
   132.600,   1310.806
   132.700,   1311.787
   132.800,   1312.768
   132.900,   1313.749
   133.000,   1314.730
   133.100,   1315.711
   133.200,   1316.692
   133.300,   1317.673
   133.400,   1318.654
   133.500,   1319.635
   133.600,   1320.616
   133.700,   1321.597
   133.800,   1322.578
   133.900,   1323.559
   134.000,   1324.540
   134.100,   1325.521
   134.200,   1326.502
   134.300,   1327.483
   134.400,   1328.464
   134.500,   1329.445
   134.600,   1330.426
   134.700,   1331.407
   134.800,   1332.388
   134.900,   1333.369
   135.000,   1334.350
   135.100,   1335.331
   135.200,   1336.312
   135.300,   1337.293
   135.400,   1338.274
   135.500,   1339.255
   135.600,   1340.236
   135.700,   1341.217
   135.800,   1342.198
   135.900,   1343.179
   136.000,   1344.160
   136.100,   1345.141
   136.200,   1346.122
   136.300,   1347.103
   136.400,   1348.084
   136.500,   1349.065
   136.600,   1350.046
   136.700,   1351.027
   136.800,   1352.008
   136.900,   1352.989
   137.000,   1353.970
   137.100,   1354.951
   137.200,   1355.932
   137.300,   1356.913
   137.400,   1357.894
   137.500,   1358.875
   137.600,   1359.856
   137.700,   1360.837
   137.800,   1361.818
   137.900,   1362.799
   138.000,   1363.780
   138.100,   1364.761
   138.200,   1365.742
   138.300,   1366.723
   138.400,   1367.704
   138.500,   1368.685
   138.600,   1369.666
   138.700,   1370.647
   138.800,   1371.628
   138.900,   1372.609
   139.000,   1373.590
   139.100,   1374.571
   139.200,   1375.552
   139.300,   1376.533
   139.400,   1377.514
   139.500,   1378.495
   139.600,   1379.476
   139.700,   1380.457
   139.800,   1381.438
   139.900,   1382.419
   140.000,   1383.400
   140.100,   1384.381
   140.200,   1385.362
   140.300,   1386.343
   140.400,   1387.324
   140.500,   1388.305
   140.600,   1389.286
   140.700,   1390.267
   140.800,   1391.248
   140.900,   1392.229
   141.000,   1393.210
   141.100,   1394.191
   141.200,   1395.172
   141.300,   1396.153
   141.400,   1397.134
   141.500,   1398.115
   141.600,   1399.096
   141.700,   1400.077
   141.800,   1401.058
   141.900,   1402.039
   142.000,   1403.020
   142.100,   1404.001
   142.200,   1404.982
   142.300,   1405.963
   142.400,   1406.944
   142.500,   1407.925
   142.600,   1408.906
   142.700,   1409.887
   142.800,   1410.868
   142.900,   1411.849
   143.000,   1412.830
   143.100,   1413.811
   143.200,   1414.792
   143.300,   1415.773
   143.400,   1416.754
   143.500,   1417.735
   143.600,   1418.716
   143.700,   1419.697
   143.800,   1420.678
   143.900,   1421.659
   144.000,   1422.640
   144.100,   1423.621
   144.200,   1424.602
   144.300,   1425.583
   144.400,   1426.564
   144.500,   1427.545
   144.600,   1428.526
   144.700,   1429.507
   144.800,   1430.488
   144.900,   1431.469
   145.000,   1432.450
   145.100,   1433.431
   145.200,   1434.412
   145.300,   1435.393
   145.400,   1436.374
   145.500,   1437.355
   145.600,   1438.336
   145.700,   1439.317
   145.800,   1440.298
   145.900,   1441.279
   146.000,   1442.260
   146.100,   1443.241
   146.200,   1444.222
   146.300,   1445.203
   146.400,   1446.184
   146.500,   1447.165
   146.600,   1448.146
   146.700,   1449.127
   146.800,   1450.108
   146.900,   1451.089
   147.000,   1452.070
   147.100,   1453.051
   147.200,   1454.032
   147.300,   1455.013
   147.400,   1455.994
   147.500,   1456.975
   147.600,   1457.956
   147.700,   1458.937
   147.800,   1459.918
   147.900,   1460.899
   148.000,   1461.880
   148.100,   1462.861
   148.200,   1463.842
   148.300,   1464.823
   148.400,   1465.804
   148.500,   1466.785
   148.600,   1467.766
   148.700,   1468.747
   148.800,   1469.728
   148.900,   1470.709
   149.000,   1471.690
   149.100,   1472.671
   149.200,   1473.652
   149.300,   1474.633
   149.400,   1475.614
   149.500,   1476.595
   149.600,   1477.576
   149.700,   1478.557
   149.800,   1479.538
   149.900,   1480.519
   150.000,   1481.500
   150.100,   1482.481
   150.200,   1483.462
   150.300,   1484.443
   150.400,   1485.424
   150.500,   1486.405
   150.600,   1487.386
   150.700,   1488.367
   150.800,   1489.348
   150.900,   1490.329
   151.000,   1491.310
   151.100,   1492.291
   151.200,   1493.272
   151.300,   1494.253
   151.400,   1495.234
   151.500,   1496.215
   151.600,   1497.196
   151.700,   1498.177
   151.800,   1499.158
   151.900,   1500.139
   152.000,   1501.120
   152.100,   1502.101
   152.200,   1503.082
   152.300,   1504.063
   152.400,   1505.044
   152.500,   1506.025
   152.600,   1507.006
   152.700,   1507.987
   152.800,   1508.968
   152.900,   1509.949
   153.000,   1510.930
   153.100,   1511.911
   153.200,   1512.892
   153.300,   1513.873
   153.400,   1514.854
   153.500,   1515.835
   153.600,   1516.816
   153.700,   1517.797
   153.800,   1518.778
   153.900,   1519.759
   154.000,   1520.740
   154.100,   1521.721
   154.200,   1522.702
   154.300,   1523.683
   154.400,   1524.664
   154.500,   1525.645
   154.600,   1526.626
   154.700,   1527.607
   154.800,   1528.588
   154.900,   1529.569
   155.000,   1530.550
   155.100,   1531.531
   155.200,   1532.512
   155.300,   1533.493
   155.400,   1534.474
   155.500,   1535.455
   155.600,   1536.436
   155.700,   1537.417
   155.800,   1538.398
   155.900,   1539.379
   156.000,   1540.360
   156.100,   1541.341
   156.200,   1542.322
   156.300,   1543.303
   156.400,   1544.284
   156.500,   1545.265
   156.600,   1546.246
   156.700,   1547.227
   156.800,   1548.208
   156.900,   1549.189
   157.000,   1550.170
   157.100,   1551.151
   157.200,   1552.132
   157.300,   1553.113
   157.400,   1554.094
   157.500,   1555.075
   157.600,   1556.056
   157.700,   1557.037
   157.800,   1558.018
   157.900,   1558.999
   158.000,   1559.980
   158.100,   1560.961
   158.200,   1561.942
   158.300,   1562.923
   158.400,   1563.904
   158.500,   1564.885
   158.600,   1565.866
   158.700,   1566.847
   158.800,   1567.828
   158.900,   1568.809
   159.000,   1569.790
   159.100,   1570.771
   159.200,   1571.752
   159.300,   1572.733
   159.400,   1573.714
   159.500,   1574.695
   159.600,   1575.676
   159.700,   1576.657
   159.800,   1577.638
   159.900,   1578.619
   160.000,   1579.600
   160.100,   1580.581
   160.200,   1581.562
   160.300,   1582.543
   160.400,   1583.524
   160.500,   1584.505
   160.600,   1585.486
   160.700,   1586.467
   160.800,   1587.448
   160.900,   1588.429
   161.000,   1589.410
   161.100,   1590.391
   161.200,   1591.372
   161.300,   1592.353
   161.400,   1593.334
   161.500,   1594.315
   161.600,   1595.296
   161.700,   1596.277
   161.800,   1597.258
   161.900,   1598.239
   162.000,   1599.220
   162.100,   1600.201
   162.200,   1601.182
   162.300,   1602.163
   162.400,   1603.144
   162.500,   1604.125
   162.600,   1605.106
   162.700,   1606.087
   162.800,   1607.068
   162.900,   1608.049
   163.000,   1609.030
   163.100,   1610.011
   163.200,   1610.992
   163.300,   1611.973
   163.400,   1612.954
   163.500,   1613.935
   163.600,   1614.916
   163.700,   1615.897
   163.800,   1616.878
   163.900,   1617.859
   164.000,   1618.840
   164.100,   1619.821
   164.200,   1620.802
   164.300,   1621.783
   164.400,   1622.764
   164.500,   1623.745
   164.600,   1624.726
   164.700,   1625.707
   164.800,   1626.688
   164.900,   1627.669
   165.000,   1628.650
   165.100,   1629.631
   165.200,   1630.612
   165.300,   1631.593
   165.400,   1632.574
   165.500,   1633.555
   165.600,   1634.536
   165.700,   1635.517
   165.800,   1636.498
   165.900,   1637.479
   166.000,   1638.460
   166.100,   1639.441
   166.200,   1640.422
   166.300,   1641.403
   166.400,   1642.384
   166.500,   1643.365
   166.600,   1644.346
   166.700,   1645.327
   166.800,   1646.308
   166.900,   1647.289
   167.000,   1648.270
   167.100,   1649.251
   167.200,   1650.232
   167.300,   1651.213
   167.400,   1652.194
   167.500,   1653.175
   167.600,   1654.156
   167.700,   1655.137
   167.800,   1656.118
   167.900,   1657.099
   168.000,   1658.080
   168.100,   1659.061
   168.200,   1660.042
   168.300,   1661.023
   168.400,   1662.004
   168.500,   1662.985
   168.600,   1663.966
   168.700,   1664.947
   168.800,   1665.928
   168.900,   1666.909
   169.000,   1667.890
   169.100,   1668.871
   169.200,   1669.852
   169.300,   1670.833
   169.400,   1671.814
   169.500,   1672.795
   169.600,   1673.776
   169.700,   1674.757
   169.800,   1675.738
   169.900,   1676.719
   170.000,   1677.700
   170.100,   1678.681
   170.200,   1679.662
   170.300,   1680.643
   170.400,   1681.624
   170.500,   1682.605
   170.600,   1683.586
   170.700,   1684.567
   170.800,   1685.548
   170.900,   1686.529
   171.000,   1687.510
   171.100,   1688.491
   171.200,   1689.472
   171.300,   1690.453
   171.400,   1691.434
   171.500,   1692.415
   171.600,   1693.396
   171.700,   1694.377
   171.800,   1695.358
   171.900,   1696.339
   172.000,   1697.320
   172.100,   1698.301
   172.200,   1699.282
   172.300,   1700.263
   172.400,   1701.244
   172.500,   1702.225
   172.600,   1703.206
   172.700,   1704.187
   172.800,   1705.168
   172.900,   1706.149
   173.000,   1707.130
   173.100,   1708.111
   173.200,   1709.092
   173.300,   1710.073
   173.400,   1711.054
   173.500,   1712.035
   173.600,   1713.016
   173.700,   1713.997
   173.800,   1714.978
   173.900,   1715.959
   174.000,   1716.940
   174.100,   1717.921
   174.200,   1718.902
   174.300,   1719.883
   174.400,   1720.864
   174.500,   1721.845
   174.600,   1722.826
   174.700,   1723.807
   174.800,   1724.788
   174.900,   1725.769
   175.000,   1726.750
   175.100,   1727.731
   175.200,   1728.712
   175.300,   1729.693
   175.400,   1730.674
   175.500,   1731.655
   175.600,   1732.636
   175.700,   1733.617
   175.800,   1734.598
   175.900,   1735.579
   176.000,   1736.560
   176.100,   1737.541
   176.200,   1738.522
   176.300,   1739.503
   176.400,   1740.484
   176.500,   1741.465
   176.600,   1742.446
   176.700,   1743.427
   176.800,   1744.408
   176.900,   1745.389
   177.000,   1746.370
   177.100,   1747.351
   177.200,   1748.332
   177.300,   1749.313
   177.400,   1750.294
   177.500,   1751.275
   177.600,   1752.256
   177.700,   1753.237
   177.800,   1754.218
   177.900,   1755.199
   178.000,   1756.180
   178.100,   1757.161
   178.200,   1758.142
   178.300,   1759.123
   178.400,   1760.104
   178.500,   1761.085
   178.600,   1762.066
   178.700,   1763.047
   178.800,   1764.028
   178.900,   1765.009
   179.000,   1765.990
   179.100,   1766.971
   179.200,   1767.952
   179.300,   1768.933
   179.400,   1769.914
   179.500,   1770.895
   179.600,   1771.876
   179.700,   1772.857
   179.800,   1773.838
   179.900,   1774.819
   180.000,   1775.800
   180.100,   1776.781
   180.200,   1777.762
   180.300,   1778.743
   180.400,   1779.724
   180.500,   1780.705
   180.600,   1781.686
   180.700,   1782.667
   180.800,   1783.648
   180.900,   1784.629
   181.000,   1785.610
   181.100,   1786.591
   181.200,   1787.572
   181.300,   1788.553
   181.400,   1789.534
   181.500,   1790.515
   181.600,   1791.496
   181.700,   1792.477
   181.800,   1793.458
   181.900,   1794.439
   182.000,   1795.420
   182.100,   1796.401
   182.200,   1797.382
   182.300,   1798.363
   182.400,   1799.344
   182.500,   1800.325
   182.600,   1801.306
   182.700,   1802.287
   182.800,   1803.268
   182.900,   1804.249
   183.000,   1805.230
   183.100,   1806.211
   183.200,   1807.192
   183.300,   1808.173
   183.400,   1809.154
   183.500,   1810.135
   183.600,   1811.116
   183.700,   1812.097
   183.800,   1813.078
   183.900,   1814.059
   184.000,   1815.040
   184.100,   1816.021
   184.200,   1817.002
   184.300,   1817.983
   184.400,   1818.964
   184.500,   1819.945
   184.600,   1820.926
   184.700,   1821.907
   184.800,   1822.888
   184.900,   1823.869
   185.000,   1824.850
   185.100,   1825.831
   185.200,   1826.812
   185.300,   1827.793
   185.400,   1828.774
   185.500,   1829.755
   185.600,   1830.736
   185.700,   1831.717
   185.800,   1832.698
   185.900,   1833.679
   186.000,   1834.660
   186.100,   1835.641
   186.200,   1836.622
   186.300,   1837.603
   186.400,   1838.584
   186.500,   1839.565
   186.600,   1840.546
   186.700,   1841.527
   186.800,   1842.508
   186.900,   1843.489
   187.000,   1844.470
   187.100,   1845.451
   187.200,   1846.432
   187.300,   1847.413
   187.400,   1848.394
   187.500,   1849.375
   187.600,   1850.356
   187.700,   1851.337
   187.800,   1852.318
   187.900,   1853.299
   188.000,   1854.280
   188.100,   1855.261
   188.200,   1856.242
   188.300,   1857.223
   188.400,   1858.204
   188.500,   1859.185
   188.600,   1860.166
   188.700,   1861.147
   188.800,   1862.128
   188.900,   1863.109
   189.000,   1864.090
   189.100,   1865.071
   189.200,   1866.052
   189.300,   1867.033
   189.400,   1868.014
   189.500,   1868.995
   189.600,   1869.976
   189.700,   1870.957
   189.800,   1871.938
   189.900,   1872.919
   190.000,   1873.900
   190.100,   1874.881
   190.200,   1875.862
   190.300,   1876.843
   190.400,   1877.824
   190.500,   1878.805
   190.600,   1879.786
   190.700,   1880.767
   190.800,   1881.748
   190.900,   1882.729
   191.000,   1883.710
   191.100,   1884.691
   191.200,   1885.672
   191.300,   1886.653
   191.400,   1887.634
   191.500,   1888.615
   191.600,   1889.596
   191.700,   1890.577
   191.800,   1891.558
   191.900,   1892.539
   192.000,   1893.520
   192.100,   1894.501
   192.200,   1895.482
   192.300,   1896.463
   192.400,   1897.444
   192.500,   1898.425
   192.600,   1899.406
   192.700,   1900.387
   192.800,   1901.368
   192.900,   1902.349
   193.000,   1903.330
   193.100,   1904.311
   193.200,   1905.292
   193.300,   1906.273
   193.400,   1907.254
   193.500,   1908.235
   193.600,   1909.216
   193.700,   1910.197
   193.800,   1911.178
   193.900,   1912.159
   194.000,   1913.140
   194.100,   1914.121
   194.200,   1915.102
   194.300,   1916.083
   194.400,   1917.064
   194.500,   1918.045
   194.600,   1919.026
   194.700,   1920.007
   194.800,   1920.988
   194.900,   1921.969
   195.000,   1922.950
   195.100,   1923.931
   195.200,   1924.912
   195.300,   1925.893
   195.400,   1926.874
   195.500,   1927.855
   195.600,   1928.836
   195.700,   1929.817
   195.800,   1930.798
   195.900,   1931.779
   196.000,   1932.760
   196.100,   1933.741
   196.200,   1934.722
   196.300,   1935.703
   196.400,   1936.684
   196.500,   1937.665
   196.600,   1938.646
   196.700,   1939.627
   196.800,   1940.608
   196.900,   1941.589
   197.000,   1942.570
   197.100,   1943.551
   197.200,   1944.532
   197.300,   1945.513
   197.400,   1946.494
   197.500,   1947.475
   197.600,   1948.456
   197.700,   1949.437
   197.800,   1950.418
   197.900,   1951.399
   198.000,   1952.380
   198.100,   1953.361
   198.200,   1954.342
   198.300,   1955.323
   198.400,   1956.304
   198.500,   1957.285
   198.600,   1958.266
   198.700,   1959.247
   198.800,   1960.228
   198.900,   1961.209
   199.000,   1962.190
   199.100,   1963.171
   199.200,   1964.152
   199.300,   1965.133
   199.400,   1966.114
   199.500,   1967.095
   199.600,   1968.076
   199.700,   1969.057
   199.800,   1970.038
   199.900,   1971.019
   200.000,   1972.000
   200.100,   1972.981
   200.200,   1973.962
   200.300,   1974.943
   200.400,   1975.924
   200.500,   1976.905
   200.600,   1977.886
   200.700,   1978.867
   200.800,   1979.848
   200.900,   1980.829
   201.000,   1981.810
   201.100,   1982.791
   201.200,   1983.772
   201.300,   1984.753
   201.400,   1985.734
   201.500,   1986.715
   201.600,   1987.696
   201.700,   1988.677
   201.800,   1989.658
   201.900,   1990.639
   202.000,   1991.620
   202.100,   1992.601
   202.200,   1993.582
   202.300,   1994.563
   202.400,   1995.544
   202.500,   1996.525
   202.600,   1997.506
   202.700,   1998.487
   202.800,   1999.468
   202.900,   2000.449
   203.000,   2001.430
   203.100,   2002.411
   203.200,   2003.392
   203.300,   2004.373
   203.400,   2005.354
   203.500,   2006.335
   203.600,   2007.316
   203.700,   2008.297
   203.800,   2009.278
   203.900,   2010.259
   204.000,   2011.240
   204.100,   2012.221
   204.200,   2013.202
   204.300,   2014.183
   204.400,   2015.164
   204.500,   2016.145
   204.600,   2017.126
   204.700,   2018.107
   204.800,   2019.088
   204.900,   2020.069
   205.000,   2021.050
   205.100,   2022.031
   205.200,   2023.012
   205.300,   2023.993
   205.400,   2024.974
   205.500,   2025.955
   205.600,   2026.936
   205.700,   2027.917
   205.800,   2028.898
   205.900,   2029.879
   206.000,   2030.860
   206.100,   2031.841
   206.200,   2032.822
   206.300,   2033.803
   206.400,   2034.784
   206.500,   2035.765
   206.600,   2036.746
   206.700,   2037.727
   206.800,   2038.708
   206.900,   2039.689
   207.000,   2040.670
   207.100,   2041.651
   207.200,   2042.632
   207.300,   2043.613
   207.400,   2044.594
   207.500,   2045.575
   207.600,   2046.556
   207.700,   2047.537
   207.800,   2048.518
   207.900,   2049.499
   208.000,   2050.480
   208.100,   2051.461
   208.200,   2052.442
   208.300,   2053.423
   208.400,   2054.404
   208.500,   2055.385
   208.600,   2056.366
   208.700,   2057.347
   208.800,   2058.328
   208.900,   2059.309
   209.000,   2060.290
   209.100,   2061.271
   209.200,   2062.252
   209.300,   2063.233
   209.400,   2064.214
   209.500,   2065.195
   209.600,   2066.176
   209.700,   2067.157
   209.800,   2068.138
   209.900,   2069.119
   210.000,   2070.100
   210.100,   2071.081
   210.200,   2072.062
   210.300,   2073.043
   210.400,   2074.024
   210.500,   2075.005
   210.600,   2075.986
   210.700,   2076.967
   210.800,   2077.948
   210.900,   2078.929
   211.000,   2079.910
   211.100,   2080.891
   211.200,   2081.872
   211.300,   2082.853
   211.400,   2083.834
   211.500,   2084.815
   211.600,   2085.796
   211.700,   2086.777
   211.800,   2087.758
   211.900,   2088.739
   212.000,   2089.720
   212.100,   2090.701
   212.200,   2091.682
   212.300,   2092.663
   212.400,   2093.644
   212.500,   2094.625
   212.600,   2095.606
   212.700,   2096.587
   212.800,   2097.568
   212.900,   2098.549
   213.000,   2099.530
   213.100,   2100.511
   213.200,   2101.492
   213.300,   2102.473
   213.400,   2103.454
   213.500,   2104.435
   213.600,   2105.416
   213.700,   2106.397
   213.800,   2107.378
   213.900,   2108.359
   214.000,   2109.340
   214.100,   2110.321
   214.200,   2111.302
   214.300,   2112.283
   214.400,   2113.264
   214.500,   2114.245
   214.600,   2115.226
   214.700,   2116.207
   214.800,   2117.188
   214.900,   2118.169
   215.000,   2119.150
   215.100,   2120.131
   215.200,   2121.112
   215.300,   2122.093
   215.400,   2123.074
   215.500,   2124.055
   215.600,   2125.036
   215.700,   2126.017
   215.800,   2126.998
   215.900,   2127.979
   216.000,   2128.960
   216.100,   2129.941
   216.200,   2130.922
   216.300,   2131.903
   216.400,   2132.884
   216.500,   2133.865
   216.600,   2134.846
   216.700,   2135.827
   216.800,   2136.808
   216.900,   2137.789
   217.000,   2138.770
   217.100,   2139.751
   217.200,   2140.732
   217.300,   2141.713
   217.400,   2142.694
   217.500,   2143.675
   217.600,   2144.656
   217.700,   2145.637
   217.800,   2146.618
   217.900,   2147.599
   218.000,   2148.580
   218.100,   2149.561
   218.200,   2150.542
   218.300,   2151.523
   218.400,   2152.504
   218.500,   2153.485
   218.600,   2154.466
   218.700,   2155.447
   218.800,   2156.428
   218.900,   2157.409
   219.000,   2158.390
   219.100,   2159.371
   219.200,   2160.352
   219.300,   2161.333
   219.400,   2162.314
   219.500,   2163.295
   219.600,   2164.276
   219.700,   2165.257
   219.800,   2166.238
   219.900,   2167.219
   220.000,   2168.200
   220.100,   2169.181
   220.200,   2170.162
   220.300,   2171.143
   220.400,   2172.124
   220.500,   2173.105
   220.600,   2174.086
   220.700,   2175.067
   220.800,   2176.048
   220.900,   2177.029
   221.000,   2178.010
   221.100,   2178.991
   221.200,   2179.972
   221.300,   2180.953
   221.400,   2181.934
   221.500,   2182.915
   221.600,   2183.896
   221.700,   2184.877
   221.800,   2185.858
   221.900,   2186.839
   222.000,   2187.820
   222.100,   2188.801
   222.200,   2189.782
   222.300,   2190.763
   222.400,   2191.744
   222.500,   2192.725
   222.600,   2193.706
   222.700,   2194.687
   222.800,   2195.668
   222.900,   2196.649
   223.000,   2197.630
   223.100,   2198.611
   223.200,   2199.592
   223.300,   2200.573
   223.400,   2201.554
   223.500,   2202.535
   223.600,   2203.516
   223.700,   2204.497
   223.800,   2205.478
   223.900,   2206.459
   224.000,   2207.440
   224.100,   2208.421
   224.200,   2209.402
   224.300,   2210.383
   224.400,   2211.364
   224.500,   2212.345
   224.600,   2213.326
   224.700,   2214.307
   224.800,   2215.288
   224.900,   2216.269
   225.000,   2217.250
   225.100,   2218.231
   225.200,   2219.212
   225.300,   2220.193
   225.400,   2221.174
   225.500,   2222.155
   225.600,   2223.136
   225.700,   2224.117
   225.800,   2225.098
   225.900,   2226.079
   226.000,   2227.060
   226.100,   2228.041
   226.200,   2229.022
   226.300,   2230.003
   226.400,   2230.984
   226.500,   2231.965
   226.600,   2232.946
   226.700,   2233.927
   226.800,   2234.908
   226.900,   2235.889
   227.000,   2236.870
   227.100,   2237.851
   227.200,   2238.832
   227.300,   2239.813
   227.400,   2240.794
   227.500,   2241.775
   227.600,   2242.756
   227.700,   2243.737
   227.800,   2244.718
   227.900,   2245.699
   228.000,   2246.680
   228.100,   2247.661
   228.200,   2248.642
   228.300,   2249.623
   228.400,   2250.604
   228.500,   2251.585
   228.600,   2252.566
   228.700,   2253.547
   228.800,   2254.528
   228.900,   2255.509
   229.000,   2256.490
   229.100,   2257.471
   229.200,   2258.452
   229.300,   2259.433
   229.400,   2260.414
   229.500,   2261.395
   229.600,   2262.376
   229.700,   2263.357
   229.800,   2264.338
   229.900,   2265.319
   230.000,   2266.300
   230.100,   2267.281
   230.200,   2268.262
   230.300,   2269.243
   230.400,   2270.224
   230.500,   2271.205
   230.600,   2272.186
   230.700,   2273.167
   230.800,   2274.148
   230.900,   2275.129
   231.000,   2276.110
   231.100,   2277.091
   231.200,   2278.072
   231.300,   2279.053
   231.400,   2280.034
   231.500,   2281.015
   231.600,   2281.996
   231.700,   2282.977
   231.800,   2283.958
   231.900,   2284.939
   232.000,   2285.920
   232.100,   2286.901
   232.200,   2287.882
   232.300,   2288.863
   232.400,   2289.844
   232.500,   2290.825
   232.600,   2291.806
   232.700,   2292.787
   232.800,   2293.768
   232.900,   2294.749
   233.000,   2295.730
   233.100,   2296.711
   233.200,   2297.692
   233.300,   2298.673
   233.400,   2299.654
   233.500,   2300.635
   233.600,   2301.616
   233.700,   2302.597
   233.800,   2303.578
   233.900,   2304.559
   234.000,   2305.540
   234.100,   2306.521
   234.200,   2307.502
   234.300,   2308.483
   234.400,   2309.464
   234.500,   2310.445
   234.600,   2311.426
   234.700,   2312.407
   234.800,   2313.388
   234.900,   2314.369
   235.000,   2315.350
   235.100,   2316.331
   235.200,   2317.312
   235.300,   2318.293
   235.400,   2319.274
   235.500,   2320.255
   235.600,   2321.236
   235.700,   2322.217
   235.800,   2323.198
   235.900,   2324.179
   236.000,   2325.160
   236.100,   2326.141
   236.200,   2327.122
   236.300,   2328.103
   236.400,   2329.084
   236.500,   2330.065
   236.600,   2331.046
   236.700,   2332.027
   236.800,   2333.008
   236.900,   2333.989
   237.000,   2334.970
   237.100,   2335.951
   237.200,   2336.932
   237.300,   2337.913
   237.400,   2338.894
   237.500,   2339.875
   237.600,   2340.856
   237.700,   2341.837
   237.800,   2342.818
   237.900,   2343.799
   238.000,   2344.780
   238.100,   2345.761
   238.200,   2346.742
   238.300,   2347.723
   238.400,   2348.704
   238.500,   2349.685
   238.600,   2350.666
   238.700,   2351.647
   238.800,   2352.628
   238.900,   2353.609
   239.000,   2354.590
   239.100,   2355.571
   239.200,   2356.552
   239.300,   2357.533
   239.400,   2358.514
   239.500,   2359.495
   239.600,   2360.476
   239.700,   2361.457
   239.800,   2362.438
   239.900,   2363.419
   240.000,   2364.400
   240.100,   2365.381
   240.200,   2366.362
   240.300,   2367.343
   240.400,   2368.324
   240.500,   2369.305
   240.600,   2370.286
   240.700,   2371.267
   240.800,   2372.248
   240.900,   2373.229
   241.000,   2374.210
   241.100,   2375.191
   241.200,   2376.172
   241.300,   2377.153
   241.400,   2378.134
   241.500,   2379.115
   241.600,   2380.096
   241.700,   2381.077
   241.800,   2382.058
   241.900,   2383.039
   242.000,   2384.020
   242.100,   2385.001
   242.200,   2385.982
   242.300,   2386.963
   242.400,   2387.944
   242.500,   2388.925
   242.600,   2389.906
   242.700,   2390.887
   242.800,   2391.868
   242.900,   2392.849
   243.000,   2393.830
   243.100,   2394.811
   243.200,   2395.792
   243.300,   2396.773
   243.400,   2397.754
   243.500,   2398.735
   243.600,   2399.716
   243.700,   2400.697
   243.800,   2401.678
   243.900,   2402.659
   244.000,   2403.640
   244.100,   2404.621
   244.200,   2405.602
   244.300,   2406.583
   244.400,   2407.564
   244.500,   2408.545
   244.600,   2409.526
   244.700,   2410.507
   244.800,   2411.488
   244.900,   2412.469
   245.000,   2413.450
   245.100,   2414.431
   245.200,   2415.412
   245.300,   2416.393
   245.400,   2417.374
   245.500,   2418.355
   245.600,   2419.336
   245.700,   2420.317
   245.800,   2421.298
   245.900,   2422.279
   246.000,   2423.260
   246.100,   2424.241
   246.200,   2425.222
   246.300,   2426.203
   246.400,   2427.184
   246.500,   2428.165
   246.600,   2429.146
   246.700,   2430.127
   246.800,   2431.108
   246.900,   2432.089
   247.000,   2433.070
   247.100,   2434.051
   247.200,   2435.032
   247.300,   2436.013
   247.400,   2436.994
   247.500,   2437.975
   247.600,   2438.956
   247.700,   2439.937
   247.800,   2440.918
   247.900,   2441.899
   248.000,   2442.880
   248.100,   2443.861
   248.200,   2444.842
   248.300,   2445.823
   248.400,   2446.804
   248.500,   2447.785
   248.600,   2448.766
   248.700,   2449.747
   248.800,   2450.728
   248.900,   2451.709
   249.000,   2452.690
   249.100,   2453.671
   249.200,   2454.652
   249.300,   2455.633
   249.400,   2456.614
   249.500,   2457.595
   249.600,   2458.576
   249.700,   2459.557
   249.800,   2460.538
   249.900,   2461.519
   250.000,   2462.500
   250.100,   2463.481
   250.200,   2464.462
   250.300,   2465.443
   250.400,   2466.424
   250.500,   2467.405
   250.600,   2468.386
   250.700,   2469.367
   250.800,   2470.348
   250.900,   2471.329
   251.000,   2472.310
   251.100,   2473.291
   251.200,   2474.272
   251.300,   2475.253
   251.400,   2476.234
   251.500,   2477.215
   251.600,   2478.196
   251.700,   2479.177
   251.800,   2480.158
   251.900,   2481.139
   252.000,   2482.120
   252.100,   2483.101
   252.200,   2484.082
   252.300,   2485.063
   252.400,   2486.044
   252.500,   2487.025
   252.600,   2488.006
   252.700,   2488.987
   252.800,   2489.968
   252.900,   2490.949
   253.000,   2491.930
   253.100,   2492.911
   253.200,   2493.892
   253.300,   2494.873
   253.400,   2495.854
   253.500,   2496.835
   253.600,   2497.816
   253.700,   2498.797
   253.800,   2499.778
   253.900,   2500.759
   254.000,   2501.740
   254.100,   2502.721
   254.200,   2503.702
   254.300,   2504.683
   254.400,   2505.664
   254.500,   2506.645
   254.600,   2507.626
   254.700,   2508.607
   254.800,   2509.588
   254.900,   2510.569
   255.000,   2511.550
   255.100,   2512.531
   255.200,   2513.512
   255.300,   2514.493
   255.400,   2515.474
   255.500,   2516.455
   255.600,   2517.436
   255.700,   2518.417
   255.800,   2519.398
   255.900,   2520.379
   256.000,   2521.360
   256.100,   2522.341
   256.200,   2523.322
   256.300,   2524.303
   256.400,   2525.284
   256.500,   2526.265
   256.600,   2527.246
   256.700,   2528.227
   256.800,   2529.208
   256.900,   2530.189
   257.000,   2531.170
   257.100,   2532.151
   257.200,   2533.132
   257.300,   2534.113
   257.400,   2535.094
   257.500,   2536.075
   257.600,   2537.056
   257.700,   2538.037
   257.800,   2539.018
   257.900,   2539.999
   258.000,   2540.980
   258.100,   2541.961
   258.200,   2542.942
   258.300,   2543.923
   258.400,   2544.904
   258.500,   2545.885
   258.600,   2546.866
   258.700,   2547.847
   258.800,   2548.828
   258.900,   2549.809
   259.000,   2550.790
   259.100,   2551.771
   259.200,   2552.752
   259.300,   2553.733
   259.400,   2554.714
   259.500,   2555.695
   259.600,   2556.676
   259.700,   2557.657
   259.800,   2558.638
   259.900,   2559.619
   260.000,   2560.600
   260.100,   2561.581
   260.200,   2562.562
   260.300,   2563.543
   260.400,   2564.524
   260.500,   2565.505
   260.600,   2566.486
   260.700,   2567.467
   260.800,   2568.448
   260.900,   2569.429
   261.000,   2570.410
   261.100,   2571.391
   261.200,   2572.372
   261.300,   2573.353
   261.400,   2574.334
   261.500,   2575.315
   261.600,   2576.296
   261.700,   2577.277
   261.800,   2578.258
   261.900,   2579.239
   262.000,   2580.220
   262.100,   2581.201
   262.200,   2582.182
   262.300,   2583.163
   262.400,   2584.144
   262.500,   2585.125
   262.600,   2586.106
   262.700,   2587.087
   262.800,   2588.068
   262.900,   2589.049
   263.000,   2590.030
   263.100,   2591.011
   263.200,   2591.992
   263.300,   2592.973
   263.400,   2593.954
   263.500,   2594.935
   263.600,   2595.916
   263.700,   2596.897
   263.800,   2597.878
   263.900,   2598.859
   264.000,   2599.840
   264.100,   2600.821
   264.200,   2601.802
   264.300,   2602.783
   264.400,   2603.764
   264.500,   2604.745
   264.600,   2605.726
   264.700,   2606.707
   264.800,   2607.688
   264.900,   2608.669
   265.000,   2609.650
   265.100,   2610.631
   265.200,   2611.612
   265.300,   2612.593
   265.400,   2613.574
   265.500,   2614.555
   265.600,   2615.536
   265.700,   2616.517
   265.800,   2617.498
   265.900,   2618.479
   266.000,   2619.460
   266.100,   2620.441
   266.200,   2621.422
   266.300,   2622.403
   266.400,   2623.384
   266.500,   2624.365
   266.600,   2625.346
   266.700,   2626.327
   266.800,   2627.308
   266.900,   2628.289
   267.000,   2629.270
   267.100,   2630.251
   267.200,   2631.232
   267.300,   2632.213
   267.400,   2633.194
   267.500,   2634.175
   267.600,   2635.156
   267.700,   2636.137
   267.800,   2637.118
   267.900,   2638.099
   268.000,   2639.080
   268.100,   2640.061
   268.200,   2641.042
   268.300,   2642.023
   268.400,   2643.004
   268.500,   2643.985
   268.600,   2644.966
   268.700,   2645.947
   268.800,   2646.928
   268.900,   2647.909
   269.000,   2648.890
   269.100,   2649.871
   269.200,   2650.852
   269.300,   2651.833
   269.400,   2652.814
   269.500,   2653.795
   269.600,   2654.776
   269.700,   2655.757
   269.800,   2656.738
   269.900,   2657.719
   270.000,   2658.700
   270.100,   2659.681
   270.200,   2660.662
   270.300,   2661.643
   270.400,   2662.624
   270.500,   2663.605
   270.600,   2664.586
   270.700,   2665.567
   270.800,   2666.548
   270.900,   2667.529
   271.000,   2668.510
   271.100,   2669.491
   271.200,   2670.472
   271.300,   2671.453
   271.400,   2672.434
   271.500,   2673.415
   271.600,   2674.396
   271.700,   2675.377
   271.800,   2676.358
   271.900,   2677.339
   272.000,   2678.320
   272.100,   2679.301
   272.200,   2680.282
   272.300,   2681.263
   272.400,   2682.244
   272.500,   2683.225
   272.600,   2684.206
   272.700,   2685.187
   272.800,   2686.168
   272.900,   2687.149
   273.000,   2688.130
   273.100,   2689.111
   273.200,   2690.092
   273.300,   2691.073
   273.400,   2692.054
   273.500,   2693.035
   273.600,   2694.016
   273.700,   2694.997
   273.800,   2695.978
   273.900,   2696.959
   274.000,   2697.940
   274.100,   2698.921
   274.200,   2699.902
   274.300,   2700.883
   274.400,   2701.864
   274.500,   2702.845
   274.600,   2703.826
   274.700,   2704.807
   274.800,   2705.788
   274.900,   2706.769
   275.000,   2707.750
   275.100,   2708.731
   275.200,   2709.712
   275.300,   2710.693
   275.400,   2711.674
   275.500,   2712.655
   275.600,   2713.636
   275.700,   2714.617
   275.800,   2715.598
   275.900,   2716.579
   276.000,   2717.560
   276.100,   2718.541
   276.200,   2719.522
   276.300,   2720.503
   276.400,   2721.484
   276.500,   2722.465
   276.600,   2723.446
   276.700,   2724.427
   276.800,   2725.408
   276.900,   2726.389
   277.000,   2727.370
   277.100,   2728.351
   277.200,   2729.332
   277.300,   2730.313
   277.400,   2731.294
   277.500,   2732.275
   277.600,   2733.256
   277.700,   2734.237
   277.800,   2735.218
   277.900,   2736.199
   278.000,   2737.180
   278.100,   2738.161
   278.200,   2739.142
   278.300,   2740.123
   278.400,   2741.104
   278.500,   2742.085
   278.600,   2743.066
   278.700,   2744.047
   278.800,   2745.028
   278.900,   2746.009
   279.000,   2746.990
   279.100,   2747.971
   279.200,   2748.952
   279.300,   2749.933
   279.400,   2750.914
   279.500,   2751.895
   279.600,   2752.876
   279.700,   2753.857
   279.800,   2754.838
   279.900,   2755.819
   280.000,   2756.800
   280.100,   2757.781
   280.200,   2758.762
   280.300,   2759.743
   280.400,   2760.724
   280.500,   2761.705
   280.600,   2762.686
   280.700,   2763.667
   280.800,   2764.648
   280.900,   2765.629
   281.000,   2766.610
   281.100,   2767.591
   281.200,   2768.572
   281.300,   2769.553
   281.400,   2770.534
   281.500,   2771.515
   281.600,   2772.496
   281.700,   2773.477
   281.800,   2774.458
   281.900,   2775.439
   282.000,   2776.420
   282.100,   2777.401
   282.200,   2778.382
   282.300,   2779.363
   282.400,   2780.344
   282.500,   2781.325
   282.600,   2782.306
   282.700,   2783.287
   282.800,   2784.268
   282.900,   2785.249
   283.000,   2786.230
   283.100,   2787.211
   283.200,   2788.192
   283.300,   2789.173
   283.400,   2790.154
   283.500,   2791.135
   283.600,   2792.116
   283.700,   2793.097
   283.800,   2794.078
   283.900,   2795.059
   284.000,   2796.040
   284.100,   2797.021
   284.200,   2798.002
   284.300,   2798.983
   284.400,   2799.964
   284.500,   2800.945
   284.600,   2801.926
   284.700,   2802.907
   284.800,   2803.888
   284.900,   2804.869
   285.000,   2805.850
   285.100,   2806.831
   285.200,   2807.812
   285.300,   2808.793
   285.400,   2809.774
   285.500,   2810.755
   285.600,   2811.736
   285.700,   2812.717
   285.800,   2813.698
   285.900,   2814.679
   286.000,   2815.660
   286.100,   2816.641
   286.200,   2817.622
   286.300,   2818.603
   286.400,   2819.584
   286.500,   2820.565
   286.600,   2821.546
   286.700,   2822.527
   286.800,   2823.508
   286.900,   2824.489
   287.000,   2825.470
   287.100,   2826.451
   287.200,   2827.432
   287.300,   2828.413
   287.400,   2829.394
   287.500,   2830.375
   287.600,   2831.356
   287.700,   2832.337
   287.800,   2833.318
   287.900,   2834.299
   288.000,   2835.280
   288.100,   2836.261
   288.200,   2837.242
   288.300,   2838.223
   288.400,   2839.204
   288.500,   2840.185
   288.600,   2841.166
   288.700,   2842.147
   288.800,   2843.128
   288.900,   2844.109
   289.000,   2845.090
   289.100,   2846.071
   289.200,   2847.052
   289.300,   2848.033
   289.400,   2849.014
   289.500,   2849.995
   289.600,   2850.976
   289.700,   2851.957
   289.800,   2852.938
   289.900,   2853.919
   290.000,   2854.900
   290.100,   2855.881
   290.200,   2856.862
   290.300,   2857.843
   290.400,   2858.824
   290.500,   2859.805
   290.600,   2860.786
   290.700,   2861.767
   290.800,   2862.748
   290.900,   2863.729
   291.000,   2864.710
   291.100,   2865.691
   291.200,   2866.672
   291.300,   2867.653
   291.400,   2868.634
   291.500,   2869.615
   291.600,   2870.596
   291.700,   2871.577
   291.800,   2872.558
   291.900,   2873.539
   292.000,   2874.520
   292.100,   2875.501
   292.200,   2876.482
   292.300,   2877.463
   292.400,   2878.444
   292.500,   2879.425
   292.600,   2880.406
   292.700,   2881.387
   292.800,   2882.368
   292.900,   2883.349
   293.000,   2884.330
   293.100,   2885.311
   293.200,   2886.292
   293.300,   2887.273
   293.400,   2888.254
   293.500,   2889.235
   293.600,   2890.216
   293.700,   2891.197
   293.800,   2892.178
   293.900,   2893.159
   294.000,   2894.140
   294.100,   2895.121
   294.200,   2896.102
   294.300,   2897.083
   294.400,   2898.064
   294.500,   2899.045
   294.600,   2900.026
   294.700,   2901.007
   294.800,   2901.988
   294.900,   2902.969
   295.000,   2903.950
   295.100,   2904.931
   295.200,   2905.912
   295.300,   2906.893
   295.400,   2907.874
   295.500,   2908.855
   295.600,   2909.836
   295.700,   2910.817
   295.800,   2911.798
   295.900,   2912.779
   296.000,   2913.760
   296.100,   2914.741
   296.200,   2915.722
   296.300,   2916.703
   296.400,   2917.684
   296.500,   2918.665
   296.600,   2919.646
   296.700,   2920.627
   296.800,   2921.608
   296.900,   2922.589
   297.000,   2923.570
   297.100,   2924.551
   297.200,   2925.532
   297.300,   2926.513
   297.400,   2927.494
   297.500,   2928.475
   297.600,   2929.456
   297.700,   2930.437
   297.800,   2931.418
   297.900,   2932.399
   298.000,   2933.380
   298.100,   2934.361
   298.200,   2935.342
   298.300,   2936.323
   298.400,   2937.304
   298.500,   2938.285
   298.600,   2939.266
   298.700,   2940.247
   298.800,   2941.228
   298.900,   2942.209
   299.000,   2943.190
   299.100,   2944.171
   299.200,   2945.152
   299.300,   2946.133
   299.400,   2947.114
   299.500,   2948.095
   299.600,   2949.076
   299.700,   2950.057
   299.800,   2951.038
   299.900,   2952.019
