     0.010,      0.100
     0.020,      0.201
     0.030,      0.303
     0.040,      0.406
     0.050,      0.510
     0.060,      0.615
     0.070,      0.721
     0.080,      0.829
     0.090,      0.937
     0.100,      1.046
     0.110,      1.157
     0.120,      1.268
     0.130,      1.381
     0.140,      1.495
     0.150,      1.610
     0.160,      1.726
     0.170,      1.843
     0.180,      1.961
     0.190,      2.081
     0.200,      2.202
     0.210,      2.324
     0.220,      2.447
     0.230,      2.572
     0.240,      2.697
     0.250,      2.824
     0.260,      2.953
     0.270,      3.082
     0.280,      3.213
     0.290,      3.345
     0.300,      3.478
     0.310,      3.613
     0.320,      3.749
     0.330,      3.887
     0.340,      4.026
     0.350,      4.166
     0.360,      4.308
     0.370,      4.451
     0.380,      4.595
     0.390,      4.741
     0.400,      4.889
     0.410,      5.038
     0.420,      5.188
     0.430,      5.340
     0.440,      5.493
     0.450,      5.648
     0.460,      5.805
     0.470,      5.963
     0.480,      6.122
     0.490,      6.283
     0.500,      6.446
     0.510,      6.611
     0.520,      6.777
     0.530,      6.945
     0.540,      7.114
     0.550,      7.285
     0.560,      7.458
     0.570,      7.633
     0.580,      7.809
     0.590,      7.987
     0.600,      8.167
     0.610,      8.349
     0.620,      8.532
     0.630,      8.717
     0.640,      8.905
     0.650,      9.094
     0.660,      9.285
     0.670,      9.477
     0.680,      9.672
     0.690,      9.869
     0.700,     10.068
     0.710,     10.268
     0.720,     10.471
     0.730,     10.676
     0.740,     10.882
     0.750,     11.091
     0.760,     11.302
     0.770,     11.515
     0.780,     11.730
     0.790,     11.948
     0.800,     12.167
     0.810,     12.389
     0.820,     12.613
     0.830,     12.839
     0.840,     13.067
     0.850,     13.298
     0.860,     13.531
     0.870,     13.766
     0.880,     14.004
     0.890,     14.244
     0.900,     14.486
     0.910,     14.731
     0.920,     14.979
     0.930,     15.228
     0.940,     15.481
     0.950,     15.735
     0.960,     15.993
     0.970,     16.253
     0.980,     16.515
     0.990,     16.780
     1.000,     17.048
     1.010,     17.319
     1.020,     17.592
     1.030,     17.868
     1.040,     18.146
     1.050,     18.428
     1.060,     18.712
     1.070,     18.999
     1.080,     19.289
     1.090,     19.582
     1.100,     19.878
     1.110,     20.177
     1.120,     20.479
     1.130,     20.783
     1.140,     21.091
     1.150,     21.402
     1.160,     21.716
     1.170,     22.033
     1.180,     22.354
     1.190,     22.677
     1.200,     23.004
     1.210,     23.334
     1.220,     23.667
     1.230,     24.004
     1.240,     24.344
     1.250,     24.687
     1.260,     25.034
     1.270,     25.385
     1.280,     25.738
     1.290,     26.096
     1.300,     26.457
     1.310,     26.821
     1.320,     27.190
     1.330,     27.561
     1.340,     27.937
     1.350,     28.316
     1.360,     28.700
     1.370,     29.087
     1.380,     29.477
     1.390,     29.872
     1.400,     30.271
     1.410,     30.674
     1.420,     31.080
     1.430,     31.491
     1.440,     31.906
     1.450,     32.325
     1.460,     32.748
     1.470,     33.176
     1.480,     33.608
     1.490,     34.044
     1.500,     34.484
     1.510,     34.929
     1.520,     35.378
     1.530,     35.832
     1.540,     36.290
     1.550,     36.753
     1.560,     37.221
     1.570,     37.693
     1.580,     38.170
     1.590,     38.652
     1.600,     39.138
     1.610,     39.630
     1.620,     40.126
     1.630,     40.627
     1.640,     41.133
     1.650,     41.645
     1.660,     42.161
     1.670,     42.683
     1.680,     43.210
     1.690,     43.742
     1.700,     44.279
     1.710,     44.822
     1.720,     45.370
     1.730,     45.924
     1.740,     46.483
     1.750,     47.048
     1.760,     47.618
     1.770,     48.195
     1.780,     48.777
     1.790,     49.364
     1.800,     49.958
     1.810,     50.558
     1.820,     51.163
     1.830,     51.775
     1.840,     52.393
     1.850,     53.016
     1.860,     53.647
     1.870,     54.283
     1.880,     54.926
     1.890,     55.575
     1.900,     56.231
     1.910,     56.893
     1.920,     57.562
     1.930,     58.238
     1.940,     58.920
     1.950,     59.609
     1.960,     60.305
     1.970,     61.009
     1.980,     61.719
     1.990,     62.436
     2.000,     63.160
     2.010,     63.892
     2.020,     64.631
     2.030,     65.377
     2.040,     66.131
     2.050,     66.892
     2.060,     67.661
     2.070,     68.438
     2.080,     69.222
     2.090,     70.014
     2.100,     70.814
     2.110,     71.622
     2.120,     72.439
     2.130,     73.263
     2.140,     74.096
     2.150,     74.937
     2.160,     75.786
     2.170,     76.644
     2.180,     77.510
     2.190,     78.385
     2.200,     79.269
     2.210,     80.162
     2.220,     81.064
     2.230,     81.974
     2.240,     82.894
     2.250,     83.823
     2.260,     84.761
     2.270,     85.709
     2.280,     86.666
     2.290,     87.633
     2.300,     88.609
     2.310,     89.595
     2.320,     90.591
     2.330,     91.597
     2.340,     92.613
     2.350,     93.639
     2.360,     94.675
     2.370,     95.722
     2.380,     96.779
     2.390,     97.847
     2.400,     98.926
     2.410,    100.015
     2.420,    101.115
     2.430,    102.226
     2.440,    103.348
     2.450,    104.482
     2.460,    105.627
     2.470,    106.783
     2.480,    107.951
     2.490,    109.130
     2.500,    110.322
     2.510,    111.525
     2.520,    112.740
     2.530,    113.967
     2.540,    115.207
     2.550,    116.459
     2.560,    117.724
     2.570,    119.001
     2.580,    120.291
     2.590,    121.594
     2.600,    122.910
     2.610,    124.239
     2.620,    125.581
     2.630,    126.937
     2.640,    128.307
     2.650,    129.690
     2.660,    131.086
     2.670,    132.497
     2.680,    133.922
     2.690,    135.362
     2.700,    136.815
     2.710,    138.283
     2.720,    139.766
     2.730,    141.264
     2.740,    142.776
     2.750,    144.304
     2.760,    145.847
     2.770,    147.406
     2.780,    148.980
     2.790,    150.570
     2.800,    152.175
     2.810,    153.797
     2.820,    155.435
     2.830,    157.089
     2.840,    158.760
     2.850,    160.448
     2.860,    162.152
     2.870,    163.874
     2.880,    165.613
     2.890,    167.369
     2.900,    169.142
     2.910,    170.934
     2.920,    172.743
     2.930,    174.571
     2.940,    176.416
     2.950,    178.280
     2.960,    180.163
     2.970,    182.065
     2.980,    183.986
     2.990,    185.925
     3.000,    187.885
     3.010,    189.863
     3.020,    191.862
     3.030,    193.881
     3.040,    195.920
     3.050,    197.979
     3.060,    200.059
     3.070,    202.159
     3.080,    204.281
     3.090,    206.424
     3.100,    208.588
     3.110,    210.774
     3.120,    212.981
     3.130,    215.211
     3.140,    217.463
     3.150,    219.738
     3.160,    222.035
     3.170,    224.356
     3.180,    226.699
     3.190,    229.066
     3.200,    231.457
     3.210,    233.871
     3.220,    236.310
     3.230,    238.773
     3.240,    241.261
     3.250,    243.774
     3.260,    246.311
     3.270,    248.874
     3.280,    251.463
     3.290,    254.078
     3.300,    256.719
     3.310,    259.386
     3.320,    262.080
     3.330,    264.800
     3.340,    267.548
     3.350,    270.324
     3.360,    273.127
     3.370,    275.958
     3.380,    278.818
     3.390,    281.706
     3.400,    284.623
     3.410,    287.570
     3.420,    290.545
     3.430,    293.551
     3.440,    296.586
     3.450,    299.652
     3.460,    302.749
     3.470,    305.876
     3.480,    309.035
     3.490,    312.225
     3.500,    315.447
     3.510,    318.702
     3.520,    321.989
     3.530,    325.309
     3.540,    328.662
     3.550,    332.048
     3.560,    335.469
     3.570,    338.924
     3.580,    342.413
     3.590,    345.937
     3.600,    349.496
     3.610,    353.091
     3.620,    356.722
     3.630,    360.389
     3.640,    364.093
     3.650,    367.834
     3.660,    371.613
     3.670,    375.429
     3.680,    379.283
     3.690,    383.176
     3.700,    387.108
     3.710,    391.079
     3.720,    395.090
     3.730,    399.140
     3.740,    403.232
     3.750,    407.364
     3.760,    411.538
     3.770,    415.753
     3.780,    420.011
     3.790,    424.311
     3.800,    428.654
     3.810,    433.040
     3.820,    437.471
     3.830,    441.946
     3.840,    446.465
     3.850,    451.030
     3.860,    455.640
     3.870,    460.296
     3.880,    464.999
     3.890,    469.749
     3.900,    474.547
     3.910,    479.392
     3.920,    484.286
     3.930,    489.229
     3.940,    494.221
     3.950,    499.264
     3.960,    504.356
     3.970,    509.500
     3.980,    514.695
     3.990,    519.942
     4.000,    525.241
     4.010,    530.594
     4.020,    535.999
     4.030,    541.459
     4.040,    546.974
     4.050,    552.544
     4.060,    558.169
     4.070,    563.851
     4.080,    569.589
     4.090,    575.385
     4.100,    581.239
     4.110,    587.152
     4.120,    593.123
     4.130,    599.154
     4.140,    605.246
     4.150,    611.398
     4.160,    617.612
     4.170,    623.888
     4.180,    630.227
     4.190,    636.630
     4.200,    643.096
     4.210,    649.627
     4.220,    656.223
     4.230,    662.885
     4.240,    669.614
     4.250,    676.410
     4.260,    683.274
     4.270,    690.207
     4.280,    697.209
     4.290,    704.281
     4.300,    711.424
     4.310,    718.638
     4.320,    725.925
     4.330,    733.284
     4.340,    740.717
     4.350,    748.224
     4.360,    755.806
     4.370,    763.464
     4.380,    771.199
     4.390,    779.011
     4.400,    786.901
     4.410,    794.870
     4.420,    802.919
     4.430,    811.048
     4.440,    819.258
     4.450,    827.551
     4.460,    835.927
     4.470,    844.386
     4.480,    852.930
     4.490,    861.559
     4.500,    870.275
     4.510,    879.077
     4.520,    887.968
     4.530,    896.948
     4.540,    906.017
     4.550,    915.177
     4.560,    924.429
     4.570,    933.773
     4.580,    943.211
     4.590,    952.743
     4.600,    962.371
     4.610,    972.094
     4.620,    981.915
     4.630,    991.835
     4.640,   1001.853
     4.650,   1011.971
     4.660,   1022.191
     4.670,   1032.513
     4.680,   1042.938
     4.690,   1053.468
     4.700,   1064.102
     4.710,   1074.843
     4.720,   1085.692
     4.730,   1096.649
     4.740,   1107.715
     4.750,   1118.892
     4.760,   1130.181
     4.770,   1141.583
     4.780,   1153.099
     4.790,   1164.730
     4.800,   1176.477
     4.810,   1188.342
     4.820,   1200.325
     4.830,   1212.429
     4.840,   1224.653
     4.850,   1236.999
     4.860,   1249.469
     4.870,   1262.064
     4.880,   1274.785
     4.890,   1287.633
     4.900,   1300.609
     4.910,   1313.715
     4.920,   1326.952
     4.930,   1340.322
     4.940,   1353.825
     4.950,   1367.463
     4.960,   1381.238
     4.970,   1395.150
     4.980,   1409.202
     4.990,   1423.394
     5.000,   1437.728
     5.010,   1452.205
     5.020,   1466.827
     5.030,   1481.595
     5.040,   1496.511
     5.050,   1511.576
     5.060,   1526.792
     5.070,   1542.160
     5.080,   1557.681
     5.090,   1573.358
     5.100,   1589.192
     5.110,   1605.184
     5.120,   1621.336
     5.130,   1637.649
     5.140,   1654.125
     5.150,   1670.767
     5.160,   1687.574
     5.170,   1704.550
     5.180,   1721.696
     5.190,   1739.013
     5.200,   1756.503
     5.210,   1774.168
     5.220,   1792.009
     5.230,   1810.030
     5.240,   1828.230
     5.250,   1846.612
     5.260,   1865.178
     5.270,   1883.930
     5.280,   1902.869
     5.290,   1921.998
     5.300,   1941.318
     5.310,   1960.831
     5.320,   1980.540
     5.330,   2000.445
     5.340,   2020.549
     5.350,   2040.855
     5.360,   2061.363
     5.370,   2082.077
     5.380,   2102.998
     5.390,   2124.128
     5.400,   2145.469
     5.410,   2167.024
     5.420,   2188.794
     5.430,   2210.782
     5.440,   2232.990
     5.450,   2255.420
     5.460,   2278.074
     5.470,   2300.955
     5.480,   2324.064
     5.490,   2347.405
     5.500,   2370.979
     5.510,   2394.789
     5.520,   2418.836
     5.530,   2443.125
     5.540,   2467.656
     5.550,   2492.433
     5.560,   2517.457
     5.570,   2542.732
     5.580,   2568.259
     5.590,   2594.041
     5.600,   2620.082
     5.610,   2646.383
     5.620,   2672.946
     5.630,   2699.776
     5.640,   2726.874
     5.650,   2754.242
     5.660,   2781.885
     5.670,   2809.804
     5.680,   2838.002
     5.690,   2866.482
     5.700,   2895.247
     5.710,   2924.299
     5.720,   2953.642
     5.730,   2983.278
     5.740,   3013.211
     5.750,   3043.443
     5.760,   3073.978
     5.770,   3104.818
     5.780,   3135.966
     5.790,   3167.425
     5.800,   3199.200
     5.810,   3231.292
     5.820,   3263.705
     5.830,   3296.442
     5.840,   3329.506
     5.850,   3362.901
     5.860,   3396.630
     5.870,   3430.696
     5.880,   3465.103
     5.890,   3499.854
     5.900,   3534.953
     5.910,   3570.402
     5.920,   3606.206
     5.930,   3642.369
     5.940,   3678.892
     5.950,   3715.781
     5.960,   3753.039
     5.970,   3790.669
     5.980,   3828.676
     5.990,   3867.063
     6.000,   3905.833
     6.010,   3944.992
     6.020,   3984.542
     6.030,   4024.487
     6.040,   4064.832
     6.050,   4105.580
     6.060,   4146.736
     6.070,   4188.303
     6.080,   4230.287
     6.090,   4272.689
     6.100,   4315.516
     6.110,   4358.771
     6.120,   4402.459
     6.130,   4446.584
     6.140,   4491.150
     6.150,   4536.161
     6.160,   4581.623
     6.170,   4627.539
     6.180,   4673.914
     6.190,   4720.753
     6.200,   4768.061
     6.210,   4815.842
     6.220,   4864.100
     6.230,   4912.841
     6.240,   4962.069
     6.250,   5011.790
     6.260,   5062.008
     6.270,   5112.728
     6.280,   5163.955
     6.290,   5215.695
     6.300,   5267.952
     6.310,   5320.731
     6.320,   5374.039
     6.330,   5427.879
     6.340,   5482.258
     6.350,   5537.180
     6.360,   5592.652
     6.370,   5648.679
     6.380,   5705.266
     6.390,   5762.418
     6.400,   5820.142
     6.410,   5878.444
     6.420,   5937.328
     6.430,   5996.801
     6.440,   6056.870
     6.450,   6117.538
     6.460,   6178.814
     6.470,   6240.702
     6.480,   6303.209
     6.490,   6366.341
     6.500,   6430.104
     6.510,   6494.505
     6.520,   6559.550
     6.530,   6625.246
     6.540,   6691.598
     6.550,   6758.614
     6.560,   6826.300
     6.570,   6894.663
     6.580,   6963.710
     6.590,   7033.447
     6.600,   7103.882
     6.610,   7175.020
     6.620,   7246.871
     6.630,   7319.439
     6.640,   7392.734
     6.650,   7466.761
     6.660,   7541.529
     6.670,   7617.044
     6.680,   7693.314
     6.690,   7770.348
     6.700,   7848.151
     6.710,   7926.733
     6.720,   8006.100
     6.730,   8086.261
     6.740,   8167.223
     6.750,   8248.996
     6.760,   8331.586
     6.770,   8415.001
     6.780,   8499.251
     6.790,   8584.344
     6.800,   8670.287
     6.810,   8757.090
     6.820,   8844.761
     6.830,   8933.309
     6.840,   9022.742
     6.850,   9113.069
     6.860,   9204.300
     6.870,   9296.443
     6.880,   9389.507
     6.890,   9483.503
     6.900,   9578.438
     6.910,   9674.322
     6.920,   9771.165
     6.930,   9868.977
     6.940,   9967.767
     6.950,  10067.544
     6.960,  10168.320
     6.970,  10270.103
     6.980,  10372.904
     6.990,  10476.733
     7.000,  10581.600
     7.010,  10687.516
     7.020,  10794.491
     7.030,  10902.536
     7.040,  11011.662
     7.050,  11121.878
     7.060,  11233.197
     7.070,  11345.629
     7.080,  11459.185
     7.090,  11573.877
     7.100,  11689.716
     7.110,  11806.713
     7.120,  11924.880
     7.130,  12044.229
     7.140,  12164.771
     7.150,  12286.519
     7.160,  12409.484
     7.170,  12533.679
     7.180,  12659.116
     7.190,  12785.807
     7.200,  12913.765
     7.210,  13043.003
     7.220,  13173.533
     7.230,  13305.368
     7.240,  13438.522
     7.250,  13573.007
     7.260,  13708.837
     7.270,  13846.025
     7.280,  13984.586
     7.290,  14124.531
     7.300,  14265.877
     7.310,  14408.636
     7.320,  14552.822
     7.330,  14698.450
     7.340,  14845.535
     7.350,  14994.090
     7.360,  15144.131
     7.370,  15295.672
     7.380,  15448.729
     7.390,  15603.316
     7.400,  15759.449
     7.410,  15917.144
     7.420,  16076.415
     7.430,  16237.279
     7.440,  16399.752
     7.450,  16563.850
     7.460,  16729.588
     7.470,  16896.984
     7.480,  17066.054
     7.490,  17236.814
     7.500,  17409.283
     7.510,  17583.475
     7.520,  17759.410
     7.530,  17937.104
     7.540,  18116.575
     7.550,  18297.841
     7.560,  18480.919
     7.570,  18665.829
     7.580,  18852.587
     7.590,  19041.213
     7.600,  19231.725
     7.610,  19424.142
     7.620,  19618.484
     7.630,  19814.768
     7.640,  20013.016
     7.650,  20213.246
     7.660,  20415.479
     7.670,  20619.733
     7.680,  20826.031
     7.690,  21034.391
     7.700,  21244.835
     7.710,  21457.383
     7.720,  21672.057
     7.730,  21888.878
     7.740,  22107.867
     7.750,  22329.045
     7.760,  22552.436
     7.770,  22778.060
     7.780,  23005.941
     7.790,  23236.100
     7.800,  23468.561
     7.810,  23703.347
     7.820,  23940.480
     7.830,  24179.985
     7.840,  24421.885
     7.850,  24666.204
     7.860,  24912.966
     7.870,  25162.195
     7.880,  25413.917
     7.890,  25668.156
     7.900,  25924.938
     7.910,  26184.287
     7.920,  26446.230
     7.930,  26710.792
     7.940,  26978.000
     7.950,  27247.880
     7.960,  27520.459
     7.970,  27795.764
     7.980,  28073.821
     7.990,  28354.660
     8.000,  28638.306
     8.010,  28924.789
     8.020,  29214.137
     8.030,  29506.378
     8.040,  29801.542
     8.050,  30099.658
     8.060,  30400.754
     8.070,  30704.862
     8.080,  31012.010
     8.090,  31322.230
     8.100,  31635.553
     8.110,  31952.008
     8.120,  32271.628
     8.130,  32594.445
     8.140,  32920.489
     8.150,  33249.794
     8.160,  33582.392
     8.170,  33918.316
     8.180,  34257.599
     8.190,  34600.275
     8.200,  34946.378
     8.210,  35295.941
     8.220,  35649.001
     8.230,  36005.591
     8.240,  36365.747
     8.250,  36729.504
     8.260,  37096.899
     8.270,  37467.968
     8.280,  37842.748
     8.290,  38221.275
     8.300,  38603.588
     8.310,  38989.724
     8.320,  39379.721
     8.330,  39773.618
     8.340,  40171.455
     8.350,  40573.269
     8.360,  40979.102
     8.370,  41388.993
     8.380,  41802.983
     8.390,  42221.113
     8.400,  42643.424
     8.410,  43069.958
     8.420,  43500.757
     8.430,  43935.865
     8.440,  44375.324
     8.450,  44819.177
     8.460,  45267.469
     8.470,  45720.243
     8.480,  46177.546
     8.490,  46639.421
     8.500,  47105.915
     8.510,  47577.075
     8.520,  48052.945
     8.530,  48533.575
     8.540,  49019.010
     8.550,  49509.301
     8.560,  50004.494
     8.570,  50504.638
     8.580,  51009.785
     8.590,  51519.983
     8.600,  52035.283
     8.610,  52555.735
     8.620,  53081.393
     8.630,  53612.307
     8.640,  54148.530
     8.650,  54690.115
     8.660,  55237.116
     8.670,  55789.587
     8.680,  56347.583
     8.690,  56911.159
     8.700,  57480.370
     8.710,  58055.274
     8.720,  58635.927
     8.730,  59222.386
     8.740,  59814.710
     8.750,  60412.957
     8.760,  61017.187
     8.770,  61627.458
     8.780,  62243.833
     8.790,  62866.371
     8.800,  63495.135
     8.810,  64130.186
     8.820,  64771.588
     8.830,  65419.404
     8.840,  66073.698
     8.850,  66734.535
     8.860,  67401.980
     8.870,  68076.100
     8.880,  68756.961
     8.890,  69444.631
     8.900,  70139.177
     8.910,  70840.669
     8.920,  71549.176
     8.930,  72264.767
     8.940,  72987.515
     8.950,  73717.490
     8.960,  74454.765
     8.970,  75199.413
     8.980,  75951.507
     8.990,  76711.122
     9.000,  77478.333
     9.010,  78253.216
     9.020,  79035.848
     9.030,  79826.307
     9.040,  80624.670
     9.050,  81431.017
     9.060,  82245.427
     9.070,  83067.981
     9.080,  83898.761
     9.090,  84737.848
     9.100,  85585.327
     9.110,  86441.280
     9.120,  87305.793
     9.130,  88178.951
     9.140,  89060.840
     9.150,  89951.549
     9.160,  90851.164
     9.170,  91759.776
     9.180,  92677.474
     9.190,  93604.348
     9.200,  94540.492
     9.210,  95485.997
     9.220,  96440.957
     9.230,  97405.466
     9.240,  98379.621
     9.250,  99363.517
     9.260, 100357.252
     9.270, 101360.925
     9.280, 102374.634
     9.290, 103398.480
     9.300, 104432.565
     9.310, 105476.990
     9.320, 106531.860
     9.330, 107597.279
     9.340, 108673.352
     9.350, 109760.185
     9.360, 110857.887
     9.370, 111966.566
     9.380, 113086.332
     9.390, 114217.295
     9.400, 115359.568
     9.410, 116513.263
     9.420, 117678.496
     9.430, 118855.381
     9.440, 120044.035
     9.450, 121244.575
     9.460, 122457.121
     9.470, 123681.792
     9.480, 124918.710
     9.490, 126167.997
     9.500, 127429.777
     9.510, 128704.175
     9.520, 129991.316
     9.530, 131291.329
     9.540, 132604.343
     9.550, 133930.486
     9.560, 135269.891
     9.570, 136622.690
     9.580, 137989.017
     9.590, 139369.007
     9.600, 140762.797
     9.610, 142170.525
     9.620, 143592.330
     9.630, 145028.353
     9.640, 146478.737
     9.650, 147943.624
     9.660, 149423.160
     9.670, 150917.492
     9.680, 152426.767
     9.690, 153951.134
     9.700, 155490.746
     9.710, 157045.753
     9.720, 158616.311
     9.730, 160202.574
     9.740, 161804.699
     9.750, 163422.846
     9.760, 165057.175
     9.770, 166707.846
     9.780, 168375.025
     9.790, 170058.875
     9.800, 171759.564
     9.810, 173477.259
     9.820, 175212.132
     9.830, 176964.353
     9.840, 178734.097
     9.850, 180521.538
     9.860, 182326.853
     9.870, 184150.221
     9.880, 185991.824
     9.890, 187851.842
     9.900, 189730.460
     9.910, 191627.865
     9.920, 193544.243
     9.930, 195479.786
     9.940, 197434.684
     9.950, 199409.130
     9.960, 201403.322
     9.970, 203417.455
     9.980, 205451.729
     9.990, 207506.347
    10.000, 209581.510
    10.010, 211677.425
    10.020, 213794.299
    10.030, 215932.342
    10.040, 218091.766
    10.050, 220272.783
    10.060, 222475.611
    10.070, 224700.467
    10.080, 226947.572
    10.090, 229217.147
    10.100, 231509.419
    10.110, 233824.613
    10.120, 236162.959
    10.130, 238524.688
    10.140, 240910.035
    10.150, 243319.236
    10.160, 245752.528
    10.170, 248210.153
    10.180, 250692.355
    10.190, 253199.378
    10.200, 255731.472
    10.210, 258288.886
    10.220, 260871.875
    10.230, 263480.694
    10.240, 266115.601
    10.250, 268776.857
    10.260, 271464.725
    10.270, 274179.473
    10.280, 276921.367
    10.290, 279690.681
    10.300, 282487.688
    10.310, 285312.664
    10.320, 288165.891
    10.330, 291047.650
    10.340, 293958.226
    10.350, 296897.908
    10.360, 299866.987
    10.370, 302865.757
    10.380, 305894.515
    10.390, 308953.560
    10.400, 312043.195
    10.410, 315163.727
    10.420, 318315.464
    10.430, 321498.719
    10.440, 324713.806
    10.450, 327961.044
    10.460, 331240.754
    10.470, 334553.262
    10.480, 337898.894
    10.490, 341277.983
    10.500, 344690.863
    10.510, 348137.872
    10.520, 351619.350
    10.530, 355135.644
    10.540, 358687.100
    10.550, 362274.071
    10.560, 365896.912
    10.570, 369555.981
    10.580, 373251.640
    10.590, 376984.257
    10.600, 380754.199
    10.610, 384561.841
    10.620, 388407.559
    10.630, 392291.735
    10.640, 396214.752
    10.650, 400177.000
    10.660, 404178.870
    10.670, 408220.758
    10.680, 412303.066
    10.690, 416426.196
    10.700, 420590.558
    10.710, 424796.564
    10.720, 429044.629
    10.730, 433335.175
    10.740, 437668.627
    10.750, 442045.413
    10.760, 446465.967
    10.770, 450930.727
    10.780, 455440.134
    10.790, 459994.635
    10.800, 464594.681
    10.810, 469240.728
    10.820, 473933.235
    10.830, 478672.668
    10.840, 483459.494
    10.850, 488294.189
    10.860, 493177.231
    10.870, 498109.103
    10.880, 503090.294
    10.890, 508121.297
    10.900, 513202.609
    10.910, 518334.735
    10.920, 523518.183
    10.930, 528753.464
    10.940, 534041.099
    10.950, 539381.610
    10.960, 544775.526
    10.970, 550223.381
    10.980, 555725.715
    10.990, 561283.072
    11.000, 566896.002
    11.010, 572565.062
    11.020, 578290.813
    11.030, 584073.821
    11.040, 589914.659
    11.050, 595813.905
    11.060, 601772.144
    11.070, 607789.965
    11.080, 613867.965
    11.090, 620006.744
    11.100, 626206.912
    11.110, 632469.081
    11.120, 638793.871
    11.130, 645181.910
    11.140, 651633.829
    11.150, 658150.267
    11.160, 664731.870
    11.170, 671379.288
    11.180, 678093.181
    11.190, 684874.212
    11.200, 691723.054
    11.210, 698640.385
    11.220, 705626.889
    11.230, 712683.257
    11.240, 719810.190
    11.250, 727008.391
    11.260, 734278.575
    11.270, 741621.461
    11.280, 749037.775
    11.290, 756528.253
    11.300, 764093.635
    11.310, 771734.671
    11.320, 779452.118
    11.330, 787246.739
    11.340, 795119.306
    11.350, 803070.599
    11.360, 811101.405
    11.370, 819212.519
    11.380, 827404.744
    11.390, 835678.891
    11.400, 844035.780
    11.410, 852476.237
    11.420, 861001.099
    11.430, 869611.210
    11.440, 878307.422
    11.450, 887090.596
    11.460, 895961.602
    11.470, 904921.318
    11.480, 913970.631
    11.490, 923110.437
    11.500, 932341.641
    11.510, 941665.157
    11.520, 951081.908
    11.530, 960592.827
    11.540, 970198.855
    11.550, 979900.944
    11.560, 989700.053
    11.570, 999597.153
    11.580, **********
    11.590, **********
    11.600, **********
    11.610, **********
    11.620, **********
    11.630, **********
    11.640, **********
    11.650, **********
    11.660, **********
    11.670, **********
    11.680, **********
    11.690, **********
    11.700, **********
    11.710, **********
    11.720, **********
    11.730, **********
    11.740, **********
    11.750, **********
    11.760, **********
    11.770, **********
    11.780, **********
    11.790, **********
    11.800, **********
    11.810, **********
    11.820, **********
    11.830, **********
    11.840, **********
    11.850, **********
    11.860, **********
    11.870, **********
    11.880, **********
    11.890, **********
    11.900, **********
    11.910, **********
    11.920, **********
    11.930, **********
    11.940, **********
    11.950, **********
    11.960, **********
    11.970, **********
    11.980, **********
    11.990, **********
    12.000, **********
    12.010, **********
    12.020, **********
    12.030, **********
    12.040, **********
    12.050, **********
    12.060, **********
    12.070, **********
    12.080, **********
    12.090, **********
    12.100, **********
    12.110, **********
    12.120, **********
    12.130, **********
    12.140, **********
    12.150, **********
    12.160, **********
    12.170, **********
    12.180, **********
    12.190, **********
    12.200, **********
    12.210, **********
    12.220, **********
    12.230, **********
    12.240, **********
    12.250, **********
    12.260, **********
    12.270, **********
    12.280, **********
    12.290, **********
    12.300, **********
    12.310, **********
    12.320, **********
    12.330, **********
    12.340, **********
    12.350, **********
    12.360, **********
    12.370, **********
    12.380, **********
    12.390, **********
    12.400, **********
    12.410, **********
    12.420, **********
    12.430, **********
    12.440, **********
    12.450, **********
    12.460, **********
    12.470, **********
    12.480, **********
    12.490, **********
    12.500, **********
    12.510, **********
    12.520, **********
    12.530, **********
    12.540, **********
    12.550, **********
    12.560, **********
    12.570, **********
    12.580, **********
    12.590, **********
    12.600, **********
    12.610, **********
    12.620, **********
    12.630, **********
    12.640, **********
    12.650, **********
    12.660, **********
    12.670, **********
    12.680, **********
    12.690, **********
    12.700, **********
    12.710, **********
    12.720, **********
    12.730, **********
    12.740, **********
    12.750, **********
    12.760, **********
    12.770, **********
    12.780, **********
    12.790, **********
    12.800, **********
    12.810, **********
    12.820, **********
    12.830, **********
    12.840, **********
    12.850, **********
    12.860, **********
    12.870, **********
    12.880, **********
    12.890, **********
    12.900, **********
    12.910, **********
    12.920, **********
    12.930, **********
    12.940, **********
    12.950, **********
    12.960, **********
    12.970, **********
    12.980, **********
    12.990, **********
    13.000, **********
    13.010, **********
    13.020, **********
    13.030, **********
    13.040, **********
    13.050, **********
    13.060, **********
    13.070, **********
    13.080, **********
    13.090, **********
    13.100, **********
    13.110, **********
    13.120, **********
    13.130, **********
    13.140, **********
    13.150, **********
    13.160, **********
    13.170, **********
    13.180, **********
    13.190, **********
    13.200, **********
    13.210, **********
    13.220, **********
    13.230, **********
    13.240, **********
    13.250, **********
    13.260, **********
    13.270, **********
    13.280, **********
    13.290, **********
    13.300, **********
    13.310, **********
    13.320, **********
    13.330, **********
    13.340, **********
    13.350, **********
    13.360, **********
    13.370, **********
    13.380, **********
    13.390, **********
    13.400, **********
    13.410, **********
    13.420, **********
    13.430, **********
    13.440, **********
    13.450, **********
    13.460, **********
    13.470, **********
    13.480, **********
    13.490, **********
    13.500, **********
    13.510, **********
    13.520, **********
    13.530, **********
    13.540, **********
    13.550, **********
    13.560, **********
    13.570, **********
    13.580, **********
    13.590, **********
    13.600, **********
    13.610, **********
    13.620, **********
    13.630, **********
    13.640, **********
    13.650, **********
    13.660, **********
    13.670, **********
    13.680, **********
    13.690, **********
    13.700, **********
    13.710, **********
    13.720, **********
    13.730, **********
    13.740, **********
    13.750, **********
    13.760, **********
    13.770, **********
    13.780, **********
    13.790, **********
    13.800, **********
    13.810, **********
    13.820, **********
    13.830, **********
    13.840, **********
    13.850, **********
    13.860, **********
    13.870, **********
    13.880, **********
    13.890, **********
    13.900, **********
    13.910, **********
    13.920, **********
    13.930, **********
    13.940, **********
    13.950, **********
    13.960, **********
    13.970, **********
    13.980, **********
    13.990, **********
    14.000, **********
    14.010, **********
    14.020, **********
    14.030, **********
    14.040, **********
    14.050, **********
    14.060, **********
    14.070, **********
    14.080, **********
    14.090, **********
    14.100, **********
    14.110, **********
    14.120, **********
    14.130, **********
    14.140, **********
    14.150, **********
    14.160, **********
    14.170, **********
    14.180, **********
    14.190, **********
    14.200, **********
    14.210, **********
    14.220, **********
    14.230, **********
    14.240, **********
    14.250, **********
    14.260, **********
    14.270, **********
    14.280, **********
    14.290, **********
    14.300, **********
    14.310, **********
    14.320, **********
    14.330, **********
    14.340, **********
    14.350, **********
    14.360, **********
    14.370, **********
    14.380, **********
    14.390, **********
    14.400, **********
    14.410, **********
    14.420, **********
    14.430, **********
    14.440, **********
    14.450, **********
    14.460, **********
    14.470, **********
    14.480, **********
    14.490, **********
    14.500, **********
    14.510, **********
    14.520, **********
    14.530, **********
    14.540, **********
    14.550, **********
    14.560, **********
    14.570, **********
    14.580, **********
    14.590, **********
    14.600, **********
    14.610, **********
    14.620, **********
    14.630, **********
    14.640, **********
    14.650, **********
    14.660, **********
    14.670, **********
    14.680, **********
    14.690, **********
    14.700, **********
    14.710, **********
    14.720, **********
    14.730, **********
    14.740, **********
    14.750, **********
    14.760, **********
    14.770, **********
    14.780, **********
    14.790, **********
    14.800, **********
    14.810, **********
    14.820, **********
    14.830, **********
    14.840, **********
    14.850, **********
    14.860, **********
    14.870, **********
    14.880, **********
    14.890, **********
    14.900, **********
    14.910, **********
    14.920, **********
    14.930, **********
    14.940, **********
    14.950, **********
    14.960, **********
    14.970, **********
    14.980, **********
    14.990, **********
    15.000, **********
    15.010, **********
    15.020, **********
    15.030, **********
    15.040, **********
    15.050, **********
    15.060, **********
    15.070, **********
    15.080, **********
    15.090, **********
    15.100, **********
    15.110, **********
    15.120, **********
    15.130, **********
    15.140, **********
    15.150, **********
    15.160, **********
    15.170, **********
    15.180, **********
    15.190, **********
    15.200, **********
    15.210, **********
    15.220, **********
    15.230, **********
    15.240, **********
    15.250, **********
    15.260, **********
    15.270, **********
    15.280, **********
    15.290, **********
    15.300, **********
    15.310, **********
    15.320, **********
    15.330, **********
    15.340, **********
    15.350, **********
    15.360, **********
    15.370, **********
    15.380, **********
    15.390, **********
    15.400, **********
    15.410, **********
    15.420, **********
    15.430, **********
    15.440, **********
    15.450, **********
    15.460, **********
    15.470, **********
    15.480, **********
    15.490, **********
    15.500, **********
    15.510, **********
    15.520, **********
    15.530, **********
    15.540, **********
    15.550, **********
    15.560, **********
    15.570, **********
    15.580, **********
    15.590, **********
    15.600, **********
    15.610, **********
    15.620, **********
    15.630, **********
    15.640, **********
    15.650, **********
    15.660, **********
    15.670, **********
    15.680, **********
    15.690, **********
    15.700, **********
    15.710, **********
    15.720, **********
    15.730, **********
    15.740, **********
    15.750, **********
    15.760, **********
    15.770, **********
    15.780, **********
    15.790, **********
    15.800, **********
    15.810, **********
    15.820, **********
    15.830, **********
    15.840, **********
    15.850, **********
    15.860, **********
    15.870, **********
    15.880, **********
    15.890, **********
    15.900, **********
    15.910, **********
    15.920, **********
    15.930, **********
    15.940, **********
    15.950, **********
    15.960, **********
    15.970, **********
    15.980, **********
    15.990, **********
    16.000, **********
    16.010, **********
    16.020, **********
    16.030, **********
    16.040, **********
    16.050, **********
    16.060, **********
    16.070, **********
    16.080, **********
    16.090, **********
    16.100, **********
    16.110, **********
    16.120, **********
    16.130, **********
    16.140, **********
    16.150, **********
    16.160, **********
    16.170, **********
    16.180, **********
    16.190, **********
    16.200, **********
    16.210, **********
    16.220, **********
    16.230, **********
    16.240, **********
    16.250, **********
    16.260, **********
    16.270, **********
    16.280, **********
    16.290, **********
    16.300, **********
    16.310, **********
    16.320, **********
    16.330, **********
    16.340, **********
    16.350, **********
    16.360, **********
    16.370, **********
    16.380, **********
    16.390, **********
    16.400, **********
    16.410, **********
    16.420, **********
    16.430, **********
    16.440, **********
    16.450, **********
    16.460, **********
    16.470, **********
    16.480, **********
    16.490, **********
    16.500, **********
    16.510, **********
    16.520, **********
    16.530, **********
    16.540, **********
    16.550, **********
    16.560, **********
    16.570, **********
    16.580, **********
    16.590, **********
    16.600, **********
    16.610, **********
    16.620, **********
    16.630, **********
    16.640, **********
    16.650, **********
    16.660, **********
    16.670, **********
    16.680, **********
    16.690, **********
    16.700, **********
    16.710, **********
    16.720, **********
    16.730, **********
    16.740, **********
    16.750, **********
    16.760, **********
    16.770, **********
    16.780, **********
    16.790, **********
    16.800, **********
    16.810, **********
    16.820, **********
    16.830, **********
    16.840, **********
    16.850, **********
    16.860, **********
    16.870, **********
    16.880, **********
    16.890, **********
    16.900, **********
    16.910, **********
    16.920, **********
    16.930, **********
    16.940, **********
    16.950, **********
    16.960, **********
    16.970, **********
    16.980, **********
    16.990, **********
    17.000, **********
    17.010, **********
    17.020, **********
    17.030, **********
    17.040, **********
    17.050, **********
    17.060, **********
    17.070, **********
    17.080, **********
    17.090, **********
    17.100, **********
    17.110, **********
    17.120, **********
    17.130, **********
    17.140, **********
    17.150, **********
    17.160, **********
    17.170, **********
    17.180, **********
    17.190, **********
    17.200, **********
    17.210, **********
    17.220, **********
    17.230, **********
    17.240, **********
    17.250, **********
    17.260, **********
    17.270, **********
    17.280, **********
    17.290, **********
    17.300, **********
    17.310, **********
    17.320, **********
    17.330, **********
    17.340, **********
    17.350, **********
    17.360, **********
    17.370, **********
    17.380, **********
    17.390, **********
    17.400, **********
    17.410, **********
    17.420, **********
    17.430, **********
    17.440, **********
    17.450, **********
    17.460, **********
    17.470, **********
    17.480, **********
    17.490, **********
    17.500, **********
    17.510, **********
    17.520, **********
    17.530, **********
    17.540, **********
    17.550, **********
    17.560, **********
    17.570, **********
    17.580, **********
    17.590, **********
    17.600, **********
    17.610, **********
    17.620, **********
    17.630, **********
    17.640, **********
    17.650, **********
    17.660, **********
    17.670, **********
    17.680, **********
    17.690, **********
    17.700, **********
    17.710, **********
    17.720, **********
    17.730, **********
    17.740, **********
    17.750, **********
    17.760, **********
    17.770, **********
    17.780, **********
    17.790, **********
    17.800, **********
    17.810, **********
    17.820, **********
    17.830, **********
    17.840, **********
    17.850, **********
    17.860, **********
    17.870, **********
    17.880, **********
    17.890, **********
    17.900, **********
    17.910, **********
    17.920, **********
    17.930, **********
    17.940, **********
    17.950, **********
    17.960, **********
    17.970, **********
    17.980, **********
    17.990, **********
    18.000, **********
    18.010, **********
    18.020, **********
    18.030, **********
    18.040, **********
    18.050, **********
    18.060, **********
    18.070, **********
    18.080, **********
    18.090, **********
    18.100, **********
    18.110, **********
    18.120, **********
    18.130, **********
    18.140, **********
    18.150, **********
    18.160, **********
    18.170, **********
    18.180, **********
    18.190, **********
    18.200, **********
    18.210, **********
    18.220, **********
    18.230, **********
    18.240, **********
    18.250, **********
    18.260, **********
    18.270, **********
    18.280, **********
    18.290, **********
    18.300, **********
    18.310, **********
    18.320, **********
    18.330, **********
    18.340, **********
    18.350, **********
    18.360, **********
    18.370, **********
    18.380, **********
    18.390, **********
    18.400, **********
    18.410, **********
    18.420, **********
    18.430, **********
    18.440, **********
    18.450, **********
    18.460, **********
    18.470, **********
    18.480, **********
    18.490, **********
    18.500, **********
    18.510, **********
    18.520, **********
    18.530, **********
    18.540, **********
    18.550, **********
    18.560, **********
    18.570, **********
    18.580, **********
    18.590, **********
    18.600, **********
    18.610, **********
    18.620, **********
    18.630, **********
    18.640, **********
    18.650, **********
    18.660, **********
    18.670, **********
    18.680, **********
    18.690, **********
    18.700, **********
    18.710, **********
    18.720, **********
    18.730, **********
    18.740, **********
    18.750, **********
    18.760, **********
    18.770, **********
    18.780, **********
    18.790, **********
    18.800, **********
    18.810, **********
    18.820, **********
    18.830, **********
    18.840, **********
    18.850, **********
    18.860, **********
    18.870, **********
    18.880, **********
    18.890, **********
    18.900, **********
    18.910, **********
    18.920, **********
    18.930, **********
    18.940, **********
    18.950, **********
    18.960, **********
    18.970, **********
    18.980, **********
    18.990, **********
    19.000, **********
    19.010, **********
    19.020, **********
    19.030, **********
    19.040, **********
    19.050, **********
    19.060, **********
    19.070, **********
    19.080, **********
    19.090, **********
    19.100, **********
    19.110, **********
    19.120, **********
    19.130, **********
    19.140, **********
    19.150, **********
    19.160, **********
    19.170, **********
    19.180, **********
    19.190, **********
    19.200, **********
    19.210, **********
    19.220, **********
    19.230, **********
    19.240, **********
    19.250, **********
    19.260, **********
    19.270, **********
    19.280, **********
    19.290, **********
    19.300, **********
    19.310, **********
    19.320, **********
    19.330, **********
    19.340, **********
    19.350, **********
    19.360, **********
    19.370, **********
    19.380, **********
    19.390, **********
    19.400, **********
    19.410, **********
    19.420, **********
    19.430, **********
    19.440, **********
    19.450, **********
    19.460, **********
    19.470, **********
    19.480, **********
    19.490, **********
    19.500, **********
    19.510, **********
    19.520, **********
    19.530, **********
    19.540, **********
    19.550, **********
    19.560, **********
    19.570, **********
    19.580, **********
    19.590, **********
    19.600, **********
    19.610, **********
    19.620, **********
    19.630, **********
    19.640, **********
    19.650, **********
    19.660, **********
    19.670, **********
    19.680, **********
    19.690, **********
    19.700, **********
    19.710, **********
    19.720, **********
    19.730, **********
    19.740, **********
    19.750, **********
    19.760, **********
    19.770, **********
    19.780, **********
    19.790, **********
    19.800, **********
    19.810, **********
    19.820, **********
    19.830, **********
    19.840, **********
    19.850, **********
    19.860, **********
    19.870, **********
    19.880, **********
    19.890, **********
    19.900, **********
    19.910, **********
    19.920, **********
    19.930, **********
    19.940, **********
    19.950, **********
    19.960, **********
    19.970, **********
    19.980, **********
    19.990, **********
    20.000, **********
    20.010, **********
    20.020, **********
    20.030, **********
    20.040, **********
    20.050, **********
    20.060, **********
    20.070, **********
    20.080, **********
    20.090, **********
    20.100, **********
    20.110, **********
    20.120, **********
    20.130, **********
    20.140, **********
    20.150, **********
    20.160, **********
    20.170, **********
    20.180, **********
    20.190, **********
    20.200, **********
    20.210, **********
    20.220, **********
    20.230, **********
    20.240, **********
    20.250, **********
    20.260, **********
    20.270, **********
    20.280, **********
    20.290, **********
    20.300, **********
    20.310, **********
    20.320, **********
    20.330, **********
    20.340, **********
    20.350, **********
    20.360, **********
    20.370, **********
    20.380, **********
    20.390, **********
    20.400, **********
    20.410, **********
    20.420, **********
    20.430, **********
    20.440, **********
    20.450, **********
    20.460, **********
    20.470, **********
    20.480, **********
    20.490, **********
    20.500, **********
    20.510, **********
    20.520, **********
    20.530, **********
    20.540, **********
    20.550, **********
    20.560, **********
    20.570, **********
    20.580, **********
    20.590, **********
    20.600, **********
    20.610, **********
    20.620, **********
    20.630, **********
    20.640, **********
    20.650, **********
    20.660, **********
    20.670, **********
    20.680, **********
    20.690, **********
    20.700, **********
    20.710, **********
    20.720, **********
    20.730, **********
    20.740, **********
    20.750, **********
    20.760, **********
    20.770, **********
    20.780, **********
    20.790, **********
    20.800, **********
    20.810, **********
    20.820, **********
    20.830, **********
    20.840, **********
    20.850, **********
    20.860, **********
    20.870, **********
    20.880, **********
    20.890, **********
    20.900, **********
    20.910, **********
    20.920, **********
    20.930, **********
    20.940, **********
    20.950, **********
    20.960, **********
    20.970, **********
    20.980, **********
    20.990, **********
    21.000, **********
    21.010, **********
    21.020, **********
    21.030, **********
    21.040, **********
    21.050, **********
    21.060, **********
    21.070, **********
    21.080, **********
    21.090, **********
    21.100, **********
    21.110, **********
    21.120, **********
    21.130, **********
    21.140, **********
    21.150, **********
    21.160, **********
    21.170, **********
    21.180, **********
    21.190, **********
    21.200, **********
    21.210, **********
    21.220, **********
    21.230, **********
    21.240, **********
    21.250, **********
    21.260, **********
    21.270, **********
    21.280, **********
    21.290, **********
    21.300, **********
    21.310, **********
    21.320, **********
    21.330, **********
    21.340, **********
    21.350, **********
    21.360, **********
    21.370, **********
    21.380, **********
    21.390, **********
    21.400, **********
    21.410, **********
    21.420, **********
    21.430, **********
    21.440, **********
    21.450, **********
    21.460, **********
    21.470, **********
    21.480, **********
    21.490, **********
    21.500, **********
    21.510, **********
    21.520, **********
    21.530, **********
    21.540, **********
    21.550, **********
    21.560, **********
    21.570, **********
    21.580, **********
    21.590, **********
    21.600, **********
    21.610, **********
    21.620, **********
    21.630, **********
    21.640, **********
    21.650, **********
    21.660, **********
    21.670, **********
    21.680, **********
    21.690, **********
    21.700, **********
    21.710, **********
    21.720, **********
    21.730, **********
    21.740, **********
    21.750, **********
    21.760, **********
    21.770, **********
    21.780, **********
    21.790, **********
    21.800, **********
    21.810, **********
    21.820, **********
    21.830, **********
    21.840, **********
    21.850, **********
    21.860, **********
    21.870, **********
    21.880, **********
    21.890, **********
    21.900, **********
    21.910, **********
    21.920, **********
    21.930, **********
    21.940, **********
    21.950, **********
    21.960, **********
    21.970, **********
    21.980, **********
    21.990, **********
    22.000, **********
    22.010, **********
    22.020, **********
    22.030, **********
    22.040, **********
    22.050, **********
    22.060, **********
    22.070, **********
    22.080, **********
    22.090, **********
    22.100, **********
    22.110, **********
    22.120, **********
    22.130, **********
    22.140, **********
    22.150, **********
    22.160, **********
    22.170, **********
    22.180, **********
    22.190, **********
    22.200, **********
    22.210, **********
    22.220, **********
    22.230, **********
    22.240, **********
    22.250, **********
    22.260, **********
    22.270, **********
    22.280, **********
    22.290, **********
    22.300, **********
    22.310, **********
    22.320, **********
    22.330, **********
    22.340, **********
    22.350, **********
    22.360, **********
    22.370, **********
    22.380, **********
    22.390, **********
    22.400, **********
    22.410, **********
    22.420, **********
    22.430, **********
    22.440, **********
    22.450, **********
    22.460, **********
    22.470, **********
    22.480, **********
    22.490, **********
    22.500, **********
    22.510, **********
    22.520, **********
    22.530, **********
    22.540, **********
    22.550, **********
    22.560, **********
    22.570, **********
    22.580, **********
    22.590, **********
    22.600, **********
    22.610, **********
    22.620, **********
    22.630, **********
    22.640, **********
    22.650, **********
    22.660, **********
    22.670, **********
    22.680, **********
    22.690, **********
    22.700, **********
    22.710, **********
    22.720, **********
    22.730, **********
    22.740, **********
    22.750, **********
    22.760, **********
    22.770, **********
    22.780, **********
    22.790, **********
    22.800, **********
    22.810, **********
    22.820, **********
    22.830, **********
    22.840, **********
    22.850, **********
    22.860, **********
    22.870, **********
    22.880, **********
    22.890, **********
    22.900, **********
    22.910, **********
    22.920, **********
    22.930, **********
    22.940, **********
    22.950, **********
    22.960, **********
    22.970, **********
    22.980, **********
    22.990, **********
    23.000, **********
    23.010, **********
    23.020, **********
    23.030, **********
    23.040, **********
    23.050, **********
    23.060, **********
    23.070, **********
    23.080, **********
    23.090, **********
    23.100, **********
    23.110, **********
    23.120, **********
    23.130, **********
    23.140, **********
    23.150, **********
    23.160, **********
    23.170, **********
    23.180, **********
    23.190, **********
    23.200, **********
    23.210, **********
    23.220, **********
    23.230, **********
    23.240, **********
    23.250, **********
    23.260, **********
    23.270, **********
    23.280, **********
    23.290, **********
    23.300, **********
    23.310, **********
    23.320, **********
    23.330, **********
    23.340, **********
    23.350, **********
    23.360, **********
    23.370, **********
    23.380, **********
    23.390, **********
    23.400, **********
    23.410, **********
    23.420, **********
    23.430, **********
    23.440, **********
    23.450, **********
    23.460, **********
    23.470, **********
    23.480, **********
    23.490, **********
    23.500, **********
    23.510, **********
    23.520, **********
    23.530, **********
    23.540, **********
    23.550, **********
    23.560, **********
    23.570, **********
    23.580, **********
    23.590, **********
    23.600, **********
    23.610, **********
    23.620, **********
    23.630, **********
    23.640, **********
    23.650, **********
    23.660, **********
    23.670, **********
    23.680, **********
    23.690, **********
    23.700, **********
    23.710, **********
    23.720, **********
    23.730, **********
    23.740, **********
    23.750, **********
    23.760, **********
    23.770, **********
    23.780, **********
    23.790, **********
    23.800, **********
    23.810, **********
    23.820, **********
    23.830, **********
    23.840, **********
    23.850, **********
    23.860, **********
    23.870, **********
    23.880, **********
    23.890, **********
    23.900, **********
    23.910, **********
    23.920, **********
    23.930, **********
    23.940, **********
    23.950, **********
    23.960, **********
    23.970, **********
    23.980, **********
    23.990, **********
    24.000, **********
    24.010, **********
    24.020, **********
    24.030, **********
    24.040, **********
    24.050, **********
    24.060, **********
    24.070, **********
    24.080, **********
    24.090, **********
    24.100, **********
    24.110, **********
    24.120, **********
    24.130, **********
    24.140, **********
    24.150, **********
    24.160, **********
    24.170, **********
    24.180, **********
    24.190, **********
    24.200, **********
    24.210, **********
    24.220, **********
    24.230, **********
    24.240, **********
    24.250, **********
    24.260, **********
    24.270, **********
    24.280, **********
    24.290, **********
    24.300, **********
    24.310, **********
    24.320, **********
    24.330, **********
    24.340, **********
    24.350, **********
    24.360, **********
    24.370, **********
    24.380, **********
    24.390, **********
    24.400, **********
    24.410, **********
    24.420, **********
    24.430, **********
    24.440, **********
    24.450, **********
    24.460, **********
    24.470, **********
    24.480, **********
    24.490, **********
    24.500, **********
    24.510, **********
    24.520, **********
    24.530, **********
    24.540, **********
    24.550, **********
    24.560, **********
    24.570, **********
    24.580, **********
    24.590, **********
    24.600, **********
    24.610, **********
    24.620, **********
    24.630, **********
    24.640, **********
    24.650, **********
    24.660, **********
    24.670, **********
    24.680, **********
    24.690, **********
    24.700, **********
    24.710, **********
    24.720, **********
    24.730, **********
    24.740, **********
    24.750, **********
    24.760, **********
    24.770, **********
    24.780, **********
    24.790, **********
    24.800, **********
    24.810, **********
    24.820, **********
    24.830, **********
    24.840, **********
    24.850, **********
    24.860, **********
    24.870, **********
    24.880, **********
    24.890, **********
    24.900, **********
    24.910, **********
    24.920, **********
    24.930, **********
    24.940, **********
    24.950, **********
    24.960, **********
    24.970, **********
    24.980, **********
    24.990, **********
    25.000, **********
    25.010, **********
    25.020, **********
    25.030, **********
    25.040, **********
    25.050, **********
    25.060, **********
    25.070, **********
    25.080, **********
    25.090, **********
    25.100, **********
    25.110, **********
    25.120, **********
    25.130, **********
    25.140, **********
    25.150, **********
    25.160, **********
    25.170, **********
    25.180, **********
    25.190, **********
    25.200, **********
    25.210, **********
    25.220, **********
    25.230, **********
    25.240, **********
    25.250, **********
    25.260, **********
    25.270, **********
    25.280, **********
    25.290, **********
    25.300, **********
    25.310, **********
    25.320, **********
    25.330, **********
    25.340, **********
    25.350, **********
    25.360, **********
    25.370, **********
    25.380, **********
    25.390, **********
    25.400, **********
    25.410, **********
    25.420, **********
    25.430, **********
    25.440, **********
    25.450, **********
    25.460, **********
    25.470, **********
    25.480, **********
    25.490, **********
    25.500, **********
    25.510, **********
    25.520, **********
    25.530, **********
    25.540, **********
    25.550, **********
    25.560, **********
    25.570, **********
    25.580, **********
    25.590, **********
    25.600, **********
    25.610, **********
    25.620, **********
    25.630, **********
    25.640, **********
    25.650, **********
    25.660, **********
    25.670, **********
    25.680, **********
    25.690, **********
    25.700, **********
    25.710, **********
    25.720, **********
    25.730, **********
    25.740, **********
    25.750, **********
    25.760, **********
    25.770, **********
    25.780, **********
    25.790, **********
    25.800, **********
    25.810, **********
    25.820, **********
    25.830, **********
    25.840, **********
    25.850, **********
    25.860, **********
    25.870, **********
    25.880, **********
    25.890, **********
    25.900, **********
    25.910, **********
    25.920, **********
    25.930, **********
    25.940, **********
    25.950, **********
    25.960, **********
    25.970, **********
    25.980, **********
    25.990, **********
    26.000, **********
    26.010, **********
    26.020, **********
    26.030, **********
    26.040, **********
    26.050, **********
    26.060, **********
    26.070, **********
    26.080, **********
    26.090, **********
    26.100, **********
    26.110, **********
    26.120, **********
    26.130, **********
    26.140, **********
    26.150, **********
    26.160, **********
    26.170, **********
    26.180, **********
    26.190, **********
    26.200, **********
    26.210, **********
    26.220, **********
    26.230, **********
    26.240, **********
    26.250, **********
    26.260, **********
    26.270, **********
    26.280, **********
    26.290, **********
    26.300, **********
    26.310, **********
    26.320, **********
    26.330, **********
    26.340, **********
    26.350, **********
    26.360, **********
    26.370, **********
    26.380, **********
    26.390, **********
    26.400, **********
    26.410, **********
    26.420, **********
    26.430, **********
    26.440, **********
    26.450, **********
    26.460, **********
    26.470, **********
    26.480, **********
    26.490, **********
    26.500, **********
    26.510, **********
    26.520, **********
    26.530, **********
    26.540, **********
    26.550, **********
    26.560, **********
    26.570, **********
    26.580, **********
    26.590, **********
    26.600, **********
    26.610, **********
    26.620, **********
    26.630, **********
    26.640, **********
    26.650, **********
    26.660, **********
    26.670, **********
    26.680, **********
    26.690, **********
    26.700, **********
    26.710, **********
    26.720, **********
    26.730, **********
    26.740, **********
    26.750, **********
    26.760, **********
    26.770, **********
    26.780, **********
    26.790, **********
    26.800, **********
    26.810, **********
    26.820, **********
    26.830, **********
    26.840, **********
    26.850, **********
    26.860, **********
    26.870, **********
    26.880, **********
    26.890, **********
    26.900, **********
    26.910, **********
    26.920, **********
    26.930, **********
    26.940, **********
    26.950, **********
    26.960, **********
    26.970, **********
    26.980, **********
    26.990, **********
    27.000, **********
    27.010, **********
    27.020, **********
    27.030, **********
    27.040, **********
    27.050, **********
    27.060, **********
    27.070, **********
    27.080, **********
    27.090, **********
    27.100, **********
    27.110, **********
    27.120, **********
    27.130, **********
    27.140, **********
    27.150, **********
    27.160, **********
    27.170, **********
    27.180, **********
    27.190, **********
    27.200, **********
    27.210, **********
    27.220, **********
    27.230, **********
    27.240, **********
    27.250, **********
    27.260, **********
    27.270, **********
    27.280, **********
    27.290, **********
    27.300, **********
    27.310, **********
    27.320, **********
    27.330, **********
    27.340, **********
    27.350, **********
    27.360, **********
    27.370, **********
    27.380, **********
    27.390, **********
    27.400, **********
    27.410, **********
    27.420, **********
    27.430, **********
    27.440, **********
    27.450, **********
    27.460, **********
    27.470, **********
    27.480, **********
    27.490, **********
    27.500, **********
    27.510, **********
    27.520, **********
    27.530, **********
    27.540, **********
    27.550, **********
    27.560, **********
    27.570, **********
    27.580, **********
    27.590, **********
    27.600, **********
    27.610, **********
    27.620, **********
    27.630, **********
    27.640, **********
    27.650, **********
    27.660, **********
    27.670, **********
    27.680, **********
    27.690, **********
    27.700, **********
    27.710, **********
    27.720, **********
    27.730, **********
    27.740, **********
    27.750, **********
    27.760, **********
    27.770, **********
    27.780, **********
    27.790, **********
    27.800, **********
    27.810, **********
    27.820, **********
    27.830, **********
    27.840, **********
    27.850, **********
    27.860, **********
    27.870, **********
    27.880, **********
    27.890, **********
    27.900, **********
    27.910, **********
    27.920, **********
    27.930, **********
    27.940, **********
    27.950, **********
    27.960, **********
    27.970, **********
    27.980, **********
    27.990, **********
    28.000, **********
    28.010, **********
    28.020, **********
    28.030, **********
    28.040, **********
    28.050, **********
    28.060, **********
    28.070, **********
    28.080, **********
    28.090, **********
    28.100, **********
    28.110, **********
    28.120, **********
    28.130, **********
    28.140, **********
    28.150, **********
    28.160, **********
    28.170, **********
    28.180, **********
    28.190, **********
    28.200, **********
    28.210, **********
    28.220, **********
    28.230, **********
    28.240, **********
    28.250, **********
    28.260, **********
    28.270, **********
    28.280, **********
    28.290, **********
    28.300, **********
    28.310, **********
    28.320, **********
    28.330, **********
    28.340, **********
    28.350, **********
    28.360, **********
    28.370, **********
    28.380, **********
    28.390, **********
    28.400, **********
    28.410, **********
    28.420, **********
    28.430, **********
    28.440, **********
    28.450, **********
    28.460, **********
    28.470, **********
    28.480, **********
    28.490, **********
    28.500, **********
    28.510, **********
    28.520, **********
    28.530, **********
    28.540, **********
    28.550, **********
    28.560, **********
    28.570, **********
    28.580, **********
    28.590, **********
    28.600, **********
    28.610, **********
    28.620, **********
    28.630, **********
    28.640, **********
    28.650, **********
    28.660, **********
    28.670, **********
    28.680, **********
    28.690, **********
    28.700, **********
    28.710, **********
    28.720, **********
    28.730, **********
    28.740, **********
    28.750, **********
    28.760, **********
    28.770, **********
    28.780, **********
    28.790, **********
    28.800, **********
    28.810, **********
    28.820, **********
    28.830, **********
    28.840, **********
    28.850, **********
    28.860, **********
    28.870, **********
    28.880, **********
    28.890, **********
    28.900, **********
    28.910, **********
    28.920, **********
    28.930, **********
    28.940, **********
    28.950, **********
    28.960, **********
    28.970, **********
    28.980, **********
    28.990, **********
    29.000, **********
    29.010, **********
    29.020, **********
    29.030, **********
    29.040, **********
    29.050, **********
    29.060, **********
    29.070, **********
    29.080, **********
    29.090, **********
    29.100, **********
    29.110, **********
    29.120, **********
    29.130, **********
    29.140, **********
    29.150, **********
    29.160, **********
    29.170, **********
    29.180, **********
    29.190, **********
    29.200, **********
    29.210, **********
    29.220, **********
    29.230, **********
    29.240, **********
    29.250, **********
    29.260, **********
    29.270, **********
    29.280, **********
    29.290, **********
    29.300, **********
    29.310, **********
    29.320, **********
    29.330, **********
    29.340, **********
    29.350, **********
    29.360, **********
    29.370, **********
    29.380, **********
    29.390, **********
    29.400, **********
    29.410, **********
    29.420, **********
    29.430, **********
    29.440, **********
    29.450, **********
    29.460, **********
    29.470, **********
    29.480, **********
    29.490, **********
    29.500, **********
    29.510, **********
    29.520, **********
    29.530, **********
    29.540, **********
    29.550, **********
    29.560, **********
    29.570, **********
    29.580, **********
    29.590, **********
    29.600, **********
    29.610, **********
    29.620, **********
    29.630, **********
    29.640, **********
    29.650, **********
    29.660, **********
    29.670, **********
    29.680, **********
    29.690, **********
    29.700, **********
    29.710, **********
    29.720, **********
    29.730, **********
    29.740, **********
    29.750, **********
    29.760, **********
    29.770, **********
    29.780, **********
    29.790, **********
    29.800, **********
    29.810, **********
    29.820, **********
    29.830, **********
    29.840, **********
    29.850, **********
    29.860, **********
    29.870, **********
    29.880, **********
    29.890, **********
    29.900, **********
    29.910, **********
    29.920, **********
    29.930, **********
    29.940, **********
    29.950, **********
    29.960, **********
    29.970, **********
    29.980, **********
    29.990, **********
    30.000, **********
