     0.000,     0.035
     0.010,     0.035
     0.020,     0.035
     0.030,     0.035
     0.040,     0.035
     0.050,     0.034
     0.060,     0.034
     0.070,     0.034
     0.080,     0.034
     0.090,     0.033
     0.100,     0.033
     0.110,     0.033
     0.120,     0.032
     0.130,     0.032
     0.140,     0.031
     0.150,     0.031
     0.160,     0.030
     0.170,     0.030
     0.180,     0.029
     0.190,     0.029
     0.200,     0.028
     0.210,     0.027
     0.220,     0.027
     0.230,     0.026
     0.240,     0.025
     0.250,     0.024
     0.260,     0.024
     0.270,     0.023
     0.280,     0.022
     0.290,     0.021
     0.300,     0.020
     0.310,     0.019
     0.320,     0.018
     0.330,     0.018
     0.340,     0.017
     0.350,     0.016
     0.360,     0.015
     0.370,     0.014
     0.380,     0.013
     0.390,     0.012
     0.400,     0.011
     0.410,     0.010
     0.420,     0.009
     0.430,     0.008
     0.440,     0.007
     0.450,     0.005
     0.460,     0.004
     0.470,     0.003
     0.480,     0.002
     0.490,     0.001
     0.500,     0.000
     0.510,    -0.001
     0.520,    -0.002
     0.530,    -0.003
     0.540,    -0.004
     0.550,    -0.005
     0.560,    -0.006
     0.570,    -0.007
     0.580,    -0.008
     0.590,    -0.009
     0.600,    -0.010
     0.610,    -0.011
     0.620,    -0.012
     0.630,    -0.013
     0.640,    -0.014
     0.650,    -0.015
     0.660,    -0.016
     0.670,    -0.017
     0.680,    -0.018
     0.690,    -0.019
     0.700,    -0.020
     0.710,    -0.020
     0.720,    -0.021
     0.730,    -0.022
     0.740,    -0.023
     0.750,    -0.024
     0.760,    -0.024
     0.770,    -0.025
     0.780,    -0.026
     0.790,    -0.026
     0.800,    -0.027
     0.810,    -0.028
     0.820,    -0.028
     0.830,    -0.029
     0.840,    -0.029
     0.850,    -0.030
     0.860,    -0.030
     0.870,    -0.031
     0.880,    -0.031
     0.890,    -0.031
     0.900,    -0.032
     0.910,    -0.032
     0.920,    -0.032
     0.930,    -0.032
     0.940,    -0.033
     0.950,    -0.033
     0.960,    -0.033
     0.970,    -0.033
     0.980,    -0.033
     0.990,    -0.033
     1.000,    -0.033
     1.010,    -0.033
     1.020,    -0.033
     1.030,    -0.033
     1.040,    -0.033
     1.050,    -0.033
     1.060,    -0.033
     1.070,    -0.032
     1.080,    -0.032
     1.090,    -0.032
     1.100,    -0.032
     1.110,    -0.031
     1.120,    -0.031
     1.130,    -0.030
     1.140,    -0.030
     1.150,    -0.030
     1.160,    -0.029
     1.170,    -0.029
     1.180,    -0.028
     1.190,    -0.027
     1.200,    -0.027
     1.210,    -0.026
     1.220,    -0.026
     1.230,    -0.025
     1.240,    -0.024
     1.250,    -0.023
     1.260,    -0.023
     1.270,    -0.022
     1.280,    -0.021
     1.290,    -0.020
     1.300,    -0.020
     1.310,    -0.019
     1.320,    -0.018
     1.330,    -0.017
     1.340,    -0.016
     1.350,    -0.015
     1.360,    -0.014
     1.370,    -0.013
     1.380,    -0.012
     1.390,    -0.011
     1.400,    -0.010
     1.410,    -0.009
     1.420,    -0.008
     1.430,    -0.008
     1.440,    -0.007
     1.450,    -0.006
     1.460,    -0.004
     1.470,    -0.003
     1.480,    -0.002
     1.490,    -0.001
     1.500,    -0.000
     1.510,     0.001
     1.520,     0.002
     1.530,     0.003
     1.540,     0.004
     1.550,     0.005
     1.560,     0.006
     1.570,     0.007
     1.580,     0.008
     1.590,     0.009
     1.600,     0.010
     1.610,     0.010
     1.620,     0.011
     1.630,     0.012
     1.640,     0.013
     1.650,     0.014
     1.660,     0.015
     1.670,     0.016
     1.680,     0.017
     1.690,     0.018
     1.700,     0.018
     1.710,     0.019
     1.720,     0.020
     1.730,     0.021
     1.740,     0.022
     1.750,     0.022
     1.760,     0.023
     1.770,     0.024
     1.780,     0.024
     1.790,     0.025
     1.800,     0.025
     1.810,     0.026
     1.820,     0.027
     1.830,     0.027
     1.840,     0.028
     1.850,     0.028
     1.860,     0.029
     1.870,     0.029
     1.880,     0.029
     1.890,     0.030
     1.900,     0.030
     1.910,     0.030
     1.920,     0.031
     1.930,     0.031
     1.940,     0.031
     1.950,     0.031
     1.960,     0.031
     1.970,     0.031
     1.980,     0.032
     1.990,     0.032
     2.000,     0.032
     2.010,     0.032
     2.020,     0.032
     2.030,     0.031
     2.040,     0.031
     2.050,     0.031
     2.060,     0.031
     2.070,     0.031
     2.080,     0.031
     2.090,     0.030
     2.100,     0.030
     2.110,     0.030
     2.120,     0.029
     2.130,     0.029
     2.140,     0.029
     2.150,     0.028
     2.160,     0.028
     2.170,     0.027
     2.180,     0.027
     2.190,     0.026
     2.200,     0.026
     2.210,     0.025
     2.220,     0.024
     2.230,     0.024
     2.240,     0.023
     2.250,     0.023
     2.260,     0.022
     2.270,     0.021
     2.280,     0.020
     2.290,     0.020
     2.300,     0.019
     2.310,     0.018
     2.320,     0.017
     2.330,     0.016
     2.340,     0.016
     2.350,     0.015
     2.360,     0.014
     2.370,     0.013
     2.380,     0.012
     2.390,     0.011
     2.400,     0.010
     2.410,     0.009
     2.420,     0.008
     2.430,     0.007
     2.440,     0.006
     2.450,     0.006
     2.460,     0.005
     2.470,     0.004
     2.480,     0.003
     2.490,     0.002
     2.500,     0.001
     2.510,    -0.000
     2.520,    -0.001
     2.530,    -0.002
     2.540,    -0.003
     2.550,    -0.004
     2.560,    -0.005
     2.570,    -0.006
     2.580,    -0.007
     2.590,    -0.008
     2.600,    -0.009
     2.610,    -0.010
     2.620,    -0.011
     2.630,    -0.011
     2.640,    -0.012
     2.650,    -0.013
     2.660,    -0.014
     2.670,    -0.015
     2.680,    -0.016
     2.690,    -0.017
     2.700,    -0.017
     2.710,    -0.018
     2.720,    -0.019
     2.730,    -0.020
     2.740,    -0.020
     2.750,    -0.021
     2.760,    -0.022
     2.770,    -0.022
     2.780,    -0.023
     2.790,    -0.024
     2.800,    -0.024
     2.810,    -0.025
     2.820,    -0.025
     2.830,    -0.026
     2.840,    -0.026
     2.850,    -0.027
     2.860,    -0.027
     2.870,    -0.027
     2.880,    -0.028
     2.890,    -0.028
     2.900,    -0.028
     2.910,    -0.029
     2.920,    -0.029
     2.930,    -0.029
     2.940,    -0.029
     2.950,    -0.030
     2.960,    -0.030
     2.970,    -0.030
     2.980,    -0.030
     2.990,    -0.030
     3.000,    -0.030
     3.010,    -0.030
     3.020,    -0.030
     3.030,    -0.030
     3.040,    -0.030
     3.050,    -0.030
     3.060,    -0.030
     3.070,    -0.029
     3.080,    -0.029
     3.090,    -0.029
     3.100,    -0.029
     3.110,    -0.028
     3.120,    -0.028
     3.130,    -0.028
     3.140,    -0.027
     3.150,    -0.027
     3.160,    -0.027
     3.170,    -0.026
     3.180,    -0.026
     3.190,    -0.025
     3.200,    -0.025
     3.210,    -0.024
     3.220,    -0.023
     3.230,    -0.023
     3.240,    -0.022
     3.250,    -0.022
     3.260,    -0.021
     3.270,    -0.020
     3.280,    -0.020
     3.290,    -0.019
     3.300,    -0.018
     3.310,    -0.017
     3.320,    -0.017
     3.330,    -0.016
     3.340,    -0.015
     3.350,    -0.014
     3.360,    -0.013
     3.370,    -0.013
     3.380,    -0.012
     3.390,    -0.011
     3.400,    -0.010
     3.410,    -0.009
     3.420,    -0.008
     3.430,    -0.007
     3.440,    -0.006
     3.450,    -0.006
     3.460,    -0.005
     3.470,    -0.004
     3.480,    -0.003
     3.490,    -0.002
     3.500,    -0.001
     3.510,    -0.000
     3.520,     0.001
     3.530,     0.002
     3.540,     0.003
     3.550,     0.004
     3.560,     0.005
     3.570,     0.005
     3.580,     0.006
     3.590,     0.007
     3.600,     0.008
     3.610,     0.009
     3.620,     0.010
     3.630,     0.011
     3.640,     0.012
     3.650,     0.012
     3.660,     0.013
     3.670,     0.014
     3.680,     0.015
     3.690,     0.016
     3.700,     0.016
     3.710,     0.017
     3.720,     0.018
     3.730,     0.018
     3.740,     0.019
     3.750,     0.020
     3.760,     0.020
     3.770,     0.021
     3.780,     0.022
     3.790,     0.022
     3.800,     0.023
     3.810,     0.023
     3.820,     0.024
     3.830,     0.024
     3.840,     0.025
     3.850,     0.025
     3.860,     0.026
     3.870,     0.026
     3.880,     0.026
     3.890,     0.027
     3.900,     0.027
     3.910,     0.027
     3.920,     0.028
     3.930,     0.028
     3.940,     0.028
     3.950,     0.028
     3.960,     0.028
     3.970,     0.028
     3.980,     0.028
     3.990,     0.029
     4.000,     0.029
     4.010,     0.029
     4.020,     0.029
     4.030,     0.028
     4.040,     0.028
     4.050,     0.028
     4.060,     0.028
     4.070,     0.028
     4.080,     0.028
     4.090,     0.028
     4.100,     0.027
     4.110,     0.027
     4.120,     0.027
     4.130,     0.026
     4.140,     0.026
     4.150,     0.026
     4.160,     0.025
     4.170,     0.025
     4.180,     0.024
     4.190,     0.024
     4.200,     0.024
     4.210,     0.023
     4.220,     0.022
     4.230,     0.022
     4.240,     0.021
     4.250,     0.021
     4.260,     0.020
     4.270,     0.019
     4.280,     0.019
     4.290,     0.018
     4.300,     0.017
     4.310,     0.017
     4.320,     0.016
     4.330,     0.015
     4.340,     0.014
     4.350,     0.014
     4.360,     0.013
     4.370,     0.012
     4.380,     0.011
     4.390,     0.011
     4.400,     0.010
     4.410,     0.009
     4.420,     0.008
     4.430,     0.007
     4.440,     0.006
     4.450,     0.005
     4.460,     0.005
     4.470,     0.004
     4.480,     0.003
     4.490,     0.002
     4.500,     0.001
     4.510,     0.000
     4.520,    -0.001
     4.530,    -0.001
     4.540,    -0.002
     4.550,    -0.003
     4.560,    -0.004
     4.570,    -0.005
     4.580,    -0.006
     4.590,    -0.007
     4.600,    -0.007
     4.610,    -0.008
     4.620,    -0.009
     4.630,    -0.010
     4.640,    -0.011
     4.650,    -0.012
     4.660,    -0.012
     4.670,    -0.013
     4.680,    -0.014
     4.690,    -0.015
     4.700,    -0.015
     4.710,    -0.016
     4.720,    -0.017
     4.730,    -0.017
     4.740,    -0.018
     4.750,    -0.019
     4.760,    -0.019
     4.770,    -0.020
     4.780,    -0.020
     4.790,    -0.021
     4.800,    -0.021
     4.810,    -0.022
     4.820,    -0.022
     4.830,    -0.023
     4.840,    -0.023
     4.850,    -0.024
     4.860,    -0.024
     4.870,    -0.025
     4.880,    -0.025
     4.890,    -0.025
     4.900,    -0.026
     4.910,    -0.026
     4.920,    -0.026
     4.930,    -0.026
     4.940,    -0.027
     4.950,    -0.027
     4.960,    -0.027
     4.970,    -0.027
     4.980,    -0.027
     4.990,    -0.027
     5.000,    -0.027
     5.010,    -0.027
     5.020,    -0.027
     5.030,    -0.027
     5.040,    -0.027
     5.050,    -0.027
     5.060,    -0.027
     5.070,    -0.027
     5.080,    -0.027
     5.090,    -0.026
     5.100,    -0.026
     5.110,    -0.026
     5.120,    -0.026
     5.130,    -0.025
     5.140,    -0.025
     5.150,    -0.025
     5.160,    -0.024
     5.170,    -0.024
     5.180,    -0.023
     5.190,    -0.023
     5.200,    -0.022
     5.210,    -0.022
     5.220,    -0.022
     5.230,    -0.021
     5.240,    -0.020
     5.250,    -0.020
     5.260,    -0.019
     5.270,    -0.019
     5.280,    -0.018
     5.290,    -0.017
     5.300,    -0.017
     5.310,    -0.016
     5.320,    -0.015
     5.330,    -0.015
     5.340,    -0.014
     5.350,    -0.013
     5.360,    -0.013
     5.370,    -0.012
     5.380,    -0.011
     5.390,    -0.010
     5.400,    -0.009
     5.410,    -0.009
     5.420,    -0.008
     5.430,    -0.007
     5.440,    -0.006
     5.450,    -0.005
     5.460,    -0.005
     5.470,    -0.004
     5.480,    -0.003
     5.490,    -0.002
     5.500,    -0.001
     5.510,    -0.000
     5.520,     0.000
     5.530,     0.001
     5.540,     0.002
     5.550,     0.003
     5.560,     0.004
     5.570,     0.004
     5.580,     0.005
     5.590,     0.006
     5.600,     0.007
     5.610,     0.008
     5.620,     0.008
     5.630,     0.009
     5.640,     0.010
     5.650,     0.011
     5.660,     0.011
     5.670,     0.012
     5.680,     0.013
     5.690,     0.014
     5.700,     0.014
     5.710,     0.015
     5.720,     0.016
     5.730,     0.016
     5.740,     0.017
     5.750,     0.018
     5.760,     0.018
     5.770,     0.019
     5.780,     0.019
     5.790,     0.020
     5.800,     0.020
     5.810,     0.021
     5.820,     0.021
     5.830,     0.022
     5.840,     0.022
     5.850,     0.023
     5.860,     0.023
     5.870,     0.023
     5.880,     0.024
     5.890,     0.024
     5.900,     0.024
     5.910,     0.025
     5.920,     0.025
     5.930,     0.025
     5.940,     0.025
     5.950,     0.025
     5.960,     0.025
     5.970,     0.026
     5.980,     0.026
     5.990,     0.026
     6.000,     0.026
     6.010,     0.026
     6.020,     0.026
     6.030,     0.026
     6.040,     0.026
     6.050,     0.026
     6.060,     0.026
     6.070,     0.025
     6.080,     0.025
     6.090,     0.025
     6.100,     0.025
     6.110,     0.025
     6.120,     0.024
     6.130,     0.024
     6.140,     0.024
     6.150,     0.023
     6.160,     0.023
     6.170,     0.023
     6.180,     0.022
     6.190,     0.022
     6.200,     0.022
     6.210,     0.021
     6.220,     0.021
     6.230,     0.020
     6.240,     0.020
     6.250,     0.019
     6.260,     0.018
     6.270,     0.018
     6.280,     0.017
     6.290,     0.017
     6.300,     0.016
     6.310,     0.015
     6.320,     0.015
     6.330,     0.014
     6.340,     0.014
     6.350,     0.013
     6.360,     0.012
     6.370,     0.011
     6.380,     0.011
     6.390,     0.010
     6.400,     0.009
     6.410,     0.008
     6.420,     0.008
     6.430,     0.007
     6.440,     0.006
     6.450,     0.005
     6.460,     0.005
     6.470,     0.004
     6.480,     0.003
     6.490,     0.002
     6.500,     0.001
     6.510,     0.001
     6.520,    -0.000
     6.530,    -0.001
     6.540,    -0.002
     6.550,    -0.002
     6.560,    -0.003
     6.570,    -0.004
     6.580,    -0.005
     6.590,    -0.006
     6.600,    -0.006
     6.610,    -0.007
     6.620,    -0.008
     6.630,    -0.009
     6.640,    -0.009
     6.650,    -0.010
     6.660,    -0.011
     6.670,    -0.011
     6.680,    -0.012
     6.690,    -0.013
     6.700,    -0.013
     6.710,    -0.014
     6.720,    -0.015
     6.730,    -0.015
     6.740,    -0.016
     6.750,    -0.017
     6.760,    -0.017
     6.770,    -0.018
     6.780,    -0.018
     6.790,    -0.019
     6.800,    -0.019
     6.810,    -0.020
     6.820,    -0.020
     6.830,    -0.021
     6.840,    -0.021
     6.850,    -0.021
     6.860,    -0.022
     6.870,    -0.022
     6.880,    -0.022
     6.890,    -0.023
     6.900,    -0.023
     6.910,    -0.023
     6.920,    -0.023
     6.930,    -0.024
     6.940,    -0.024
     6.950,    -0.024
     6.960,    -0.024
     6.970,    -0.024
     6.980,    -0.024
     6.990,    -0.024
     7.000,    -0.025
     7.010,    -0.025
     7.020,    -0.025
     7.030,    -0.025
     7.040,    -0.024
     7.050,    -0.024
     7.060,    -0.024
     7.070,    -0.024
     7.080,    -0.024
     7.090,    -0.024
     7.100,    -0.024
     7.110,    -0.023
     7.120,    -0.023
     7.130,    -0.023
     7.140,    -0.023
     7.150,    -0.022
     7.160,    -0.022
     7.170,    -0.022
     7.180,    -0.021
     7.190,    -0.021
     7.200,    -0.021
     7.210,    -0.020
     7.220,    -0.020
     7.230,    -0.019
     7.240,    -0.019
     7.250,    -0.018
     7.260,    -0.018
     7.270,    -0.017
     7.280,    -0.017
     7.290,    -0.016
     7.300,    -0.016
     7.310,    -0.015
     7.320,    -0.014
     7.330,    -0.014
     7.340,    -0.013
     7.350,    -0.012
     7.360,    -0.012
     7.370,    -0.011
     7.380,    -0.010
     7.390,    -0.010
     7.400,    -0.009
     7.410,    -0.008
     7.420,    -0.008
     7.430,    -0.007
     7.440,    -0.006
     7.450,    -0.005
     7.460,    -0.005
     7.470,    -0.004
     7.480,    -0.003
     7.490,    -0.002
     7.500,    -0.002
     7.510,    -0.001
     7.520,    -0.000
     7.530,     0.001
     7.540,     0.001
     7.550,     0.002
     7.560,     0.003
     7.570,     0.004
     7.580,     0.004
     7.590,     0.005
     7.600,     0.006
     7.610,     0.007
     7.620,     0.007
     7.630,     0.008
     7.640,     0.009
     7.650,     0.009
     7.660,     0.010
     7.670,     0.011
     7.680,     0.011
     7.690,     0.012
     7.700,     0.013
     7.710,     0.013
     7.720,     0.014
     7.730,     0.014
     7.740,     0.015
     7.750,     0.016
     7.760,     0.016
     7.770,     0.017
     7.780,     0.017
     7.790,     0.018
     7.800,     0.018
     7.810,     0.019
     7.820,     0.019
     7.830,     0.019
     7.840,     0.020
     7.850,     0.020
     7.860,     0.021
     7.870,     0.021
     7.880,     0.021
     7.890,     0.022
     7.900,     0.022
     7.910,     0.022
     7.920,     0.022
     7.930,     0.022
     7.940,     0.023
     7.950,     0.023
     7.960,     0.023
     7.970,     0.023
     7.980,     0.023
     7.990,     0.023
     8.000,     0.023
     8.010,     0.023
     8.020,     0.023
     8.030,     0.023
     8.040,     0.023
     8.050,     0.023
     8.060,     0.023
     8.070,     0.023
     8.080,     0.023
     8.090,     0.023
     8.100,     0.023
     8.110,     0.022
     8.120,     0.022
     8.130,     0.022
     8.140,     0.022
     8.150,     0.021
     8.160,     0.021
     8.170,     0.021
     8.180,     0.020
     8.190,     0.020
     8.200,     0.020
     8.210,     0.019
     8.220,     0.019
     8.230,     0.018
     8.240,     0.018
     8.250,     0.018
     8.260,     0.017
     8.270,     0.017
     8.280,     0.016
     8.290,     0.015
     8.300,     0.015
     8.310,     0.014
     8.320,     0.014
     8.330,     0.013
     8.340,     0.013
     8.350,     0.012
     8.360,     0.011
     8.370,     0.011
     8.380,     0.010
     8.390,     0.009
     8.400,     0.009
     8.410,     0.008
     8.420,     0.007
     8.430,     0.007
     8.440,     0.006
     8.450,     0.005
     8.460,     0.005
     8.470,     0.004
     8.480,     0.003
     8.490,     0.002
     8.500,     0.002
     8.510,     0.001
     8.520,     0.000
     8.530,    -0.000
     8.540,    -0.001
     8.550,    -0.002
     8.560,    -0.003
     8.570,    -0.003
     8.580,    -0.004
     8.590,    -0.005
     8.600,    -0.005
     8.610,    -0.006
     8.620,    -0.007
     8.630,    -0.007
     8.640,    -0.008
     8.650,    -0.009
     8.660,    -0.009
     8.670,    -0.010
     8.680,    -0.011
     8.690,    -0.011
     8.700,    -0.012
     8.710,    -0.012
     8.720,    -0.013
     8.730,    -0.014
     8.740,    -0.014
     8.750,    -0.015
     8.760,    -0.015
     8.770,    -0.016
     8.780,    -0.016
     8.790,    -0.017
     8.800,    -0.017
     8.810,    -0.018
     8.820,    -0.018
     8.830,    -0.018
     8.840,    -0.019
     8.850,    -0.019
     8.860,    -0.019
     8.870,    -0.020
     8.880,    -0.020
     8.890,    -0.020
     8.900,    -0.021
     8.910,    -0.021
     8.920,    -0.021
     8.930,    -0.021
     8.940,    -0.022
     8.950,    -0.022
     8.960,    -0.022
     8.970,    -0.022
     8.980,    -0.022
     8.990,    -0.022
     9.000,    -0.022
     9.010,    -0.022
     9.020,    -0.022
     9.030,    -0.022
     9.040,    -0.022
     9.050,    -0.022
     9.060,    -0.022
     9.070,    -0.022
     9.080,    -0.022
     9.090,    -0.022
     9.100,    -0.022
     9.110,    -0.021
     9.120,    -0.021
     9.130,    -0.021
     9.140,    -0.021
     9.150,    -0.020
     9.160,    -0.020
     9.170,    -0.020
     9.180,    -0.020
     9.190,    -0.019
     9.200,    -0.019
     9.210,    -0.018
     9.220,    -0.018
     9.230,    -0.018
     9.240,    -0.017
     9.250,    -0.017
     9.260,    -0.016
     9.270,    -0.016
     9.280,    -0.015
     9.290,    -0.015
     9.300,    -0.014
     9.310,    -0.014
     9.320,    -0.013
     9.330,    -0.013
     9.340,    -0.012
     9.350,    -0.012
     9.360,    -0.011
     9.370,    -0.010
     9.380,    -0.010
     9.390,    -0.009
     9.400,    -0.008
     9.410,    -0.008
     9.420,    -0.007
     9.430,    -0.007
     9.440,    -0.006
     9.450,    -0.005
     9.460,    -0.005
     9.470,    -0.004
     9.480,    -0.003
     9.490,    -0.003
     9.500,    -0.002
     9.510,    -0.001
     9.520,    -0.000
     9.530,     0.000
     9.540,     0.001
     9.550,     0.002
     9.560,     0.002
     9.570,     0.003
     9.580,     0.004
     9.590,     0.004
     9.600,     0.005
     9.610,     0.006
     9.620,     0.006
     9.630,     0.007
     9.640,     0.007
     9.650,     0.008
     9.660,     0.009
     9.670,     0.009
     9.680,     0.010
     9.690,     0.010
     9.700,     0.011
     9.710,     0.012
     9.720,     0.012
     9.730,     0.013
     9.740,     0.013
     9.750,     0.014
     9.760,     0.014
     9.770,     0.015
     9.780,     0.015
     9.790,     0.016
     9.800,     0.016
     9.810,     0.017
     9.820,     0.017
     9.830,     0.017
     9.840,     0.018
     9.850,     0.018
     9.860,     0.018
     9.870,     0.019
     9.880,     0.019
     9.890,     0.019
     9.900,     0.020
     9.910,     0.020
     9.920,     0.020
     9.930,     0.020
     9.940,     0.020
     9.950,     0.021
     9.960,     0.021
     9.970,     0.021
     9.980,     0.021
