     0.000,     0.000
    49.497,    49.497
    98.856,    98.758
   148.078,   147.784
   197.163,   196.576
   246.114,   245.136
   294.931,   293.466
   343.616,   341.566
   392.170,   389.439
   440.593,   437.085
   488.888,   484.507
   537.055,   531.705
   585.096,   578.682
   633.011,   625.437
   680.802,   671.973
   728.469,   718.291
   776.015,   764.393
   823.439,   810.278
   870.743,   855.950
   917.928,   901.409
   964.996,   946.655
  1011.946,   991.692
  1058.780,  1036.519
  1105.499,  1081.137
  1152.104,  1125.549
  1198.596,  1169.755
  1244.976,  1213.757
  1291.245,  1257.554
  1337.403,  1301.150
  1383.452,  1344.544
  1429.392,  1387.737
  1475.225,  1430.732
  1520.951,  1473.528
  1566.571,  1516.127
  1612.086,  1558.530
  1657.497,  1600.738
  1702.805,  1642.752
  1748.010,  1684.573
  1793.113,  1726.201
  1838.115,  1767.639
  1883.018,  1808.886
  1927.821,  1849.944
  1972.525,  1890.814
  2017.132,  1931.496
  2061.642,  1971.992
  2106.055,  2012.302
  2150.373,  2052.427
  2194.596,  2092.369
  2238.725,  2132.127
  2282.760,  2171.704
  2326.703,  2211.099
  2370.554,  2250.313
  2414.314,  2289.348
  2457.983,  2328.204
  2501.562,  2366.882
  2545.052,  2405.383
  2588.454,  2443.708
  2631.767,  2481.856
  2674.993,  2519.830
  2718.133,  2557.630
  2761.186,  2595.256
  2804.154,  2632.710
  2847.038,  2669.991
  2889.837,  2707.102
  2932.553,  2744.042
  2975.185,  2780.812
  3017.736,  2817.413
  3060.204,  2853.846
  3102.591,  2890.111
  3144.898,  2926.209
  3187.125,  2962.141
  3229.272,  2997.907
  3271.340,  3033.508
  3313.330,  3068.944
  3355.242,  3104.217
  3397.076,  3139.327
  3438.834,  3174.274
  3480.516,  3209.060
  3522.122,  3243.684
  3563.652,  3278.147
  3605.108,  3312.451
  3646.490,  3346.595
  3687.797,  3380.580
  3729.032,  3414.407
  3770.194,  3448.076
  3811.284,  3481.588
  3852.302,  3514.944
  3893.248,  3548.143
  3934.124,  3581.188
  3974.930,  3614.077
  4015.665,  3646.812
  4056.331,  3679.392
  4096.928,  3711.820
  4137.457,  3744.095
  4177.917,  3776.218
  4218.310,  3808.188
  4258.635,  3840.008
  4298.894,  3871.677
  4339.086,  3903.195
  4379.213,  3934.564
  4419.274,  3965.784
  4459.269,  3996.854
  4499.200,  4027.777
  4539.067,  4058.552
  4578.870,  4089.179
  4618.609,  4119.659
  4658.285,  4149.994
  4697.898,  4180.182
  4737.449,  4210.225
  4776.938,  4240.122
  4816.366,  4269.875
  4855.732,  4299.485
  4895.037,  4328.950
  4934.282,  4358.272
  4973.467,  4387.451
  5012.592,  4416.488
  5051.657,  4445.383
  5090.664,  4474.136
  5129.611,  4502.748
  5168.501,  4531.219
  5207.332,  4559.550
  5246.106,  4587.740
  5284.823,  4615.791
  5323.482,  4643.703
  5362.085,  4671.476
  5400.632,  4699.111
  5439.122,  4726.607
  5477.557,  4753.966
  5515.936,  4781.187
  5554.261,  4808.272
  5592.530,  4835.220
  5630.746,  4862.031
  5668.907,  4888.707
  5707.014,  4915.247
  5745.068,  4941.652
  5783.068,  4967.922
  5821.016,  4994.057
  5858.911,  5020.058
  5896.754,  5045.926
  5934.545,  5071.660
  5972.284,  5097.261
  6009.971,  5122.729
  6047.608,  5148.064
  6085.193,  5173.267
  6122.728,  5198.339
  6160.213,  5223.279
  6197.647,  5248.087
  6235.032,  5272.765
  6272.367,  5297.312
  6309.653,  5321.728
  6346.889,  5346.015
  6384.077,  5370.172
  6421.217,  5394.199
  6458.308,  5418.097
  6495.352,  5441.867
  6532.347,  5465.508
  6569.296,  5489.020
  6606.196,  5512.405
  6643.050,  5535.662
  6679.858,  5558.791
  6716.618,  5581.793
  6753.333,  5604.669
  6790.001,  5627.418
  6826.624,  5650.040
  6863.201,  5672.536
  6899.733,  5694.907
  6936.219,  5717.152
  6972.661,  5739.272
  7009.058,  5761.266
  7045.411,  5783.136
  7081.719,  5804.881
  7117.984,  5826.502
  7154.204,  5847.999
  7190.382,  5869.373
  7226.515,  5890.622
  7262.606,  5911.749
  7298.654,  5932.752
  7334.659,  5953.632
  7370.622,  5974.390
  7406.542,  5995.026
  7442.420,  6015.539
  7478.257,  6035.931
  7514.051,  6056.201
  7549.804,  6076.349
  7585.516,  6096.377
  7621.187,  6116.283
  7656.817,  6136.068
  7692.406,  6155.733
  7727.955,  6175.278
  7763.463,  6194.702
  7798.931,  6214.007
  7834.360,  6233.192
  7869.748,  6252.257
  7905.097,  6271.204
  7940.406,  6290.031
  7975.676,  6308.739
  8010.908,  6327.329
  8046.100,  6345.800
  8081.254,  6364.153
  8116.369,  6382.388
  8151.445,  6400.505
  8186.484,  6418.504
  8221.484,  6436.386
  8256.447,  6454.150
  8291.372,  6471.798
  8326.260,  6489.329
  8361.110,  6506.743
  8395.923,  6524.040
  8430.699,  6541.221
  8465.438,  6558.286
  8500.140,  6575.235
  8534.806,  6592.068
  8569.435,  6608.786
  8604.028,  6625.388
  8638.586,  6641.875
  8673.107,  6658.246
  8707.592,  6674.503
  8742.042,  6690.645
  8776.456,  6706.673
  8810.835,  6722.586
  8845.179,  6738.385
  8879.488,  6754.070
  8913.762,  6769.641
  8948.001,  6785.099
  8982.205,  6800.442
  9016.376,  6815.673
  9050.511,  6830.790
  9084.613,  6845.794
  9118.680,  6860.685
  9152.714,  6875.463
  9186.714,  6890.129
  9220.680,  6904.682
  9254.612,  6919.123
  9288.512,  6933.452
  9322.378,  6947.669
  9356.211,  6961.774
  9390.010,  6975.767
  9423.777,  6989.649
  9457.512,  7003.419
  9491.213,  7017.078
  9524.883,  7030.626
  9558.519,  7044.063
  9592.124,  7057.390
  9625.697,  7070.605
  9659.237,  7083.710
  9692.746,  7096.705
  9726.222,  7109.589
  9759.668,  7122.363
  9793.081,  7135.028
  9826.464,  7147.582
  9859.814,  7160.027
  9893.134,  7172.362
  9926.423,  7184.588
  9959.681,  7196.704
  9992.908,  7208.711
 10026.104,  7220.609
 10059.269,  7232.399
 10092.404,  7244.079
 10125.509,  7255.651
 10158.583,  7267.114
 10191.627,  7278.469
 10224.641,  7289.716
 10257.625,  7300.854
 10290.580,  7311.885
 10323.504,  7322.807
 10356.399,  7333.622
 10389.264,  7344.329
 10422.099,  7354.928
 10454.906,  7365.420
 10487.683,  7375.805
 10520.430,  7386.083
 10553.149,  7396.253
 10585.839,  7406.317
 10618.499,  7416.273
 10651.131,  7426.123
 10683.735,  7435.867
 10716.309,  7445.504
 10748.855,  7455.034
 10781.373,  7464.459
 10813.862,  7473.777
 10846.323,  7482.989
 10878.756,  7492.095
 10911.161,  7501.095
 10943.538,  7509.990
 10975.887,  7518.779
 11008.208,  7527.462
 11040.501,  7536.040
 11072.767,  7544.513
 11105.005,  7552.881
 11137.215,  7561.143
 11169.399,  7569.301
 11201.554,  7577.354
 11233.683,  7585.302
 11265.785,  7593.145
 11297.859,  7600.884
 11329.906,  7608.518
 11361.927,  7616.048
 11393.920,  7623.474
 11425.887,  7630.795
 11457.827,  7638.012
 11489.741,  7645.126
 11521.628,  7652.136
 11553.488,  7659.042
 11585.322,  7665.844
 11617.130,  7672.542
 11648.911,  7679.138
 11680.666,  7685.629
 11712.396,  7692.018
 11744.099,  7698.303
 11775.776,  7704.486
 11807.427,  7710.565
 11839.052,  7716.541
 11870.652,  7722.415
 11902.226,  7728.186
 11933.774,  7733.854
 11965.296,  7739.420
 11996.793,  7744.883
 12028.265,  7750.244
 12059.711,  7755.502
 12091.132,  7760.659
 12122.528,  7765.713
 12153.898,  7770.665
 12185.244,  7775.516
 12216.564,  7780.264
 12247.859,  7784.911
 12279.129,  7789.457
 12310.375,  7793.900
 12341.595,  7798.243
 12372.791,  7802.483
 12403.962,  7806.623
 12435.108,  7810.661
 12466.230,  7814.598
 12497.327,  7818.435
 12528.399,  7822.170
 12559.447,  7825.804
 12590.471,  7829.337
 12621.470,  7832.770
 12652.446,  7836.102
 12683.396,  7839.334
 12714.323,  7842.465
 12745.225,  7845.496
 12776.104,  7848.426
 12806.958,  7851.257
 12837.789,  7853.987
 12868.595,  7856.617
 12899.377,  7859.147
 12930.136,  7861.577
 12960.871,  7863.907
 12991.582,  7866.138
 13022.269,  7868.269
 13052.933,  7870.300
 13083.573,  7872.232
 13114.190,  7874.064
 13144.783,  7875.798
 13175.352,  7877.431
 13205.898,  7878.966
 13236.421,  7880.401
 13266.920,  7881.738
 13297.396,  7882.975
 13327.849,  7884.114
 13358.278,  7885.154
 13388.684,  7886.095
 13419.067,  7886.937
 13449.427,  7887.681
 13479.764,  7888.327
 13510.078,  7888.873
 13540.369,  7889.322
 13570.636,  7889.672
 13600.881,  7889.924
 13631.103,  7890.078
 13661.302,  7890.134
 13691.479,  7890.092
 13721.632,  7889.952
 13751.763,  7889.714
 13781.871,  7889.379
 13811.956,  7888.945
 13842.019,  7888.414
 13872.059,  7887.786
 13902.076,  7887.060
 13932.071,  7886.237
 13962.043,  7885.316
 13991.993,  7884.298
 14021.920,  7883.183
 14051.825,  7881.971
 14081.708,  7880.662
 14111.568,  7879.256
 14141.406,  7877.753
 14171.221,  7876.153
 14201.014,  7874.456
 14230.785,  7872.663
 14260.533,  7870.773
 14290.260,  7868.787
 14319.964,  7866.704
 14349.646,  7864.525
 14379.306,  7862.249
 14408.943,  7859.878
 14438.559,  7857.410
 14468.153,  7854.846
 14497.724,  7852.186
 14527.273,  7849.430
 14556.801,  7846.578
 14586.306,  7843.630
 14615.790,  7840.586
 14645.251,  7837.447
 14674.691,  7834.213
 14704.109,  7830.882
 14733.505,  7827.457
 14762.879,  7823.935
 14792.231,  7820.319
 14821.561,  7816.607
 14850.870,  7812.800
 14880.156,  7808.898
 14909.421,  7804.901
 14938.664,  7800.809
 14967.886,  7796.623
 14997.086,  7792.341
 15026.264,  7787.964
 15055.420,  7783.493
 15084.555,  7778.927
 15113.668,  7774.267
 15142.759,  7769.512
 15171.829,  7764.663
 15200.877,  7759.720
 15229.904,  7754.682
 15258.908,  7749.550
 15287.892,  7744.324
 15316.854,  7739.003
 15345.794,  7733.589
 15374.713,  7728.081
 15403.610,  7722.479
 15432.485,  7716.784
 15461.340,  7710.994
 15490.172,  7705.111
 15518.983,  7699.135
 15547.773,  7693.065
 15576.541,  7686.901
 15605.288,  7680.645
 15634.013,  7674.295
 15662.717,  7667.851
 15691.400,  7661.315
 15720.061,  7654.686
 15748.700,  7647.963
 15777.318,  7641.148
 15805.915,  7634.240
 15834.490,  7627.239
 15863.044,  7620.145
 15891.577,  7612.959
 15920.088,  7605.680
 15948.578,  7598.309
 15977.046,  7590.845
 16005.493,  7583.289
 16033.919,  7575.641
 16062.323,  7567.900
 16090.706,  7560.068
 16119.068,  7552.143
 16147.408,  7544.127
 16175.727,  7536.018
 16204.024,  7527.818
 16232.300,  7519.526
 16260.555,  7511.142
 16288.788,  7502.667
 16317.000,  7494.100
 16345.191,  7485.441
 16373.360,  7476.692
 16401.508,  7467.851
 16429.635,  7458.918
 16457.740,  7449.895
 16485.824,  7440.781
 16513.887,  7431.575
 16541.928,  7422.279
 16569.948,  7412.891
 16597.946,  7403.413
 16625.923,  7393.844
 16653.879,  7384.185
 16681.813,  7374.435
 16709.726,  7364.595
 16737.618,  7354.664
 16765.488,  7344.643
 16793.337,  7334.531
 16821.164,  7324.330
 16848.970,  7314.038
 16876.755,  7303.656
 16904.518,  7293.185
 16932.260,  7282.623
 16959.980,  7271.972
 16987.679,  7261.231
 17015.357,  7250.400
 17043.013,  7239.480
 17070.647,  7228.471
 17098.260,  7217.372
 17125.852,  7206.183
 17153.422,  7194.906
 17180.971,  7183.539
 17208.498,  7172.084
 17236.003,  7160.539
 17263.487,  7148.905
 17290.950,  7137.183
 17318.391,  7125.372
 17345.811,  7113.472
 17373.209,  7101.483
 17400.585,  7089.406
 17427.940,  7077.241
 17455.273,  7064.987
 17482.585,  7052.645
 17509.875,  7040.215
 17537.143,  7027.697
 17564.390,  7015.091
 17591.615,  7002.396
 17618.818,  6989.614
 17646.000,  6976.745
 17673.160,  6963.787
 17700.298,  6950.742
 17727.415,  6937.610
 17754.510,  6924.390
 17781.583,  6911.083
 17808.635,  6897.688
 17835.664,  6884.206
 17862.672,  6870.638
 17889.658,  6856.982
 17916.622,  6843.239
 17943.565,  6829.410
 17970.485,  6815.494
 17997.384,  6801.491
 18024.261,  6787.402
 18051.116,  6773.226
 18077.949,  6758.964
 18104.760,  6744.615
 18131.549,  6730.181
 18158.316,  6715.660
 18185.061,  6701.053
 18211.784,  6686.361
 18238.485,  6671.582
 18265.164,  6656.718
 18291.821,  6641.768
 18318.456,  6626.732
 18345.069,  6611.612
 18371.660,  6596.405
 18398.228,  6581.114
 18424.775,  6565.737
 18451.299,  6550.275
 18477.801,  6534.728
 18504.281,  6519.097
 18530.738,  6503.380
 18557.174,  6487.579
 18583.587,  6471.693
 18609.978,  6455.722
 18636.346,  6439.668
 18662.692,  6423.528
 18689.016,  6407.305
 18715.317,  6390.997
 18741.596,  6374.606
 18767.853,  6358.130
 18794.087,  6341.571
 18820.298,  6324.928
 18846.488,  6308.201
 18872.654,  6291.390
 18898.798,  6274.496
 18924.920,  6257.519
 18951.019,  6240.459
 18977.095,  6223.315
 19003.148,  6206.089
 19029.179,  6188.779
 19055.188,  6171.386
 19081.173,  6153.911
 19107.136,  6136.353
 19133.076,  6118.713
 19158.993,  6100.990
 19184.888,  6083.185
 19210.760,  6065.297
 19236.608,  6047.328
 19262.434,  6029.276
 19288.237,  6011.143
 19314.017,  5992.927
 19339.774,  5974.630
 19365.508,  5956.252
 19391.220,  5937.791
 19416.908,  5919.250
 19442.573,  5900.627
 19468.214,  5881.923
 19493.833,  5863.138
 19519.429,  5844.272
 19545.001,  5825.325
 19570.550,  5806.297
 19596.076,  5787.189
 19621.579,  5768.000
 19647.058,  5748.731
 19672.514,  5729.381
 19697.947,  5709.952
 19723.357,  5690.442
 19748.743,  5670.852
 19774.105,  5651.182
 19799.444,  5631.433
 19824.760,  5611.604
 19850.052,  5591.695
 19875.320,  5571.707
 19900.565,  5551.640
 19925.787,  5531.494
 19950.984,  5511.268
 19976.158,  5490.964
 20001.309,  5470.581
 20026.435,  5450.119
 20051.538,  5429.578
 20076.617,  5408.959
 20101.672,  5388.262
 20126.704,  5367.486
 20151.711,  5346.633
 20176.695,  5325.701
 20201.654,  5304.691
 20226.590,  5283.604
 20251.502,  5262.439
 20276.389,  5241.197
 20301.253,  5219.877
 20326.092,  5198.480
 20350.908,  5177.005
 20375.699,  5155.454
 20400.466,  5133.826
 20425.208,  5112.121
 20449.927,  5090.339
 20474.621,  5068.481
 20499.291,  5046.546
 20523.937,  5024.535
 20548.558,  5002.448
 20573.154,  4980.285
 20597.727,  4958.046
 20622.274,  4935.731
 20646.798,  4913.341
 20671.296,  4890.875
 20695.770,  4868.333
 20720.220,  4845.717
 20744.645,  4823.025
 20769.045,  4800.258
 20793.420,  4777.416
 20817.771,  4754.500
 20842.097,  4731.509
 20866.398,  4708.444
 20890.674,  4685.304
 20914.926,  4662.090
 20939.152,  4638.801
 20963.354,  4615.439
 20987.530,  4592.003
 21011.682,  4568.494
 21035.808,  4544.911
 21059.909,  4521.254
 21083.986,  4497.524
 21108.037,  4473.721
 21132.063,  4449.845
 21156.063,  4425.896
 21180.039,  4401.875
 21203.989,  4377.781
 21227.913,  4353.614
 21251.813,  4329.375
 21275.687,  4305.064
 21299.535,  4280.681
 21323.358,  4256.226
 21347.156,  4231.699
 21370.928,  4207.100
 21394.674,  4182.430
 21418.395,  4157.689
 21442.090,  4132.877
 21465.760,  4107.993
 21489.404,  4083.039
 21513.022,  4058.014
 21536.614,  4032.918
 21560.180,  4007.752
 21583.721,  3982.515
 21607.235,  3957.208
 21630.724,  3931.832
 21654.187,  3906.385
 21677.624,  3880.868
 21701.034,  3855.282
 21724.419,  3829.626
 21747.778,  3803.901
 21771.110,  3778.106
 21794.416,  3752.243
 21817.696,  3726.310
 21840.950,  3700.309
 21864.177,  3674.239
 21887.379,  3648.100
 21910.553,  3621.894
 21933.702,  3595.619
 21956.824,  3569.276
 21979.919,  3542.865
 22002.988,  3516.386
 22026.031,  3489.840
 22049.046,  3463.226
 22072.036,  3436.546
 22094.998,  3409.798
 22117.934,  3382.983
 22140.843,  3356.101
 22163.726,  3329.153
 22186.581,  3302.138
 22209.410,  3275.057
 22232.212,  3247.910
 22254.987,  3220.697
 22277.735,  3193.417
 22300.456,  3166.073
 22323.151,  3138.662
 22345.818,  3111.187
 22368.458,  3083.646
 22391.071,  3056.040
 22413.656,  3028.369
 22436.215,  3000.634
 22458.746,  2972.833
 22481.250,  2944.969
 22503.727,  2917.040
 22526.176,  2889.047
 22548.598,  2860.991
 22570.993,  2832.870
 22593.360,  2804.686
 22615.700,  2776.439
 22638.012,  2748.128
 22660.297,  2719.755
 22682.554,  2691.318
 22704.783,  2662.819
 22726.985,  2634.257
 22749.159,  2605.632
 22771.306,  2576.946
 22793.424,  2548.197
 22815.515,  2519.386
 22837.578,  2490.514
 22859.613,  2461.580
 22881.620,  2432.585
 22903.600,  2403.529
 22925.551,  2374.411
 22947.474,  2345.233
 22969.370,  2315.994
 22991.237,  2286.694
 23013.076,  2257.334
 23034.887,  2227.914
 23056.669,  2198.434
 23078.424,  2168.894
 23100.150,  2139.294
 23121.848,  2109.635
 23143.518,  2079.916
 23165.159,  2050.139
 23186.772,  2020.302
 23208.356,  1990.407
 23229.912,  1960.453
 23251.440,  1930.441
 23272.938,  1900.370
 23294.409,  1870.241
 23315.851,  1840.055
 23337.264,  1809.810
 23358.648,  1779.509
 23380.004,  1749.149
 23401.331,  1718.733
 23422.629,  1688.260
 23443.899,  1657.729
 23465.139,  1627.143
 23486.351,  1596.499
 23507.534,  1565.800
 23528.687,  1535.044
 23549.812,  1504.233
 23570.908,  1473.365
 23591.975,  1442.443
 23613.013,  1411.464
 23634.022,  1380.431
 23655.001,  1349.343
 23675.951,  1318.200
 23696.873,  1287.002
 23717.764,  1255.750
 23738.627,  1224.443
 23759.460,  1193.083
 23780.264,  1161.669
 23801.039,  1130.201
 23821.784,  1098.679
 23842.500,  1067.104
 23863.186,  1035.476
 23883.843,  1003.795
 23904.470,   972.062
 23925.068,   940.276
 23945.636,   908.437
 23966.175,   876.546
 23986.684,   844.603
 24007.163,   812.609
 24027.613,   780.562
 24048.032,   748.465
 24068.422,   716.316
 24088.782,   684.116
 24109.113,   651.865
 24129.413,   619.563
 24149.684,   587.211
 24169.924,   554.808
 24190.135,   522.356
 24210.316,   489.853
 24230.466,   457.301
 24250.587,   424.700
 24270.678,   392.049
 24290.738,   359.348
 24310.768,   326.599
 24330.769,   293.802
 24350.739,   260.955
 24370.678,   228.060
 24390.588,   195.118
 24410.467,   162.127
 24430.316,   129.088
 24450.134,    96.002
 24469.923,    62.868
 24489.681,    29.687
