     0.000,      0.524
     0.010,      0.475
     0.020,      0.381
     0.030,      0.250
     0.040,      0.096
     0.050,     -0.068
     0.060,     -0.226
     0.070,     -0.361
     0.080,     -0.462
     0.090,     -0.519
     0.100,     -0.527
     0.110,     -0.486
     0.120,     -0.399
     0.130,     -0.274
     0.140,     -0.123
     0.150,      0.041
     0.160,      0.200
     0.170,      0.340
     0.180,      0.448
     0.190,      0.512
     0.200,      0.529
     0.210,      0.496
     0.220,      0.417
     0.230,      0.298
     0.240,      0.150
     0.250,     -0.013
     0.260,     -0.174
     0.270,     -0.319
     0.280,     -0.432
     0.290,     -0.505
     0.300,     -0.530
     0.310,     -0.505
     0.320,     -0.433
     0.330,     -0.320
     0.340,     -0.176
     0.350,     -0.015
     0.360,      0.148
     0.370,      0.296
     0.380,      0.416
     0.390,      0.496
     0.400,      0.529
     0.410,      0.513
     0.420,      0.449
     0.430,      0.342
     0.440,      0.202
     0.450,      0.043
     0.460,     -0.121
     0.470,     -0.273
     0.480,     -0.398
     0.490,     -0.485
     0.500,     -0.527
     0.510,     -0.519
     0.520,     -0.463
     0.530,     -0.362
     0.540,     -0.227
     0.550,     -0.070
     0.560,      0.094
     0.570,      0.249
     0.580,      0.379
     0.590,      0.474
     0.600,      0.523
     0.610,      0.524
     0.620,      0.475
     0.630,      0.382
     0.640,      0.252
     0.650,      0.098
     0.660,     -0.066
     0.670,     -0.224
     0.680,     -0.360
     0.690,     -0.461
     0.700,     -0.518
     0.710,     -0.527
     0.720,     -0.487
     0.730,     -0.401
     0.740,     -0.276
     0.750,     -0.125
     0.760,      0.039
     0.770,      0.198
     0.780,      0.339
     0.790,      0.447
     0.800,      0.512
     0.810,      0.529
     0.820,      0.497
     0.830,      0.418
     0.840,      0.299
     0.850,      0.152
     0.860,     -0.011
     0.870,     -0.172
     0.880,     -0.317
     0.890,     -0.431
     0.900,     -0.504
     0.910,     -0.530
     0.920,     -0.506
     0.930,     -0.434
     0.940,     -0.322
     0.950,     -0.178
     0.960,     -0.017
     0.970,      0.146
     0.980,      0.294
     0.990,      0.414
     1.000,      0.495
     1.010,      0.529
     1.020,      0.513
     1.030,      0.450
     1.040,      0.343
     1.050,      0.204
     1.060,      0.045
     1.070,     -0.119
     1.080,     -0.271
     1.090,     -0.397
     1.100,     -0.485
     1.110,     -0.527
     1.120,     -0.519
     1.130,     -0.464
     1.140,     -0.364
     1.150,     -0.229
     1.160,     -0.072
     1.170,      0.092
     1.180,      0.247
     1.190,      0.378
     1.200,      0.473
     1.210,      0.523
     1.220,      0.524
     1.230,      0.476
     1.240,      0.383
     1.250,      0.254
     1.260,      0.100
     1.270,     -0.064
     1.280,     -0.222
     1.290,     -0.358
     1.300,     -0.460
     1.310,     -0.518
     1.320,     -0.527
     1.330,     -0.488
     1.340,     -0.402
     1.350,     -0.278
     1.360,     -0.127
     1.370,      0.037
     1.380,      0.197
     1.390,      0.337
     1.400,      0.445
     1.410,      0.511
     1.420,      0.529
     1.430,      0.498
     1.440,      0.419
     1.450,      0.301
     1.460,      0.153
     1.470,     -0.009
     1.480,     -0.171
     1.490,     -0.315
     1.500,     -0.430
     1.510,     -0.504
     1.520,     -0.530
     1.530,     -0.506
     1.540,     -0.436
     1.550,     -0.323
     1.560,     -0.180
     1.570,     -0.019
     1.580,      0.144
     1.590,      0.293
     1.600,      0.413
     1.610,      0.494
     1.620,      0.529
     1.630,      0.514
     1.640,      0.451
     1.650,      0.345
     1.660,      0.206
     1.670,      0.047
     1.680,     -0.117
     1.690,     -0.269
     1.700,     -0.395
     1.710,     -0.484
     1.720,     -0.526
     1.730,     -0.520
     1.740,     -0.465
     1.750,     -0.365
     1.760,     -0.231
     1.770,     -0.074
     1.780,      0.090
     1.790,      0.245
     1.800,      0.377
     1.810,      0.472
     1.820,      0.523
     1.830,      0.524
     1.840,      0.477
     1.850,      0.385
     1.860,      0.256
     1.870,      0.102
     1.880,     -0.062
     1.890,     -0.220
     1.900,     -0.357
     1.910,     -0.459
     1.920,     -0.517
     1.930,     -0.528
     1.940,     -0.488
     1.950,     -0.403
     1.960,     -0.279
     1.970,     -0.129
     1.980,      0.035
     1.990,      0.195
     2.000,      0.336
     2.010,      0.444
     2.020,      0.511
     2.030,      0.529
     2.040,      0.498
     2.050,      0.421
     2.060,      0.303
     2.070,      0.155
     2.080,     -0.007
     2.090,     -0.169
     2.100,     -0.314
     2.110,     -0.429
     2.120,     -0.503
     2.130,     -0.530
     2.140,     -0.507
     2.150,     -0.437
     2.160,     -0.325
     2.170,     -0.182
     2.180,     -0.021
     2.190,      0.142
     2.200,      0.291
     2.210,      0.412
     2.220,      0.494
     2.230,      0.529
     2.240,      0.514
     2.250,      0.452
     2.260,      0.346
     2.270,      0.207
     2.280,      0.049
     2.290,     -0.115
     2.300,     -0.268
     2.310,     -0.394
     2.320,     -0.483
     2.330,     -0.526
     2.340,     -0.520
     2.350,     -0.465
     2.360,     -0.367
     2.370,     -0.233
     2.380,     -0.076
     2.390,      0.088
     2.400,      0.243
     2.410,      0.375
     2.420,      0.471
     2.430,      0.522
     2.440,      0.525
     2.450,      0.478
     2.460,      0.386
     2.470,      0.257
     2.480,      0.103
     2.490,     -0.060
     2.500,     -0.218
     2.510,     -0.355
     2.520,     -0.458
     2.530,     -0.517
     2.540,     -0.528
     2.550,     -0.489
     2.560,     -0.404
     2.570,     -0.281
     2.580,     -0.131
     2.590,      0.033
     2.600,      0.193
     2.610,      0.334
     2.620,      0.443
     2.630,      0.510
     2.640,      0.530
     2.650,      0.499
     2.660,      0.422
     2.670,      0.304
     2.680,      0.157
     2.690,     -0.005
     2.700,     -0.167
     2.710,     -0.312
     2.720,     -0.428
     2.730,     -0.502
     2.740,     -0.530
     2.750,     -0.508
     2.760,     -0.438
     2.770,     -0.326
     2.780,     -0.184
     2.790,     -0.023
     2.800,      0.140
     2.810,      0.290
     2.820,      0.411
     2.830,      0.493
     2.840,      0.529
     2.850,      0.515
     2.860,      0.453
     2.870,      0.348
     2.880,      0.209
     2.890,      0.050
     2.900,     -0.113
     2.910,     -0.266
     2.920,     -0.393
     2.930,     -0.482
     2.940,     -0.526
     2.950,     -0.521
     2.960,     -0.466
     2.970,     -0.368
     2.980,     -0.234
     2.990,     -0.078
     3.000,      0.086
     3.010,      0.242
     3.020,      0.374
     3.030,      0.470
     3.040,      0.522
     3.050,      0.525
     3.060,      0.479
     3.070,      0.387
     3.080,      0.259
     3.090,      0.105
     3.100,     -0.058
     3.110,     -0.217
     3.120,     -0.354
     3.130,     -0.457
     3.140,     -0.517
     3.150,     -0.528
     3.160,     -0.490
     3.170,     -0.406
     3.180,     -0.283
     3.190,     -0.132
     3.200,      0.031
     3.210,      0.191
     3.220,      0.333
     3.230,      0.442
     3.240,      0.510
     3.250,      0.530
     3.260,      0.500
     3.270,      0.423
     3.280,      0.306
     3.290,      0.159
     3.300,     -0.003
     3.310,     -0.165
     3.320,     -0.311
     3.330,     -0.426
     3.340,     -0.502
     3.350,     -0.530
     3.360,     -0.508
     3.370,     -0.439
     3.380,     -0.328
     3.390,     -0.185
     3.400,     -0.025
     3.410,      0.138
     3.420,      0.288
     3.430,      0.410
     3.440,      0.492
     3.450,      0.528
     3.460,      0.515
     3.470,      0.454
     3.480,      0.349
     3.490,      0.211
     3.500,      0.052
     3.510,     -0.111
     3.520,     -0.264
     3.530,     -0.392
     3.540,     -0.481
     3.550,     -0.526
     3.560,     -0.521
     3.570,     -0.467
     3.580,     -0.369
     3.590,     -0.236
     3.600,     -0.080
     3.610,      0.084
     3.620,      0.240
     3.630,      0.372
     3.640,      0.469
     3.650,      0.522
     3.660,      0.525
     3.670,      0.480
     3.680,      0.389
     3.690,      0.261
     3.700,      0.107
     3.710,     -0.057
     3.720,     -0.215
     3.730,     -0.352
     3.740,     -0.456
     3.750,     -0.516
     3.760,     -0.528
     3.770,     -0.491
     3.780,     -0.407
     3.790,     -0.284
     3.800,     -0.134
     3.810,      0.029
     3.820,      0.189
     3.830,      0.331
     3.840,      0.441
     3.850,      0.509
     3.860,      0.530
     3.870,      0.500
     3.880,      0.424
     3.890,      0.307
     3.900,      0.161
     3.910,     -0.001
     3.920,     -0.163
     3.930,     -0.309
     3.940,     -0.425
     3.950,     -0.501
     3.960,     -0.530
     3.970,     -0.509
     3.980,     -0.440
     3.990,     -0.329
     4.000,     -0.187
     4.010,     -0.027
     4.020,      0.136
     4.030,      0.286
     4.040,      0.408
     4.050,      0.491
     4.060,      0.528
     4.070,      0.516
     4.080,      0.455
     4.090,      0.351
     4.100,      0.213
     4.110,      0.054
     4.120,     -0.109
     4.130,     -0.263
     4.140,     -0.390
     4.150,     -0.481
     4.160,     -0.526
     4.170,     -0.521
     4.180,     -0.468
     4.190,     -0.371
     4.200,     -0.238
     4.210,     -0.082
     4.220,      0.082
     4.230,      0.238
     4.240,      0.371
     4.250,      0.468
     4.260,      0.521
     4.270,      0.526
     4.280,      0.480
     4.290,      0.390
     4.300,      0.262
     4.310,      0.109
     4.320,     -0.055
     4.330,     -0.213
     4.340,     -0.351
     4.350,     -0.455
     4.360,     -0.516
     4.370,     -0.528
     4.380,     -0.491
     4.390,     -0.408
     4.400,     -0.286
     4.410,     -0.136
     4.420,      0.027
     4.430,      0.187
     4.440,      0.330
     4.450,      0.440
     4.460,      0.509
     4.470,      0.530
     4.480,      0.501
     4.490,      0.425
     4.500,      0.309
     4.510,      0.163
     4.520,      0.001
     4.530,     -0.161
     4.540,     -0.308
     4.550,     -0.424
     4.560,     -0.500
     4.570,     -0.530
     4.580,     -0.509
     4.590,     -0.441
     4.600,     -0.331
     4.610,     -0.189
     4.620,     -0.029
     4.630,      0.135
     4.640,      0.285
     4.650,      0.407
     4.660,      0.491
     4.670,      0.528
     4.680,      0.516
     4.690,      0.456
     4.700,      0.352
     4.710,      0.215
     4.720,      0.056
     4.730,     -0.107
     4.740,     -0.261
     4.750,     -0.389
     4.760,     -0.480
     4.770,     -0.525
     4.780,     -0.522
     4.790,     -0.469
     4.800,     -0.372
     4.810,     -0.240
     4.820,     -0.084
     4.830,      0.080
     4.840,      0.236
     4.850,      0.370
     4.860,      0.467
     4.870,      0.521
     4.880,      0.526
     4.890,      0.481
     4.900,      0.391
     4.910,      0.264
     4.920,      0.111
     4.930,     -0.053
     4.940,     -0.211
     4.950,     -0.349
     4.960,     -0.454
     4.970,     -0.515
     4.980,     -0.528
     4.990,     -0.492
     5.000,     -0.409
     5.010,     -0.288
     5.020,     -0.138
     5.030,      0.025
     5.040,      0.186
     5.050,      0.328
     5.060,      0.439
     5.070,      0.508
     5.080,      0.530
     5.090,      0.502
     5.100,      0.426
     5.110,      0.311
     5.120,      0.165
     5.130,      0.003
     5.140,     -0.159
     5.150,     -0.306
     5.160,     -0.423
     5.170,     -0.500
     5.180,     -0.530
     5.190,     -0.510
     5.200,     -0.442
     5.210,     -0.333
     5.220,     -0.191
     5.230,     -0.031
     5.240,      0.133
     5.250,      0.283
     5.260,      0.406
     5.270,      0.490
     5.280,      0.528
     5.290,      0.517
     5.300,      0.457
     5.310,      0.354
     5.320,      0.217
     5.330,      0.058
     5.340,     -0.106
     5.350,     -0.259
     5.360,     -0.388
     5.370,     -0.479
     5.380,     -0.525
     5.390,     -0.522
     5.400,     -0.470
     5.410,     -0.374
     5.420,     -0.242
     5.430,     -0.086
     5.440,      0.078
     5.450,      0.235
     5.460,      0.368
     5.470,      0.466
     5.480,      0.521
     5.490,      0.526
     5.500,      0.482
     5.510,      0.393
     5.520,      0.266
     5.530,      0.113
     5.540,     -0.051
     5.550,     -0.209
     5.560,     -0.348
     5.570,     -0.453
     5.580,     -0.515
     5.590,     -0.529
     5.600,     -0.493
     5.610,     -0.411
     5.620,     -0.289
     5.630,     -0.140
     5.640,      0.023
     5.650,      0.184
     5.660,      0.327
     5.670,      0.438
     5.680,      0.508
     5.690,      0.530
     5.700,      0.502
     5.710,      0.428
     5.720,      0.312
     5.730,      0.167
     5.740,      0.005
     5.750,     -0.157
     5.760,     -0.304
     5.770,     -0.422
     5.780,     -0.499
     5.790,     -0.530
     5.800,     -0.510
     5.810,     -0.443
     5.820,     -0.334
     5.830,     -0.193
     5.840,     -0.033
     5.850,      0.131
     5.860,      0.281
     5.870,      0.405
     5.880,      0.489
     5.890,      0.528
     5.900,      0.517
     5.910,      0.458
     5.920,      0.355
     5.930,      0.218
     5.940,      0.060
     5.950,     -0.104
     5.960,     -0.257
     5.970,     -0.386
     5.980,     -0.478
     5.990,     -0.525
     6.000,     -0.522
     6.010,     -0.471
     6.020,     -0.375
     6.030,     -0.243
     6.040,     -0.088
     6.050,      0.076
     6.060,      0.233
     6.070,      0.367
     6.080,      0.466
     6.090,      0.520
     6.100,      0.526
     6.110,      0.483
     6.120,      0.394
     6.130,      0.268
     6.140,      0.115
     6.150,     -0.049
     6.160,     -0.208
     6.170,     -0.346
     6.180,     -0.452
     6.190,     -0.514
     6.200,     -0.529
     6.210,     -0.494
     6.220,     -0.412
     6.230,     -0.291
     6.240,     -0.142
     6.250,      0.021
     6.260,      0.182
     6.270,      0.325
     6.280,      0.437
     6.290,      0.507
     6.300,      0.530
     6.310,      0.503
     6.320,      0.429
     6.330,      0.314
     6.340,      0.169
     6.350,      0.007
     6.360,     -0.156
     6.370,     -0.303
     6.380,     -0.421
     6.390,     -0.498
     6.400,     -0.529
     6.410,     -0.511
     6.420,     -0.444
     6.430,     -0.336
     6.440,     -0.195
     6.450,     -0.035
     6.460,      0.129
     6.470,      0.280
     6.480,      0.403
     6.490,      0.488
     6.500,      0.528
     6.510,      0.517
     6.520,      0.459
     6.530,      0.357
     6.540,      0.220
     6.550,      0.062
     6.560,     -0.102
     6.570,     -0.256
     6.580,     -0.385
     6.590,     -0.477
     6.600,     -0.524
     6.610,     -0.523
     6.620,     -0.472
     6.630,     -0.376
     6.640,     -0.245
     6.650,     -0.090
     6.660,      0.074
     6.670,      0.231
     6.680,      0.365
     6.690,      0.465
     6.700,      0.520
     6.710,      0.526
     6.720,      0.484
     6.730,      0.395
     6.740,      0.269
     6.750,      0.117
     6.760,     -0.047
     6.770,     -0.206
     6.780,     -0.345
     6.790,     -0.451
     6.800,     -0.514
     6.810,     -0.529
     6.820,     -0.494
     6.830,     -0.413
     6.840,     -0.293
     6.850,     -0.144
     6.860,      0.019
     6.870,      0.180
     6.880,      0.323
     6.890,      0.436
     6.900,      0.507
     6.910,      0.530
     6.920,      0.503
     6.930,      0.430
     6.940,      0.315
     6.950,      0.170
     6.960,      0.009
     6.970,     -0.154
     6.980,     -0.301
     6.990,     -0.419
     7.000,     -0.498
     7.010,     -0.529
     7.020,     -0.511
     7.030,     -0.445
     7.040,     -0.337
     7.050,     -0.196
     7.060,     -0.037
     7.070,      0.127
     7.080,      0.278
     7.090,      0.402
     7.100,      0.488
     7.110,      0.527
     7.120,      0.518
     7.130,      0.460
     7.140,      0.358
     7.150,      0.222
     7.160,      0.064
     7.170,     -0.100
     7.180,     -0.254
     7.190,     -0.383
     7.200,     -0.476
     7.210,     -0.524
     7.220,     -0.523
     7.230,     -0.473
     7.240,     -0.378
     7.250,     -0.247
     7.260,     -0.092
     7.270,      0.072
     7.280,      0.229
     7.290,      0.364
     7.300,      0.464
     7.310,      0.520
     7.320,      0.527
     7.330,      0.485
     7.340,      0.397
     7.350,      0.271
     7.360,      0.119
     7.370,     -0.045
     7.380,     -0.204
     7.390,     -0.343
     7.400,     -0.450
     7.410,     -0.513
     7.420,     -0.529
     7.430,     -0.495
     7.440,     -0.414
     7.450,     -0.294
     7.460,     -0.146
     7.470,      0.017
     7.480,      0.178
     7.490,      0.322
     7.500,      0.435
     7.510,      0.506
     7.520,      0.530
     7.530,      0.504
     7.540,      0.431
     7.550,      0.317
     7.560,      0.172
     7.570,      0.011
     7.580,     -0.152
     7.590,     -0.299
     7.600,     -0.418
     7.610,     -0.497
     7.620,     -0.529
     7.630,     -0.512
     7.640,     -0.446
     7.650,     -0.339
     7.660,     -0.198
     7.670,     -0.039
     7.680,      0.125
     7.690,      0.276
     7.700,      0.401
     7.710,      0.487
     7.720,      0.527
     7.730,      0.518
     7.740,      0.461
     7.750,      0.359
     7.760,      0.224
     7.770,      0.066
     7.780,     -0.098
     7.790,     -0.252
     7.800,     -0.382
     7.810,     -0.475
     7.820,     -0.524
     7.830,     -0.523
     7.840,     -0.474
     7.850,     -0.379
     7.860,     -0.248
     7.870,     -0.094
     7.880,      0.070
     7.890,      0.228
     7.900,      0.362
     7.910,      0.463
     7.920,      0.519
     7.930,      0.527
     7.940,      0.485
     7.950,      0.398
     7.960,      0.273
     7.970,      0.121
     7.980,     -0.043
     7.990,     -0.202
     8.000,     -0.342
     8.010,     -0.449
     8.020,     -0.513
     8.030,     -0.529
     8.040,     -0.496
     8.050,     -0.416
     8.060,     -0.296
     8.070,     -0.148
     8.080,      0.015
     8.090,      0.176
     8.100,      0.320
     8.110,      0.433
     8.120,      0.505
     8.130,      0.530
     8.140,      0.505
     8.150,      0.432
     8.160,      0.318
     8.170,      0.174
     8.180,      0.013
     8.190,     -0.150
     8.200,     -0.298
     8.210,     -0.417
     8.220,     -0.496
     8.230,     -0.529
     8.240,     -0.512
     8.250,     -0.447
     8.260,     -0.340
     8.270,     -0.200
     8.280,     -0.041
     8.290,      0.123
     8.300,      0.275
     8.310,      0.399
     8.320,      0.486
     8.330,      0.527
     8.340,      0.519
     8.350,      0.462
     8.360,      0.361
     8.370,      0.225
     8.380,      0.068
     8.390,     -0.096
     8.400,     -0.250
     8.410,     -0.381
     8.420,     -0.475
     8.430,     -0.524
     8.440,     -0.524
     8.450,     -0.474
     8.460,     -0.381
     8.470,     -0.250
     8.480,     -0.096
     8.490,      0.068
     8.500,      0.226
     8.510,      0.361
     8.520,      0.462
     8.530,      0.519
     8.540,      0.527
     8.550,      0.486
     8.560,      0.399
     8.570,      0.274
     8.580,      0.123
     8.590,     -0.041
     8.600,     -0.200
     8.610,     -0.340
     8.620,     -0.448
     8.630,     -0.512
     8.640,     -0.529
     8.650,     -0.496
     8.660,     -0.417
     8.670,     -0.298
     8.680,     -0.150
     8.690,      0.013
     8.700,      0.174
     8.710,      0.319
     8.720,      0.432
     8.730,      0.505
     8.740,      0.530
     8.750,      0.505
     8.760,      0.433
     8.770,      0.320
     8.780,      0.176
     8.790,      0.015
     8.800,     -0.148
     8.810,     -0.296
     8.820,     -0.416
     8.830,     -0.496
     8.840,     -0.529
     8.850,     -0.513
     8.860,     -0.449
     8.870,     -0.342
     8.880,     -0.202
     8.890,     -0.042
     8.900,      0.121
     8.910,      0.273
     8.920,      0.398
     8.930,      0.485
     8.940,      0.527
     8.950,      0.519
     8.960,      0.463
     8.970,      0.362
     8.980,      0.227
     8.990,      0.070
     9.000,     -0.094
     9.010,     -0.249
     9.020,     -0.379
     9.030,     -0.474
     9.040,     -0.523
     9.050,     -0.524
     9.060,     -0.475
     9.070,     -0.382
     9.080,     -0.252
     9.090,     -0.098
     9.100,      0.066
     9.110,      0.224
     9.120,      0.360
     9.130,      0.461
     9.140,      0.518
     9.150,      0.527
     9.160,      0.487
     9.170,      0.401
     9.180,      0.276
     9.190,      0.125
     9.200,     -0.039
     9.210,     -0.199
     9.220,     -0.339
     9.230,     -0.447
     9.240,     -0.512
     9.250,     -0.529
     9.260,     -0.497
     9.270,     -0.418
     9.280,     -0.299
     9.290,     -0.151
     9.300,      0.011
     9.310,      0.173
     9.320,      0.317
     9.330,      0.431
     9.340,      0.504
     9.350,      0.530
     9.360,      0.506
     9.370,      0.434
     9.380,      0.322
     9.390,      0.178
     9.400,      0.017
     9.410,     -0.146
     9.420,     -0.295
     9.430,     -0.415
     9.440,     -0.495
     9.450,     -0.529
     9.460,     -0.513
     9.470,     -0.450
     9.480,     -0.343
     9.490,     -0.204
     9.500,     -0.044
     9.510,      0.119
     9.520,      0.271
     9.530,      0.397
     9.540,      0.485
     9.550,      0.527
     9.560,      0.519
     9.570,      0.464
     9.580,      0.364
     9.590,      0.229
     9.600,      0.072
     9.610,     -0.092
     9.620,     -0.247
     9.630,     -0.378
     9.640,     -0.473
     9.650,     -0.523
     9.660,     -0.524
     9.670,     -0.476
     9.680,     -0.383
     9.690,     -0.254
     9.700,     -0.099
     9.710,      0.065
     9.720,      0.222
     9.730,      0.358
     9.740,      0.460
     9.750,      0.518
     9.760,      0.527
     9.770,      0.488
     9.780,      0.402
     9.790,      0.278
     9.800,      0.127
     9.810,     -0.037
     9.820,     -0.197
     9.830,     -0.337
     9.840,     -0.446
     9.850,     -0.511
     9.860,     -0.529
     9.870,     -0.498
     9.880,     -0.419
     9.890,     -0.301
     9.900,     -0.153
     9.910,      0.009
     9.920,      0.171
     9.930,      0.316
     9.940,      0.430
     9.950,      0.504
     9.960,      0.530
     9.970,      0.506
     9.980,      0.436
     9.990,      0.323
    10.000,      0.180
    10.010,      0.019
    10.020,     -0.144
    10.030,     -0.293
    10.040,     -0.413
    10.050,     -0.494
    10.060,     -0.529
    10.070,     -0.514
    10.080,     -0.451
    10.090,     -0.345
    10.100,     -0.206
    10.110,     -0.046
    10.120,      0.117
    10.130,      0.269
    10.140,      0.396
    10.150,      0.484
    10.160,      0.526
    10.170,      0.520
    10.180,      0.464
    10.190,      0.365
    10.200,      0.231
    10.210,      0.074
    10.220,     -0.090
    10.230,     -0.245
    10.240,     -0.377
    10.250,     -0.472
    10.260,     -0.523
    10.270,     -0.524
    10.280,     -0.477
    10.290,     -0.385
    10.300,     -0.255
    10.310,     -0.101
    10.320,      0.063
    10.330,      0.220
    10.340,      0.357
    10.350,      0.459
    10.360,      0.518
    10.370,      0.528
    10.380,      0.488
    10.390,      0.403
    10.400,      0.279
    10.410,      0.129
    10.420,     -0.035
    10.430,     -0.195
    10.440,     -0.336
    10.450,     -0.444
    10.460,     -0.511
    10.470,     -0.529
    10.480,     -0.498
    10.490,     -0.420
    10.500,     -0.302
    10.510,     -0.155
    10.520,      0.007
    10.530,      0.169
    10.540,      0.314
    10.550,      0.429
    10.560,      0.503
    10.570,      0.530
    10.580,      0.507
    10.590,      0.437
    10.600,      0.325
    10.610,      0.182
    10.620,      0.021
    10.630,     -0.142
    10.640,     -0.291
    10.650,     -0.412
    10.660,     -0.494
    10.670,     -0.529
    10.680,     -0.514
    10.690,     -0.452
    10.700,     -0.346
    10.710,     -0.207
    10.720,     -0.048
    10.730,      0.115
    10.740,      0.268
    10.750,      0.394
    10.760,      0.483
    10.770,      0.526
    10.780,      0.520
    10.790,      0.465
    10.800,      0.367
    10.810,      0.233
    10.820,      0.076
    10.830,     -0.088
    10.840,     -0.244
    10.850,     -0.375
    10.860,     -0.471
    10.870,     -0.522
    10.880,     -0.525
    10.890,     -0.478
    10.900,     -0.386
    10.910,     -0.257
    10.920,     -0.103
    10.930,      0.061
    10.940,      0.219
    10.950,      0.355
    10.960,      0.458
    10.970,      0.517
    10.980,      0.528
    10.990,      0.489
    11.000,      0.404
    11.010,      0.281
    11.020,      0.130
    11.030,     -0.033
    11.040,     -0.193
    11.050,     -0.334
    11.060,     -0.443
    11.070,     -0.510
    11.080,     -0.529
    11.090,     -0.499
    11.100,     -0.422
    11.110,     -0.304
    11.120,     -0.157
    11.130,      0.005
    11.140,      0.167
    11.150,      0.312
    11.160,      0.428
    11.170,      0.502
    11.180,      0.530
    11.190,      0.508
    11.200,      0.438
    11.210,      0.326
    11.220,      0.183
    11.230,      0.023
    11.240,     -0.140
    11.250,     -0.290
    11.260,     -0.411
    11.270,     -0.493
    11.280,     -0.529
    11.290,     -0.515
    11.300,     -0.453
    11.310,     -0.348
    11.320,     -0.209
    11.330,     -0.050
    11.340,      0.113
    11.350,      0.266
    11.360,      0.393
    11.370,      0.482
    11.380,      0.526
    11.390,      0.521
    11.400,      0.466
    11.410,      0.368
    11.420,      0.234
    11.430,      0.078
    11.440,     -0.086
    11.450,     -0.242
    11.460,     -0.374
    11.470,     -0.470
    11.480,     -0.522
    11.490,     -0.525
    11.500,     -0.479
    11.510,     -0.387
    11.520,     -0.259
    11.530,     -0.105
    11.540,      0.059
    11.550,      0.217
    11.560,      0.354
    11.570,      0.457
    11.580,      0.517
    11.590,      0.528
    11.600,      0.490
    11.610,      0.406
    11.620,      0.283
    11.630,      0.132
    11.640,     -0.031
    11.650,     -0.191
    11.660,     -0.333
    11.670,     -0.442
    11.680,     -0.510
    11.690,     -0.530
    11.700,     -0.500
    11.710,     -0.423
    11.720,     -0.306
    11.730,     -0.159
    11.740,      0.003
    11.750,      0.165
    11.760,      0.311
    11.770,      0.427
    11.780,      0.502
    11.790,      0.530
    11.800,      0.508
    11.810,      0.439
    11.820,      0.328
    11.830,      0.185
    11.840,      0.025
    11.850,     -0.138
    11.860,     -0.288
    11.870,     -0.410
    11.880,     -0.492
    11.890,     -0.528
    11.900,     -0.515
    11.910,     -0.454
    11.920,     -0.349
    11.930,     -0.211
    11.940,     -0.052
    11.950,      0.111
    11.960,      0.264
    11.970,      0.392
    11.980,      0.481
    11.990,      0.526
    12.000,      0.521
    12.010,      0.467
    12.020,      0.369
    12.030,      0.236
    12.040,      0.080
    12.050,     -0.084
    12.060,     -0.240
    12.070,     -0.372
    12.080,     -0.469
    12.090,     -0.522
    12.100,     -0.525
    12.110,     -0.480
    12.120,     -0.389
    12.130,     -0.261
    12.140,     -0.107
    12.150,      0.057
    12.160,      0.215
    12.170,      0.352
    12.180,      0.456
    12.190,      0.516
    12.200,      0.528
    12.210,      0.491
    12.220,      0.407
    12.230,      0.284
    12.240,      0.134
    12.250,     -0.029
    12.260,     -0.189
    12.270,     -0.331
    12.280,     -0.441
    12.290,     -0.509
    12.300,     -0.530
    12.310,     -0.500
    12.320,     -0.424
    12.330,     -0.307
    12.340,     -0.161
    12.350,      0.001
    12.360,      0.163
    12.370,      0.309
    12.380,      0.425
    12.390,      0.501
    12.400,      0.530
    12.410,      0.509
    12.420,      0.440
    12.430,      0.329
    12.440,      0.187
    12.450,      0.027
    12.460,     -0.137
    12.470,     -0.286
    12.480,     -0.408
    12.490,     -0.492
    12.500,     -0.528
    12.510,     -0.516
    12.520,     -0.455
    12.530,     -0.351
    12.540,     -0.213
    12.550,     -0.054
    12.560,      0.110
    12.570,      0.263
    12.580,      0.390
    12.590,      0.481
    12.600,      0.526
    12.610,      0.521
    12.620,      0.468
    12.630,      0.371
    12.640,      0.238
    12.650,      0.082
    12.660,     -0.082
    12.670,     -0.238
    12.680,     -0.371
    12.690,     -0.468
    12.700,     -0.521
    12.710,     -0.525
    12.720,     -0.480
    12.730,     -0.390
    12.740,     -0.262
    12.750,     -0.109
    12.760,      0.055
    12.770,      0.213
    12.780,      0.351
    12.790,      0.455
    12.800,      0.516
    12.810,      0.528
    12.820,      0.491
    12.830,      0.408
    12.840,      0.286
    12.850,      0.136
    12.860,     -0.027
    12.870,     -0.187
    12.880,     -0.330
    12.890,     -0.440
    12.900,     -0.509
    12.910,     -0.530
    12.920,     -0.501
    12.930,     -0.425
    12.940,     -0.309
    12.950,     -0.163
    12.960,     -0.001
    12.970,      0.161
    12.980,      0.308
    12.990,      0.424
    13.000,      0.500
    13.010,      0.530
    13.020,      0.509
    13.030,      0.441
    13.040,      0.331
    13.050,      0.189
    13.060,      0.029
    13.070,     -0.135
    13.080,     -0.285
    13.090,     -0.407
    13.100,     -0.491
    13.110,     -0.528
    13.120,     -0.516
    13.130,     -0.456
    13.140,     -0.352
    13.150,     -0.215
    13.160,     -0.056
    13.170,      0.108
    13.180,      0.261
    13.190,      0.389
    13.200,      0.480
    13.210,      0.525
    13.220,      0.522
    13.230,      0.469
    13.240,      0.372
    13.250,      0.240
    13.260,      0.084
    13.270,     -0.080
    13.280,     -0.236
    13.290,     -0.370
    13.300,     -0.467
    13.310,     -0.521
    13.320,     -0.526
    13.330,     -0.481
    13.340,     -0.391
    13.350,     -0.264
    13.360,     -0.111
    13.370,      0.053
    13.380,      0.211
    13.390,      0.349
    13.400,      0.454
    13.410,      0.515
    13.420,      0.528
    13.430,      0.492
    13.440,      0.409
    13.450,      0.288
    13.460,      0.138
    13.470,     -0.025
    13.480,     -0.186
    13.490,     -0.328
    13.500,     -0.439
    13.510,     -0.508
    13.520,     -0.530
    13.530,     -0.502
    13.540,     -0.426
    13.550,     -0.310
    13.560,     -0.165
    13.570,     -0.003
    13.580,      0.159
    13.590,      0.306
    13.600,      0.423
    13.610,      0.500
    13.620,      0.530
    13.630,      0.510
    13.640,      0.442
    13.650,      0.332
    13.660,      0.191
    13.670,      0.031
    13.680,     -0.133
    13.690,     -0.283
    13.700,     -0.406
    13.710,     -0.490
    13.720,     -0.528
    13.730,     -0.517
    13.740,     -0.457
    13.750,     -0.354
    13.760,     -0.216
    13.770,     -0.058
    13.780,      0.106
    13.790,      0.259
    13.800,      0.388
    13.810,      0.479
    13.820,      0.525
    13.830,      0.522
    13.840,      0.470
    13.850,      0.374
    13.860,      0.241
    13.870,      0.086
    13.880,     -0.078
    13.890,     -0.235
    13.900,     -0.368
    13.910,     -0.467
    13.920,     -0.521
    13.930,     -0.526
    13.940,     -0.482
    13.950,     -0.393
    13.960,     -0.266
    13.970,     -0.113
    13.980,      0.051
    13.990,      0.210
    14.000,      0.348
    14.010,      0.453
    14.020,      0.515
    14.030,      0.529
    14.040,      0.493
    14.050,      0.411
    14.060,      0.289
    14.070,      0.140
    14.080,     -0.023
    14.090,     -0.184
    14.100,     -0.327
    14.110,     -0.438
    14.120,     -0.508
    14.130,     -0.530
    14.140,     -0.502
    14.150,     -0.427
    14.160,     -0.312
    14.170,     -0.167
    14.180,     -0.005
    14.190,      0.158
    14.200,      0.304
    14.210,      0.422
    14.220,      0.499
    14.230,      0.530
    14.240,      0.510
    14.250,      0.443
    14.260,      0.334
    14.270,      0.193
    14.280,      0.032
    14.290,     -0.131
    14.300,     -0.281
    14.310,     -0.405
    14.320,     -0.489
    14.330,     -0.528
    14.340,     -0.517
    14.350,     -0.458
    14.360,     -0.355
    14.370,     -0.218
    14.380,     -0.060
    14.390,      0.104
    14.400,      0.258
    14.410,      0.386
    14.420,      0.478
    14.430,      0.525
    14.440,      0.522
    14.450,      0.471
    14.460,      0.375
    14.470,      0.243
    14.480,      0.088
    14.490,     -0.076
    14.500,     -0.233
    14.510,     -0.367
    14.520,     -0.466
    14.530,     -0.520
    14.540,     -0.526
    14.550,     -0.483
    14.560,     -0.394
    14.570,     -0.267
    14.580,     -0.115
    14.590,      0.049
    14.600,      0.208
    14.610,      0.346
    14.620,      0.452
    14.630,      0.514
    14.640,      0.529
    14.650,      0.494
    14.660,      0.412
    14.670,      0.291
    14.680,      0.142
    14.690,     -0.021
    14.700,     -0.182
    14.710,     -0.325
    14.720,     -0.437
    14.730,     -0.507
    14.740,     -0.530
    14.750,     -0.503
    14.760,     -0.429
    14.770,     -0.314
    14.780,     -0.168
    14.790,     -0.007
    14.800,      0.156
    14.810,      0.303
    14.820,      0.421
    14.830,      0.499
    14.840,      0.529
    14.850,      0.511
    14.860,      0.444
    14.870,      0.335
    14.880,      0.194
    14.890,      0.034
    14.900,     -0.129
    14.910,     -0.280
    14.920,     -0.403
    14.930,     -0.489
    14.940,     -0.528
    14.950,     -0.517
    14.960,     -0.459
    14.970,     -0.356
    14.980,     -0.220
    14.990,     -0.062
    15.000,      0.102
    15.010,      0.256
    15.020,      0.385
    15.030,      0.477
    15.040,      0.525
    15.050,      0.523
    15.060,      0.472
    15.070,      0.376
    15.080,      0.245
    15.090,      0.090
    15.100,     -0.074
    15.110,     -0.231
    15.120,     -0.365
    15.130,     -0.465
    15.140,     -0.520
    15.150,     -0.526
    15.160,     -0.484
    15.170,     -0.395
    15.180,     -0.269
    15.190,     -0.117
    15.200,      0.047
    15.210,      0.206
    15.220,      0.345
    15.230,      0.451
    15.240,      0.514
    15.250,      0.529
    15.260,      0.494
    15.270,      0.413
    15.280,      0.293
    15.290,      0.144
    15.300,     -0.019
    15.310,     -0.180
    15.320,     -0.324
    15.330,     -0.436
    15.340,     -0.507
    15.350,     -0.530
    15.360,     -0.503
    15.370,     -0.430
    15.380,     -0.315
    15.390,     -0.170
    15.400,     -0.009
    15.410,      0.154
    15.420,      0.301
    15.430,      0.419
    15.440,      0.498
    15.450,      0.529
    15.460,      0.511
    15.470,      0.445
    15.480,      0.337
    15.490,      0.196
    15.500,      0.036
    15.510,     -0.127
    15.520,     -0.278
    15.530,     -0.402
    15.540,     -0.488
    15.550,     -0.527
    15.560,     -0.518
    15.570,     -0.460
    15.580,     -0.358
    15.590,     -0.222
    15.600,     -0.064
    15.610,      0.100
    15.620,      0.254
    15.630,      0.384
    15.640,      0.476
    15.650,      0.524
    15.660,      0.523
    15.670,      0.473
    15.680,      0.378
    15.690,      0.247
    15.700,      0.092
    15.710,     -0.072
    15.720,     -0.229
    15.730,     -0.364
    15.740,     -0.464
    15.750,     -0.520
    15.760,     -0.527
    15.770,     -0.484
    15.780,     -0.397
    15.790,     -0.271
    15.800,     -0.119
    15.810,      0.045
    15.820,      0.204
    15.830,      0.343
    15.840,      0.450
    15.850,      0.513
    15.860,      0.529
    15.870,      0.495
    15.880,      0.414
    15.890,      0.294
    15.900,      0.146
    15.910,     -0.017
    15.920,     -0.178
    15.930,     -0.322
    15.940,     -0.435
    15.950,     -0.506
    15.960,     -0.530
    15.970,     -0.504
    15.980,     -0.431
    15.990,     -0.317
    16.000,     -0.172
    16.010,     -0.011
    16.020,      0.152
    16.030,      0.300
    16.040,      0.418
    16.050,      0.497
    16.060,      0.529
    16.070,      0.512
    16.080,      0.446
    16.090,      0.339
    16.100,      0.198
    16.110,      0.038
    16.120,     -0.125
    16.130,     -0.276
    16.140,     -0.401
    16.150,     -0.487
    16.160,     -0.527
    16.170,     -0.518
    16.180,     -0.461
    16.190,     -0.359
    16.200,     -0.224
    16.210,     -0.066
    16.220,      0.098
    16.230,      0.252
    16.240,      0.382
    16.250,      0.476
    16.260,      0.524
    16.270,      0.523
    16.280,      0.474
    16.290,      0.379
    16.300,      0.248
    16.310,      0.093
    16.320,     -0.071
    16.330,     -0.228
    16.340,     -0.363
    16.350,     -0.463
    16.360,     -0.519
    16.370,     -0.527
    16.380,     -0.485
    16.390,     -0.398
    16.400,     -0.272
    16.410,     -0.121
    16.420,      0.043
    16.430,      0.202
    16.440,      0.342
    16.450,      0.449
    16.460,      0.513
    16.470,      0.529
    16.480,      0.496
    16.490,      0.416
    16.500,      0.296
    16.510,      0.148
    16.520,     -0.015
    16.530,     -0.176
    16.540,     -0.320
    16.550,     -0.434
    16.560,     -0.505
    16.570,     -0.530
    16.580,     -0.505
    16.590,     -0.432
    16.600,     -0.318
    16.610,     -0.174
    16.620,     -0.013
    16.630,      0.150
    16.640,      0.298
    16.650,      0.417
    16.660,      0.497
    16.670,      0.529
    16.680,      0.512
    16.690,      0.447
    16.700,      0.340
    16.710,      0.200
    16.720,      0.040
    16.730,     -0.123
    16.740,     -0.275
    16.750,     -0.400
    16.760,     -0.486
    16.770,     -0.527
    16.780,     -0.519
    16.790,     -0.462
    16.800,     -0.361
    16.810,     -0.225
    16.820,     -0.068
    16.830,      0.096
    16.840,      0.251
    16.850,      0.381
    16.860,      0.475
    16.870,      0.524
    16.880,      0.524
    16.890,      0.474
    16.900,      0.380
    16.910,      0.250
    16.920,      0.095
    16.930,     -0.069
    16.940,     -0.226
    16.950,     -0.361
    16.960,     -0.462
    16.970,     -0.519
    16.980,     -0.527
    16.990,     -0.486
    17.000,     -0.399
    17.010,     -0.274
    17.020,     -0.123
    17.030,      0.041
    17.040,      0.200
    17.050,      0.340
    17.060,      0.448
    17.070,      0.512
    17.080,      0.529
    17.090,      0.496
    17.100,      0.417
    17.110,      0.297
    17.120,      0.149
    17.130,     -0.013
    17.140,     -0.175
    17.150,     -0.319
    17.160,     -0.432
    17.170,     -0.505
    17.180,     -0.530
    17.190,     -0.505
    17.200,     -0.433
    17.210,     -0.320
    17.220,     -0.176
    17.230,     -0.015
    17.240,      0.148
    17.250,      0.296
    17.260,      0.416
    17.270,      0.496
    17.280,      0.529
    17.290,      0.513
    17.300,      0.448
    17.310,      0.342
    17.320,      0.202
    17.330,      0.042
    17.340,     -0.121
    17.350,     -0.273
    17.360,     -0.398
    17.370,     -0.485
    17.380,     -0.527
    17.390,     -0.519
    17.400,     -0.462
    17.410,     -0.362
    17.420,     -0.227
    17.430,     -0.070
    17.440,      0.094
    17.450,      0.249
    17.460,      0.380
    17.470,      0.474
    17.480,      0.523
    17.490,      0.524
    17.500,      0.475
    17.510,      0.382
    17.520,      0.252
    17.530,      0.097
    17.540,     -0.067
    17.550,     -0.224
    17.560,     -0.360
    17.570,     -0.461
    17.580,     -0.518
    17.590,     -0.527
    17.600,     -0.487
    17.610,     -0.400
    17.620,     -0.276
    17.630,     -0.125
    17.640,      0.039
    17.650,      0.199
    17.660,      0.339
    17.670,      0.447
    17.680,      0.512
    17.690,      0.529
    17.700,      0.497
    17.710,      0.418
    17.720,      0.299
    17.730,      0.151
    17.740,     -0.011
    17.750,     -0.173
    17.760,     -0.317
    17.770,     -0.431
    17.780,     -0.504
    17.790,     -0.530
    17.800,     -0.506
    17.810,     -0.434
    17.820,     -0.322
    17.830,     -0.178
    17.840,     -0.017
    17.850,      0.146
    17.860,      0.295
    17.870,      0.415
    17.880,      0.495
    17.890,      0.529
    17.900,      0.513
    17.910,      0.449
    17.920,      0.343
    17.930,      0.204
    17.940,      0.044
    17.950,     -0.119
    17.960,     -0.271
    17.970,     -0.397
    17.980,     -0.485
    17.990,     -0.527
    18.000,     -0.519
    18.010,     -0.463
    18.020,     -0.364
    18.030,     -0.229
    18.040,     -0.072
    18.050,      0.092
    18.060,      0.247
    18.070,      0.378
    18.080,      0.473
    18.090,      0.523
    18.100,      0.524
    18.110,      0.476
    18.120,      0.383
    18.130,      0.254
    18.140,      0.099
    18.150,     -0.065
    18.160,     -0.222
    18.170,     -0.358
    18.180,     -0.460
    18.190,     -0.518
    18.200,     -0.527
    18.210,     -0.488
    18.220,     -0.402
    18.230,     -0.278
    18.240,     -0.126
    18.250,      0.037
    18.260,      0.197
    18.270,      0.337
    18.280,      0.446
    18.290,      0.511
    18.300,      0.529
    18.310,      0.498
    18.320,      0.419
    18.330,      0.301
    18.340,      0.153
    18.350,     -0.009
    18.360,     -0.171
    18.370,     -0.316
    18.380,     -0.430
    18.390,     -0.504
    18.400,     -0.530
    18.410,     -0.506
    18.420,     -0.435
    18.430,     -0.323
    18.440,     -0.180
    18.450,     -0.019
    18.460,      0.144
    18.470,      0.293
    18.480,      0.413
    18.490,      0.494
    18.500,      0.529
    18.510,      0.514
    18.520,      0.451
    18.530,      0.345
    18.540,      0.205
    18.550,      0.046
    18.560,     -0.117
    18.570,     -0.270
    18.580,     -0.396
    18.590,     -0.484
    18.600,     -0.526
    18.610,     -0.520
    18.620,     -0.464
    18.630,     -0.365
    18.640,     -0.231
    18.650,     -0.074
    18.660,      0.090
    18.670,      0.245
    18.680,      0.377
    18.690,      0.472
    18.700,      0.523
    18.710,      0.524
    18.720,      0.477
    18.730,      0.385
    18.740,      0.255
    18.750,      0.101
    18.760,     -0.063
    18.770,     -0.220
    18.780,     -0.357
    18.790,     -0.459
    18.800,     -0.518
    18.810,     -0.528
    18.820,     -0.488
    18.830,     -0.403
    18.840,     -0.279
    18.850,     -0.128
    18.860,      0.035
    18.870,      0.195
    18.880,      0.336
    18.890,      0.445
    18.900,      0.511
    18.910,      0.529
    18.920,      0.498
    18.930,      0.420
    18.940,      0.302
    18.950,      0.155
    18.960,     -0.007
    18.970,     -0.169
    18.980,     -0.314
    18.990,     -0.429
    19.000,     -0.503
    19.010,     -0.530
    19.020,     -0.507
    19.030,     -0.437
    19.040,     -0.325
    19.050,     -0.181
    19.060,     -0.021
    19.070,      0.142
    19.080,      0.291
    19.090,      0.412
    19.100,      0.494
    19.110,      0.529
    19.120,      0.514
    19.130,      0.452
    19.140,      0.346
    19.150,      0.207
    19.160,      0.048
    19.170,     -0.115
    19.180,     -0.268
    19.190,     -0.394
    19.200,     -0.483
    19.210,     -0.526
    19.220,     -0.520
    19.230,     -0.465
    19.240,     -0.366
    19.250,     -0.232
    19.260,     -0.076
    19.270,      0.088
    19.280,      0.244
    19.290,      0.375
    19.300,      0.471
    19.310,      0.522
    19.320,      0.525
    19.330,      0.478
    19.340,      0.386
    19.350,      0.257
    19.360,      0.103
    19.370,     -0.061
    19.380,     -0.219
    19.390,     -0.355
    19.400,     -0.458
    19.410,     -0.517
    19.420,     -0.528
    19.430,     -0.489
    19.440,     -0.404
    19.450,     -0.281
    19.460,     -0.130
    19.470,      0.033
    19.480,      0.193
    19.490,      0.334
    19.500,      0.443
    19.510,      0.510
    19.520,      0.529
    19.530,      0.499
    19.540,      0.422
    19.550,      0.304
    19.560,      0.157
    19.570,     -0.005
    19.580,     -0.167
    19.590,     -0.313
    19.600,     -0.428
    19.610,     -0.502
    19.620,     -0.530
    19.630,     -0.508
    19.640,     -0.438
    19.650,     -0.326
    19.660,     -0.183
    19.670,     -0.022
    19.680,      0.141
    19.690,      0.290
    19.700,      0.411
    19.710,      0.493
    19.720,      0.529
    19.730,      0.515
    19.740,      0.453
    19.750,      0.348
    19.760,      0.209
    19.770,      0.050
    19.780,     -0.114
    19.790,     -0.266
    19.800,     -0.393
    19.810,     -0.482
    19.820,     -0.526
    19.830,     -0.521
    19.840,     -0.466
    19.850,     -0.368
    19.860,     -0.234
    19.870,     -0.078
    19.880,      0.086
    19.890,      0.242
    19.900,      0.374
    19.910,      0.470
    19.920,      0.522
    19.930,      0.525
    19.940,      0.479
    19.950,      0.387
    19.960,      0.259
    19.970,      0.105
    19.980,     -0.059
    19.990,     -0.217
    20.000,     -0.354
    20.010,     -0.457
    20.020,     -0.517
    20.030,     -0.528
    20.040,     -0.490
    20.050,     -0.406
    20.060,     -0.283
    20.070,     -0.132
    20.080,      0.031
    20.090,      0.191
    20.100,      0.333
    20.110,      0.442
    20.120,      0.510
    20.130,      0.530
    20.140,      0.500
    20.150,      0.423
    20.160,      0.306
    20.170,      0.159
    20.180,     -0.003
    20.190,     -0.165
    20.200,     -0.311
    20.210,     -0.427
    20.220,     -0.502
    20.230,     -0.530
    20.240,     -0.508
    20.250,     -0.439
    20.260,     -0.328
    20.270,     -0.185
    20.280,     -0.024
    20.290,      0.139
    20.300,      0.288
    20.310,      0.410
    20.320,      0.492
    20.330,      0.528
    20.340,      0.515
    20.350,      0.454
    20.360,      0.349
    20.370,      0.211
    20.380,      0.052
    20.390,     -0.112
    20.400,     -0.264
    20.410,     -0.392
    20.420,     -0.481
    20.430,     -0.526
    20.440,     -0.521
    20.450,     -0.467
    20.460,     -0.369
    20.470,     -0.236
    20.480,     -0.080
    20.490,      0.084
    20.500,      0.240
    20.510,      0.373
    20.520,      0.469
    20.530,      0.522
    20.540,      0.525
    20.550,      0.480
    20.560,      0.389
    20.570,      0.260
    20.580,      0.107
    20.590,     -0.057
    20.600,     -0.215
    20.610,     -0.352
    20.620,     -0.456
    20.630,     -0.516
    20.640,     -0.528
    20.650,     -0.491
    20.660,     -0.407
    20.670,     -0.284
    20.680,     -0.134
    20.690,      0.029
    20.700,      0.189
    20.710,      0.331
    20.720,      0.441
    20.730,      0.509
    20.740,      0.530
    20.750,      0.500
    20.760,      0.424
    20.770,      0.307
    20.780,      0.161
    20.790,     -0.001
    20.800,     -0.163
    20.810,     -0.309
    20.820,     -0.425
    20.830,     -0.501
    20.840,     -0.530
    20.850,     -0.509
    20.860,     -0.440
    20.870,     -0.329
    20.880,     -0.187
    20.890,     -0.026
    20.900,      0.137
    20.910,      0.286
    20.920,      0.408
    20.930,      0.492
    20.940,      0.528
    20.950,      0.516
    20.960,      0.455
    20.970,      0.350
    20.980,      0.213
    20.990,      0.054
    21.000,     -0.110
    21.010,     -0.263
    21.020,     -0.390
    21.030,     -0.481
    21.040,     -0.526
    21.050,     -0.521
    21.060,     -0.468
    21.070,     -0.371
    21.080,     -0.238
    21.090,     -0.082
    21.100,      0.082
    21.110,      0.238
    21.120,      0.371
    21.130,      0.468
    21.140,      0.521
    21.150,      0.525
    21.160,      0.480
    21.170,      0.390
    21.180,      0.262
    21.190,      0.109
    21.200,     -0.055
    21.210,     -0.213
    21.220,     -0.351
    21.230,     -0.455
    21.240,     -0.516
    21.250,     -0.528
    21.260,     -0.491
    21.270,     -0.408
    21.280,     -0.286
    21.290,     -0.136
    21.300,      0.027
    21.310,      0.188
    21.320,      0.330
    21.330,      0.440
    21.340,      0.509
    21.350,      0.530
    21.360,      0.501
    21.370,      0.425
    21.380,      0.309
    21.390,      0.163
    21.400,      0.001
    21.410,     -0.161
    21.420,     -0.308
    21.430,     -0.424
    21.440,     -0.501
    21.450,     -0.530
    21.460,     -0.509
    21.470,     -0.441
    21.480,     -0.331
    21.490,     -0.189
    21.500,     -0.028
    21.510,      0.135
    21.520,      0.285
    21.530,      0.407
    21.540,      0.491
    21.550,      0.528
    21.560,      0.516
    21.570,      0.456
    21.580,      0.352
    21.590,      0.214
    21.600,      0.056
    21.610,     -0.108
    21.620,     -0.261
    21.630,     -0.389
    21.640,     -0.480
    21.650,     -0.525
    21.660,     -0.522
    21.670,     -0.469
    21.680,     -0.372
    21.690,     -0.239
    21.700,     -0.084
    21.710,      0.080
    21.720,      0.237
    21.730,      0.370
    21.740,      0.468
    21.750,      0.521
    21.760,      0.526
    21.770,      0.481
    21.780,      0.391
    21.790,      0.264
    21.800,      0.111
    21.810,     -0.053
    21.820,     -0.211
    21.830,     -0.350
    21.840,     -0.454
    21.850,     -0.515
    21.860,     -0.528
    21.870,     -0.492
    21.880,     -0.409
    21.890,     -0.288
    21.900,     -0.138
    21.910,      0.025
    21.920,      0.186
    21.930,      0.328
    21.940,      0.439
    21.950,      0.508
    21.960,      0.530
    21.970,      0.502
    21.980,      0.426
    21.990,      0.310
    22.000,      0.165
    22.010,      0.003
    22.020,     -0.160
    22.030,     -0.306
    22.040,     -0.423
    22.050,     -0.500
    22.060,     -0.530
    22.070,     -0.510
    22.080,     -0.442
    22.090,     -0.332
    22.100,     -0.191
    22.110,     -0.030
    22.120,      0.133
    22.130,      0.283
    22.140,      0.406
    22.150,      0.490
    22.160,      0.528
    22.170,      0.517
    22.180,      0.457
    22.190,      0.353
    22.200,      0.216
    22.210,      0.058
    22.220,     -0.106
    22.230,     -0.259
    22.240,     -0.388
    22.250,     -0.479
    22.260,     -0.525
    22.270,     -0.522
    22.280,     -0.470
    22.290,     -0.373
    22.300,     -0.241
    22.310,     -0.086
    22.320,      0.078
    22.330,      0.235
    22.340,      0.368
    22.350,      0.467
    22.360,      0.521
    22.370,      0.526
    22.380,      0.482
    22.390,      0.393
    22.400,      0.266
    22.410,      0.113
    22.420,     -0.051
    22.430,     -0.210
    22.440,     -0.348
    22.450,     -0.453
    22.460,     -0.515
    22.470,     -0.529
    22.480,     -0.493
    22.490,     -0.411
    22.500,     -0.289
    22.510,     -0.140
    22.520,      0.023
    22.530,      0.184
    22.540,      0.327
    22.550,      0.438
    22.560,      0.508
    22.570,      0.530
    22.580,      0.502
    22.590,      0.427
    22.600,      0.312
    22.610,      0.166
    22.620,      0.005
    22.630,     -0.158
    22.640,     -0.305
    22.650,     -0.422
    22.660,     -0.499
    22.670,     -0.530
    22.680,     -0.510
    22.690,     -0.443
    22.700,     -0.334
    22.710,     -0.192
    22.720,     -0.032
    22.730,      0.131
    22.740,      0.281
    22.750,      0.405
    22.760,      0.489
    22.770,      0.528
    22.780,      0.517
    22.790,      0.458
    22.800,      0.355
    22.810,      0.218
    22.820,      0.060
    22.830,     -0.104
    22.840,     -0.258
    22.850,     -0.386
    22.860,     -0.478
    22.870,     -0.525
    22.880,     -0.522
    22.890,     -0.471
    22.900,     -0.375
    22.910,     -0.243
    22.920,     -0.088
    22.930,      0.077
    22.940,      0.233
    22.950,      0.367
    22.960,      0.466
    22.970,      0.520
    22.980,      0.526
    22.990,      0.483
    23.000,      0.394
    23.010,      0.267
    23.020,      0.115
    23.030,     -0.049
    23.040,     -0.208
    23.050,     -0.347
    23.060,     -0.452
    23.070,     -0.514
    23.080,     -0.529
    23.090,     -0.493
    23.100,     -0.412
    23.110,     -0.291
    23.120,     -0.142
    23.130,      0.021
    23.140,      0.182
    23.150,      0.325
    23.160,      0.437
    23.170,      0.507
    23.180,      0.530
    23.190,      0.503
    23.200,      0.429
    23.210,      0.314
    23.220,      0.168
    23.230,      0.007
    23.240,     -0.156
    23.250,     -0.303
    23.260,     -0.421
    23.270,     -0.499
    23.280,     -0.529
    23.290,     -0.511
    23.300,     -0.444
    23.310,     -0.335
    23.320,     -0.194
    23.330,     -0.034
    23.340,      0.129
    23.350,      0.280
    23.360,      0.403
    23.370,      0.489
    23.380,      0.528
    23.390,      0.517
    23.400,      0.459
    23.410,      0.356
    23.420,      0.220
    23.430,      0.062
    23.440,     -0.102
    23.450,     -0.256
    23.460,     -0.385
    23.470,     -0.477
    23.480,     -0.525
    23.490,     -0.523
    23.500,     -0.472
    23.510,     -0.376
    23.520,     -0.245
    23.530,     -0.089
    23.540,      0.075
    23.550,      0.231
    23.560,      0.366
    23.570,      0.465
    23.580,      0.520
    23.590,      0.526
    23.600,      0.484
    23.610,      0.395
    23.620,      0.269
    23.630,      0.117
    23.640,     -0.047
    23.650,     -0.206
    23.660,     -0.345
    23.670,     -0.451
    23.680,     -0.514
    23.690,     -0.529
    23.700,     -0.494
    23.710,     -0.413
    23.720,     -0.292
    23.730,     -0.144
    23.740,      0.019
    23.750,      0.180
    23.760,      0.324
    23.770,      0.436
    23.780,      0.507
    23.790,      0.530
    23.800,      0.503
    23.810,      0.430
    23.820,      0.315
    23.830,      0.170
    23.840,      0.009
    23.850,     -0.154
    23.860,     -0.301
    23.870,     -0.420
    23.880,     -0.498
    23.890,     -0.529
    23.900,     -0.511
    23.910,     -0.445
    23.920,     -0.337
    23.930,     -0.196
    23.940,     -0.036
    23.950,      0.127
    23.960,      0.278
    23.970,      0.402
    23.980,      0.488
    23.990,      0.528
    24.000,      0.518
    24.010,      0.460
    24.020,      0.358
    24.030,      0.222
    24.040,      0.064
    24.050,     -0.100
    24.060,     -0.254
    24.070,     -0.384
    24.080,     -0.476
    24.090,     -0.524
    24.100,     -0.523
    24.110,     -0.473
    24.120,     -0.378
    24.130,     -0.246
    24.140,     -0.091
    24.150,      0.073
    24.160,      0.230
    24.170,      0.364
    24.180,      0.464
    24.190,      0.520
    24.200,      0.527
    24.210,      0.484
    24.220,      0.396
    24.230,      0.271
    24.240,      0.119
    24.250,     -0.045
    24.260,     -0.204
    24.270,     -0.344
    24.280,     -0.450
    24.290,     -0.513
    24.300,     -0.529
    24.310,     -0.495
    24.320,     -0.414
    24.330,     -0.294
    24.340,     -0.146
    24.350,      0.017
    24.360,      0.178
    24.370,      0.322
    24.380,      0.435
    24.390,      0.506
    24.400,      0.530
    24.410,      0.504
    24.420,      0.431
    24.430,      0.317
    24.440,      0.172
    24.450,      0.011
    24.460,     -0.152
    24.470,     -0.300
    24.480,     -0.418
    24.490,     -0.497
    24.500,     -0.529
    24.510,     -0.512
    24.520,     -0.446
    24.530,     -0.338
    24.540,     -0.198
    24.550,     -0.038
    24.560,      0.125
    24.570,      0.276
    24.580,      0.401
    24.590,      0.487
    24.600,      0.527
    24.610,      0.518
    24.620,      0.461
    24.630,      0.359
    24.640,      0.223
    24.650,      0.066
    24.660,     -0.098
    24.670,     -0.252
    24.680,     -0.382
    24.690,     -0.476
    24.700,     -0.524
    24.710,     -0.523
    24.720,     -0.473
    24.730,     -0.379
    24.740,     -0.248
    24.750,     -0.093
    24.760,      0.071
    24.770,      0.228
    24.780,      0.363
    24.790,      0.463
    24.800,      0.519
    24.810,      0.527
    24.820,      0.485
    24.830,      0.398
    24.840,      0.272
    24.850,      0.121
    24.860,     -0.043
    24.870,     -0.202
    24.880,     -0.342
    24.890,     -0.449
    24.900,     -0.513
    24.910,     -0.529
    24.920,     -0.496
    24.930,     -0.415
    24.940,     -0.296
    24.950,     -0.147
    24.960,      0.015
    24.970,      0.177
    24.980,      0.321
    24.990,      0.434
    25.000,      0.505
    25.010,      0.530
    25.020,      0.505
    25.030,      0.432
    25.040,      0.318
    25.050,      0.174
    25.060,      0.012
    25.070,     -0.150
    25.080,     -0.298
    25.090,     -0.417
    25.100,     -0.497
    25.110,     -0.529
    25.120,     -0.512
    25.130,     -0.447
    25.140,     -0.340
    25.150,     -0.200
    25.160,     -0.040
    25.170,      0.123
    25.180,      0.275
    25.190,      0.400
    25.200,      0.486
    25.210,      0.527
    25.220,      0.519
    25.230,      0.461
    25.240,      0.361
    25.250,      0.225
    25.260,      0.068
    25.270,     -0.096
    25.280,     -0.251
    25.290,     -0.381
    25.300,     -0.475
    25.310,     -0.524
    25.320,     -0.524
    25.330,     -0.474
    25.340,     -0.380
    25.350,     -0.250
    25.360,     -0.095
    25.370,      0.069
    25.380,      0.226
    25.390,      0.361
    25.400,      0.462
    25.410,      0.519
    25.420,      0.527
    25.430,      0.486
    25.440,      0.399
    25.450,      0.274
    25.460,      0.122
    25.470,     -0.041
    25.480,     -0.201
    25.490,     -0.341
    25.500,     -0.448
    25.510,     -0.513
    25.520,     -0.529
    25.530,     -0.496
    25.540,     -0.417
    25.550,     -0.297
    25.560,     -0.149
    25.570,      0.013
    25.580,      0.175
    25.590,      0.319
    25.600,      0.432
    25.610,      0.505
    25.620,      0.530
    25.630,      0.505
    25.640,      0.433
    25.650,      0.320
    25.660,      0.176
    25.670,      0.014
    25.680,     -0.148
    25.690,     -0.296
    25.700,     -0.416
    25.710,     -0.496
    25.720,     -0.529
    25.730,     -0.513
    25.740,     -0.448
    25.750,     -0.341
    25.760,     -0.202
    25.770,     -0.042
    25.780,      0.121
    25.790,      0.273
    25.800,      0.398
    25.810,      0.486
    25.820,      0.527
    25.830,      0.519
    25.840,      0.462
    25.850,      0.362
    25.860,      0.227
    25.870,      0.070
    25.880,     -0.094
    25.890,     -0.249
    25.900,     -0.380
    25.910,     -0.474
    25.920,     -0.523
    25.930,     -0.524
    25.940,     -0.475
    25.950,     -0.382
    25.960,     -0.252
    25.970,     -0.097
    25.980,      0.067
    25.990,      0.224
    26.000,      0.360
    26.010,      0.461
    26.020,      0.518
    26.030,      0.527
    26.040,      0.487
    26.050,      0.400
    26.060,      0.276
    26.070,      0.124
    26.080,     -0.039
    26.090,     -0.199
    26.100,     -0.339
    26.110,     -0.447
    26.120,     -0.512
    26.130,     -0.529
    26.140,     -0.497
    26.150,     -0.418
    26.160,     -0.299
    26.170,     -0.151
    26.180,      0.011
    26.190,      0.173
    26.200,      0.317
    26.210,      0.431
    26.220,      0.504
    26.230,      0.530
    26.240,      0.506
    26.250,      0.434
    26.260,      0.321
    26.270,      0.178
    26.280,      0.016
    26.290,     -0.146
    26.300,     -0.295
    26.310,     -0.415
    26.320,     -0.495
    26.330,     -0.529
    26.340,     -0.513
    26.350,     -0.449
    26.360,     -0.343
    26.370,     -0.203
    26.380,     -0.044
    26.390,      0.119
    26.400,      0.271
    26.410,      0.397
    26.420,      0.485
    26.430,      0.527
    26.440,      0.519
    26.450,      0.463
    26.460,      0.364
    26.470,      0.229
    26.480,      0.072
    26.490,     -0.092
    26.500,     -0.247
    26.510,     -0.378
    26.520,     -0.473
    26.530,     -0.523
    26.540,     -0.524
    26.550,     -0.476
    26.560,     -0.383
    26.570,     -0.253
    26.580,     -0.099
    26.590,      0.065
    26.600,      0.222
    26.610,      0.358
    26.620,      0.460
    26.630,      0.518
    26.640,      0.527
    26.650,      0.488
    26.660,      0.402
    26.670,      0.277
    26.680,      0.126
    26.690,     -0.037
    26.700,     -0.197
    26.710,     -0.338
    26.720,     -0.446
    26.730,     -0.512
    26.740,     -0.529
    26.750,     -0.498
    26.760,     -0.419
    26.770,     -0.301
    26.780,     -0.153
    26.790,      0.009
    26.800,      0.171
    26.810,      0.316
    26.820,      0.430
    26.830,      0.504
    26.840,      0.530
    26.850,      0.506
    26.860,      0.435
    26.870,      0.323
    26.880,      0.179
    26.890,      0.018
    26.900,     -0.144
    26.910,     -0.293
    26.920,     -0.414
    26.930,     -0.494
    26.940,     -0.529
    26.950,     -0.514
    26.960,     -0.450
    26.970,     -0.344
    26.980,     -0.205
    26.990,     -0.046
    27.000,      0.118
    27.010,      0.270
    27.020,      0.396
    27.030,      0.484
    27.040,      0.527
    27.050,      0.520
    27.060,      0.464
    27.070,      0.365
    27.080,      0.231
    27.090,      0.074
    27.100,     -0.090
    27.110,     -0.246
    27.120,     -0.377
    27.130,     -0.472
    27.140,     -0.523
    27.150,     -0.524
    27.160,     -0.477
    27.170,     -0.384
    27.180,     -0.255
    27.190,     -0.101
    27.200,      0.063
    27.210,      0.221
    27.220,      0.357
    27.230,      0.459
    27.240,      0.518
    27.250,      0.528
    27.260,      0.488
    27.270,      0.403
    27.280,      0.279
    27.290,      0.128
    27.300,     -0.035
    27.310,     -0.195
    27.320,     -0.336
    27.330,     -0.445
    27.340,     -0.511
    27.350,     -0.529
    27.360,     -0.498
    27.370,     -0.420
    27.380,     -0.302
    27.390,     -0.155
    27.400,      0.007
    27.410,      0.169
    27.420,      0.314
    27.430,      0.429
    27.440,      0.503
    27.450,      0.530
    27.460,      0.507
    27.470,      0.436
    27.480,      0.325
    27.490,      0.181
    27.500,      0.020
    27.510,     -0.143
    27.520,     -0.292
    27.530,     -0.412
    27.540,     -0.494
    27.550,     -0.529
    27.560,     -0.514
    27.570,     -0.451
    27.580,     -0.346
    27.590,     -0.207
    27.600,     -0.048
    27.610,      0.116
    27.620,      0.268
    27.630,      0.394
    27.640,      0.483
    27.650,      0.526
    27.660,      0.520
    27.670,      0.465
    27.680,      0.366
    27.690,      0.232
    27.700,      0.076
    27.710,     -0.088
    27.720,     -0.244
    27.730,     -0.375
    27.740,     -0.471
    27.750,     -0.522
    27.760,     -0.525
    27.770,     -0.478
    27.780,     -0.386
    27.790,     -0.257
    27.800,     -0.103
    27.810,      0.061
    27.820,      0.219
    27.830,      0.355
    27.840,      0.458
    27.850,      0.517
    27.860,      0.528
    27.870,      0.489
    27.880,      0.404
    27.890,      0.281
    27.900,      0.130
    27.910,     -0.033
    27.920,     -0.193
    27.930,     -0.335
    27.940,     -0.444
    27.950,     -0.510
    27.960,     -0.529
    27.970,     -0.499
    27.980,     -0.421
    27.990,     -0.304
    28.000,     -0.157
    28.010,      0.005
    28.020,      0.167
    28.030,      0.313
    28.040,      0.428
    28.050,      0.502
    28.060,      0.530
    28.070,      0.508
    28.080,      0.438
    28.090,      0.326
    28.100,      0.183
    28.110,      0.022
    28.120,     -0.141
    28.130,     -0.290
    28.140,     -0.411
    28.150,     -0.493
    28.160,     -0.529
    28.170,     -0.515
    28.180,     -0.452
    28.190,     -0.347
    28.200,     -0.209
    28.210,     -0.050
    28.220,      0.114
    28.230,      0.266
    28.240,      0.393
    28.250,      0.482
    28.260,      0.526
    28.270,      0.521
    28.280,      0.466
    28.290,      0.368
    28.300,      0.234
    28.310,      0.078
    28.320,     -0.086
    28.330,     -0.242
    28.340,     -0.374
    28.350,     -0.470
    28.360,     -0.522
    28.370,     -0.525
    28.380,     -0.479
    28.390,     -0.387
    28.400,     -0.259
    28.410,     -0.105
    28.420,      0.059
    28.430,      0.217
    28.440,      0.354
    28.450,      0.457
    28.460,      0.517
    28.470,      0.528
    28.480,      0.490
    28.490,      0.405
    28.500,      0.282
    28.510,      0.132
    28.520,     -0.031
    28.530,     -0.191
    28.540,     -0.333
    28.550,     -0.442
    28.560,     -0.510
    28.570,     -0.530
    28.580,     -0.500
    28.590,     -0.423
    28.600,     -0.305
    28.610,     -0.159
    28.620,      0.003
    28.630,      0.165
    28.640,      0.311
    28.650,      0.427
    28.660,      0.502
    28.670,      0.530
    28.680,      0.508
    28.690,      0.439
    28.700,      0.328
    28.710,      0.185
    28.720,      0.024
    28.730,     -0.139
    28.740,     -0.288
    28.750,     -0.410
    28.760,     -0.492
    28.770,     -0.528
    28.780,     -0.515
    28.790,     -0.454
    28.800,     -0.349
    28.810,     -0.211
    28.820,     -0.052
    28.830,      0.112
    28.840,      0.265
    28.850,      0.392
    28.860,      0.482
    28.870,      0.526
    28.880,      0.521
    28.890,      0.467
    28.900,      0.369
    28.910,      0.236
    28.920,      0.080
    28.930,     -0.084
    28.940,     -0.240
    28.950,     -0.373
    28.960,     -0.469
    28.970,     -0.522
    28.980,     -0.525
    28.990,     -0.479
    29.000,     -0.388
    29.010,     -0.260
    29.020,     -0.107
    29.030,      0.057
    29.040,      0.215
    29.050,      0.353
    29.060,      0.456
    29.070,      0.516
    29.080,      0.528
    29.090,      0.491
    29.100,      0.407
    29.110,      0.284
    29.120,      0.134
    29.130,     -0.029
    29.140,     -0.190
    29.150,     -0.331
    29.160,     -0.441
    29.170,     -0.509
    29.180,     -0.530
    29.190,     -0.500
    29.200,     -0.424
    29.210,     -0.307
    29.220,     -0.161
    29.230,      0.001
    29.240,      0.163
    29.250,      0.309
    29.260,      0.426
    29.270,      0.501
    29.280,      0.530
    29.290,      0.509
    29.300,      0.440
    29.310,      0.329
    29.320,      0.187
    29.330,      0.026
    29.340,     -0.137
    29.350,     -0.287
    29.360,     -0.409
    29.370,     -0.492
    29.380,     -0.528
    29.390,     -0.516
    29.400,     -0.455
    29.410,     -0.350
    29.420,     -0.213
    29.430,     -0.054
    29.440,      0.110
    29.450,      0.263
    29.460,      0.390
    29.470,      0.481
    29.480,      0.526
    29.490,      0.521
    29.500,      0.468
    29.510,      0.371
    29.520,      0.238
    29.530,      0.082
    29.540,     -0.083
    29.550,     -0.238
    29.560,     -0.371
    29.570,     -0.469
    29.580,     -0.521
    29.590,     -0.525
    29.600,     -0.480
    29.610,     -0.390
    29.620,     -0.262
    29.630,     -0.109
    29.640,      0.055
    29.650,      0.213
    29.660,      0.351
    29.670,      0.455
    29.680,      0.516
    29.690,      0.528
    29.700,      0.491
    29.710,      0.408
    29.720,      0.286
    29.730,      0.136
    29.740,     -0.027
    29.750,     -0.188
    29.760,     -0.330
    29.770,     -0.440
    29.780,     -0.509
    29.790,     -0.530
    29.800,     -0.501
    29.810,     -0.425
    29.820,     -0.309
    29.830,     -0.162
    29.840,     -0.000
    29.850,      0.162
    29.860,      0.308
    29.870,      0.424
    29.880,      0.501
    29.890,      0.530
    29.900,      0.509
    29.910,      0.441
    29.920,      0.331
    29.930,      0.189
    29.940,      0.028
    29.950,     -0.135
    29.960,     -0.285
    29.970,     -0.407
    29.980,     -0.491
