     0.000,     9.000
     0.010,     8.991
     0.020,     8.974
     0.030,     8.947
     0.040,     8.912
     0.050,     8.868
     0.060,     8.815
     0.070,     8.754
     0.080,     8.684
     0.090,     8.606
     0.100,     8.519
     0.110,     8.423
     0.120,     8.320
     0.130,     8.208
     0.140,     8.089
     0.150,     7.961
     0.160,     7.826
     0.170,     7.682
     0.180,     7.532
     0.190,     7.374
     0.200,     7.208
     0.210,     7.036
     0.220,     6.857
     0.230,     6.671
     0.240,     6.478
     0.250,     6.279
     0.260,     6.074
     0.270,     5.863
     0.280,     5.647
     0.290,     5.424
     0.300,     5.197
     0.310,     4.964
     0.320,     4.726
     0.330,     4.484
     0.340,     4.238
     0.350,     3.987
     0.360,     3.732
     0.370,     3.474
     0.380,     3.212
     0.390,     2.947
     0.400,     2.679
     0.410,     2.409
     0.420,     2.136
     0.430,     1.861
     0.440,     1.585
     0.450,     1.306
     0.460,     1.027
     0.470,     0.746
     0.480,     0.465
     0.490,     0.183
     0.500,    -0.099
     0.510,    -0.381
     0.520,    -0.662
     0.530,    -0.943
     0.540,    -1.223
     0.550,    -1.501
     0.560,    -1.779
     0.570,    -2.054
     0.580,    -2.328
     0.590,    -2.599
     0.600,    -2.867
     0.610,    -3.133
     0.620,    -3.396
     0.630,    -3.655
     0.640,    -3.911
     0.650,    -4.163
     0.660,    -4.411
     0.670,    -4.654
     0.680,    -4.893
     0.690,    -5.128
     0.700,    -5.357
     0.710,    -5.581
     0.720,    -5.799
     0.730,    -6.012
     0.740,    -6.219
     0.750,    -6.419
     0.760,    -6.614
     0.770,    -6.802
     0.780,    -6.983
     0.790,    -7.158
     0.800,    -7.325
     0.810,    -7.485
     0.820,    -7.638
     0.830,    -7.784
     0.840,    -7.921
     0.850,    -8.051
     0.860,    -8.173
     0.870,    -8.287
     0.880,    -8.393
     0.890,    -8.491
     0.900,    -8.580
     0.910,    -8.661
     0.920,    -8.734
     0.930,    -8.798
     0.940,    -8.853
     0.950,    -8.900
     0.960,    -8.937
     0.970,    -8.967
     0.980,    -8.987
     0.990,    -8.998
     1.000,    -9.001
     1.010,    -8.995
     1.020,    -8.980
     1.030,    -8.956
     1.040,    -8.923
     1.050,    -8.882
     1.060,    -8.832
     1.070,    -8.773
     1.080,    -8.706
     1.090,    -8.630
     1.100,    -8.546
     1.110,    -8.453
     1.120,    -8.352
     1.130,    -8.243
     1.140,    -8.125
     1.150,    -8.000
     1.160,    -7.867
     1.170,    -7.726
     1.180,    -7.578
     1.190,    -7.422
     1.200,    -7.259
     1.210,    -7.088
     1.220,    -6.911
     1.230,    -6.727
     1.240,    -6.537
     1.250,    -6.340
     1.260,    -6.136
     1.270,    -5.927
     1.280,    -5.712
     1.290,    -5.491
     1.300,    -5.265
     1.310,    -5.034
     1.320,    -4.798
     1.330,    -4.557
     1.340,    -4.312
     1.350,    -4.062
     1.360,    -3.809
     1.370,    -3.551
     1.380,    -3.291
     1.390,    -3.027
     1.400,    -2.760
     1.410,    -2.490
     1.420,    -2.218
     1.430,    -1.944
     1.440,    -1.667
     1.450,    -1.390
     1.460,    -1.110
     1.470,    -0.830
     1.480,    -0.549
     1.490,    -0.267
     1.500,     0.014
     1.510,     0.296
     1.520,     0.578
     1.530,     0.859
     1.540,     1.139
     1.550,     1.418
     1.560,     1.696
     1.570,     1.972
     1.580,     2.246
     1.590,     2.518
     1.600,     2.787
     1.610,     3.054
     1.620,     3.318
     1.630,     3.578
     1.640,     3.835
     1.650,     4.088
     1.660,     4.337
     1.670,     4.582
     1.680,     4.822
     1.690,     5.058
     1.700,     5.289
     1.710,     5.514
     1.720,     5.734
     1.730,     5.949
     1.740,     6.157
     1.750,     6.360
     1.760,     6.556
     1.770,     6.746
     1.780,     6.930
     1.790,     7.106
     1.800,     7.276
     1.810,     7.438
     1.820,     7.593
     1.830,     7.741
     1.840,     7.881
     1.850,     8.013
     1.860,     8.138
     1.870,     8.254
     1.880,     8.363
     1.890,     8.463
     1.900,     8.555
     1.910,     8.638
     1.920,     8.713
     1.930,     8.780
     1.940,     8.837
     1.950,     8.887
     1.960,     8.927
     1.970,     8.959
     1.980,     8.982
     1.990,     8.996
     2.000,     9.001
     2.010,     8.998
     2.020,     8.985
     2.030,     8.964
     2.040,     8.934
     2.050,     8.895
     2.060,     8.848
     2.070,     8.792
     2.080,     8.727
     2.090,     8.654
     2.100,     8.572
     2.110,     8.481
     2.120,     8.383
     2.130,     8.276
     2.140,     8.161
     2.150,     8.038
     2.160,     7.908
     2.170,     7.769
     2.180,     7.623
     2.190,     7.469
     2.200,     7.308
     2.210,     7.140
     2.220,     6.965
     2.230,     6.783
     2.240,     6.594
     2.250,     6.399
     2.260,     6.198
     2.270,     5.990
     2.280,     5.777
     2.290,     5.558
     2.300,     5.334
     2.310,     5.104
     2.320,     4.869
     2.330,     4.630
     2.340,     4.386
     2.350,     4.137
     2.360,     3.885
     2.370,     3.629
     2.380,     3.369
     2.390,     3.106
     2.400,     2.840
     2.410,     2.571
     2.420,     2.300
     2.430,     2.026
     2.440,     1.750
     2.450,     1.473
     2.460,     1.194
     2.470,     0.914
     2.480,     0.633
     2.490,     0.352
     2.500,     0.070
     2.510,    -0.212
     2.520,    -0.494
     2.530,    -0.775
     2.540,    -1.055
     2.550,    -1.335
     2.560,    -1.613
     2.570,    -1.889
     2.580,    -2.164
     2.590,    -2.437
     2.600,    -2.707
     2.610,    -2.974
     2.620,    -3.239
     2.630,    -3.500
     2.640,    -3.758
     2.650,    -4.013
     2.660,    -4.263
     2.670,    -4.509
     2.680,    -4.751
     2.690,    -4.988
     2.700,    -5.220
     2.710,    -5.447
     2.720,    -5.669
     2.730,    -5.885
     2.740,    -6.096
     2.750,    -6.300
     2.760,    -6.498
     2.770,    -6.690
     2.780,    -6.875
     2.790,    -7.054
     2.800,    -7.226
     2.810,    -7.390
     2.820,    -7.547
     2.830,    -7.697
     2.840,    -7.840
     2.850,    -7.974
     2.860,    -8.101
     2.870,    -8.220
     2.880,    -8.331
     2.890,    -8.434
     2.900,    -8.528
     2.910,    -8.614
     2.920,    -8.692
     2.930,    -8.761
     2.940,    -8.821
     2.950,    -8.873
     2.960,    -8.916
     2.970,    -8.950
     2.980,    -8.976
     2.990,    -8.992
     3.000,    -9.000
     3.010,    -9.000
     3.020,    -8.990
     3.030,    -8.971
     3.040,    -8.944
     3.050,    -8.908
     3.060,    -8.863
     3.070,    -8.809
     3.080,    -8.747
     3.090,    -8.676
     3.100,    -8.597
     3.110,    -8.509
     3.120,    -8.413
     3.130,    -8.309
     3.140,    -8.196
     3.150,    -8.076
     3.160,    -7.947
     3.170,    -7.811
     3.180,    -7.667
     3.190,    -7.516
     3.200,    -7.357
     3.210,    -7.191
     3.220,    -7.018
     3.230,    -6.838
     3.240,    -6.651
     3.250,    -6.458
     3.260,    -6.259
     3.270,    -6.053
     3.280,    -5.841
     3.290,    -5.624
     3.300,    -5.401
     3.310,    -5.173
     3.320,    -4.940
     3.330,    -4.702
     3.340,    -4.459
     3.350,    -4.212
     3.360,    -3.961
     3.370,    -3.706
     3.380,    -3.447
     3.390,    -3.185
     3.400,    -2.920
     3.410,    -2.652
     3.420,    -2.381
     3.430,    -2.108
     3.440,    -1.833
     3.450,    -1.556
     3.460,    -1.278
     3.470,    -0.998
     3.480,    -0.717
     3.490,    -0.436
     3.500,    -0.154
     3.510,     0.128
     3.520,     0.409
     3.530,     0.691
     3.540,     0.972
     3.550,     1.251
     3.560,     1.530
     3.570,     1.807
     3.580,     2.082
     3.590,     2.355
     3.600,     2.626
     3.610,     2.895
     3.620,     3.160
     3.630,     3.422
     3.640,     3.682
     3.650,     3.937
     3.660,     4.189
     3.670,     4.436
     3.680,     4.679
     3.690,     4.918
     3.700,     5.151
     3.710,     5.380
     3.720,     5.603
     3.730,     5.821
     3.740,     6.033
     3.750,     6.240
     3.760,     6.440
     3.770,     6.633
     3.780,     6.821
     3.790,     7.001
     3.800,     7.175
     3.810,     7.342
     3.820,     7.501
     3.830,     7.653
     3.840,     7.798
     3.850,     7.935
     3.860,     8.064
     3.870,     8.185
     3.880,     8.299
     3.890,     8.404
     3.900,     8.501
     3.910,     8.589
     3.920,     8.669
     3.930,     8.741
     3.940,     8.804
     3.950,     8.858
     3.960,     8.904
     3.970,     8.941
     3.980,     8.969
     3.990,     8.988
     4.000,     8.999
     4.010,     9.001
     4.020,     8.994
     4.030,     8.978
     4.040,     8.953
     4.050,     8.919
     4.060,     8.877
     4.070,     8.826
     4.080,     8.767
     4.090,     8.698
     4.100,     8.622
     4.110,     8.536
     4.120,     8.443
     4.130,     8.341
     4.140,     8.231
     4.150,     8.113
     4.160,     7.987
     4.170,     7.853
     4.180,     7.711
     4.190,     7.562
     4.200,     7.405
     4.210,     7.242
     4.220,     7.071
     4.230,     6.893
     4.240,     6.708
     4.250,     6.517
     4.260,     6.319
     4.270,     6.115
     4.280,     5.905
     4.290,     5.690
     4.300,     5.469
     4.310,     5.242
     4.320,     5.010
     4.330,     4.774
     4.340,     4.532
     4.350,     4.286
     4.360,     4.037
     4.370,     3.783
     4.380,     3.525
     4.390,     3.264
     4.400,     3.000
     4.410,     2.732
     4.420,     2.462
     4.430,     2.190
     4.440,     1.916
     4.450,     1.639
     4.460,     1.361
     4.470,     1.082
     4.480,     0.801
     4.490,     0.520
     4.500,     0.239
     4.510,    -0.043
     4.520,    -0.325
     4.530,    -0.607
     4.540,    -0.888
     4.550,    -1.168
     4.560,    -1.447
     4.570,    -1.724
     4.580,    -2.000
     4.590,    -2.274
     4.600,    -2.545
     4.610,    -2.815
     4.620,    -3.081
     4.630,    -3.344
     4.640,    -3.604
     4.650,    -3.861
     4.660,    -4.114
     4.670,    -4.362
     4.680,    -4.607
     4.690,    -4.847
     4.700,    -5.082
     4.710,    -5.312
     4.720,    -5.537
     4.730,    -5.757
     4.740,    -5.970
     4.750,    -6.178
     4.760,    -6.380
     4.770,    -6.576
     4.780,    -6.765
     4.790,    -6.948
     4.800,    -7.124
     4.810,    -7.293
     4.820,    -7.454
     4.830,    -7.609
     4.840,    -7.755
     4.850,    -7.895
     4.860,    -8.026
     4.870,    -8.150
     4.880,    -8.266
     4.890,    -8.373
     4.900,    -8.472
     4.910,    -8.563
     4.920,    -8.646
     4.930,    -8.720
     4.940,    -8.786
     4.950,    -8.843
     4.960,    -8.891
     4.970,    -8.931
     4.980,    -8.961
     4.990,    -8.984
     5.000,    -8.997
     5.010,    -9.001
     5.020,    -8.997
     5.030,    -8.983
     5.040,    -8.961
     5.050,    -8.930
     5.060,    -8.891
     5.070,    -8.842
     5.080,    -8.785
     5.090,    -8.720
     5.100,    -8.646
     5.110,    -8.563
     5.120,    -8.472
     5.130,    -8.372
     5.140,    -8.265
     5.150,    -8.149
     5.160,    -8.025
     5.170,    -7.894
     5.180,    -7.754
     5.190,    -7.607
     5.200,    -7.453
     5.210,    -7.291
     5.220,    -7.122
     5.230,    -6.947
     5.240,    -6.764
     5.250,    -6.575
     5.260,    -6.379
     5.270,    -6.177
     5.280,    -5.969
     5.290,    -5.755
     5.300,    -5.535
     5.310,    -5.310
     5.320,    -5.080
     5.330,    -4.845
     5.340,    -4.605
     5.350,    -4.360
     5.360,    -4.112
     5.370,    -3.859
     5.380,    -3.602
     5.390,    -3.342
     5.400,    -3.079
     5.410,    -2.813
     5.420,    -2.543
     5.430,    -2.272
     5.440,    -1.998
     5.450,    -1.722
     5.460,    -1.445
     5.470,    -1.166
     5.480,    -0.885
     5.490,    -0.605
     5.500,    -0.323
     5.510,    -0.041
     5.520,     0.241
     5.530,     0.522
     5.540,     0.804
     5.550,     1.084
     5.560,     1.363
     5.570,     1.641
     5.580,     1.918
     5.590,     2.192
     5.600,     2.464
     5.610,     2.734
     5.620,     3.002
     5.630,     3.266
     5.640,     3.527
     5.650,     3.785
     5.660,     4.038
     5.670,     4.288
     5.680,     4.534
     5.690,     4.775
     5.700,     5.012
     5.710,     5.244
     5.720,     5.470
     5.730,     5.691
     5.740,     5.907
     5.750,     6.117
     5.760,     6.321
     5.770,     6.518
     5.780,     6.709
     5.790,     6.894
     5.800,     7.072
     5.810,     7.243
     5.820,     7.407
     5.830,     7.563
     5.840,     7.712
     5.850,     7.854
     5.860,     7.988
     5.870,     8.114
     5.880,     8.232
     5.890,     8.342
     5.900,     8.444
     5.910,     8.537
     5.920,     8.622
     5.930,     8.699
     5.940,     8.767
     5.950,     8.827
     5.960,     8.878
     5.970,     8.920
     5.980,     8.953
     5.990,     8.978
     6.000,     8.994
     6.010,     9.001
     6.020,     8.999
     6.030,     8.988
     6.040,     8.969
     6.050,     8.941
     6.060,     8.904
     6.070,     8.858
     6.080,     8.803
     6.090,     8.740
     6.100,     8.669
     6.110,     8.588
     6.120,     8.500
     6.130,     8.403
     6.140,     8.298
     6.150,     8.184
     6.160,     8.063
     6.170,     7.934
     6.180,     7.797
     6.190,     7.652
     6.200,     7.500
     6.210,     7.340
     6.220,     7.174
     6.230,     7.000
     6.240,     6.819
     6.250,     6.632
     6.260,     6.438
     6.270,     6.238
     6.280,     6.032
     6.290,     5.819
     6.300,     5.602
     6.310,     5.378
     6.320,     5.150
     6.330,     4.916
     6.340,     4.677
     6.350,     4.434
     6.360,     4.187
     6.370,     3.935
     6.380,     3.680
     6.390,     3.420
     6.400,     3.158
     6.410,     2.893
     6.420,     2.624
     6.430,     2.353
     6.440,     2.080
     6.450,     1.805
     6.460,     1.528
     6.470,     1.249
     6.480,     0.969
     6.490,     0.689
     6.500,     0.407
     6.510,     0.125
     6.520,    -0.156
     6.530,    -0.438
     6.540,    -0.720
     6.550,    -1.000
     6.560,    -1.280
     6.570,    -1.558
     6.580,    -1.835
     6.590,    -2.110
     6.600,    -2.383
     6.610,    -2.654
     6.620,    -2.922
     6.630,    -3.187
     6.640,    -3.449
     6.650,    -3.708
     6.660,    -3.963
     6.670,    -4.214
     6.680,    -4.461
     6.690,    -4.704
     6.700,    -4.942
     6.710,    -5.175
     6.720,    -5.403
     6.730,    -5.626
     6.740,    -5.843
     6.750,    -6.055
     6.760,    -6.260
     6.770,    -6.460
     6.780,    -6.653
     6.790,    -6.839
     6.800,    -7.019
     6.810,    -7.192
     6.820,    -7.358
     6.830,    -7.517
     6.840,    -7.668
     6.850,    -7.812
     6.860,    -7.948
     6.870,    -8.077
     6.880,    -8.197
     6.890,    -8.310
     6.900,    -8.414
     6.910,    -8.510
     6.920,    -8.598
     6.930,    -8.677
     6.940,    -8.748
     6.950,    -8.810
     6.960,    -8.863
     6.970,    -8.908
     6.980,    -8.944
     6.990,    -8.971
     7.000,    -8.990
     7.010,    -9.000
     7.020,    -9.000
     7.030,    -8.992
     7.040,    -8.976
     7.050,    -8.950
     7.060,    -8.916
     7.070,    -8.872
     7.080,    -8.821
     7.090,    -8.760
     7.100,    -8.691
     7.110,    -8.613
     7.120,    -8.527
     7.130,    -8.433
     7.140,    -8.330
     7.150,    -8.219
     7.160,    -8.100
     7.170,    -7.973
     7.180,    -7.839
     7.190,    -7.696
     7.200,    -7.546
     7.210,    -7.389
     7.220,    -7.224
     7.230,    -7.053
     7.240,    -6.874
     7.250,    -6.689
     7.260,    -6.497
     7.270,    -6.299
     7.280,    -6.094
     7.290,    -5.884
     7.300,    -5.667
     7.310,    -5.446
     7.320,    -5.218
     7.330,    -4.986
     7.340,    -4.749
     7.350,    -4.507
     7.360,    -4.261
     7.370,    -4.011
     7.380,    -3.756
     7.390,    -3.498
     7.400,    -3.237
     7.410,    -2.972
     7.420,    -2.705
     7.430,    -2.435
     7.440,    -2.162
     7.450,    -1.887
     7.460,    -1.611
     7.470,    -1.333
     7.480,    -1.053
     7.490,    -0.773
     7.500,    -0.492
     7.510,    -0.210
     7.520,     0.072
     7.530,     0.354
     7.540,     0.635
     7.550,     0.916
     7.560,     1.196
     7.570,     1.475
     7.580,     1.752
     7.590,     2.028
     7.600,     2.302
     7.610,     2.573
     7.620,     2.842
     7.630,     3.108
     7.640,     3.371
     7.650,     3.631
     7.660,     3.887
     7.670,     4.139
     7.680,     4.388
     7.690,     4.632
     7.700,     4.871
     7.710,     5.106
     7.720,     5.335
     7.730,     5.560
     7.740,     5.779
     7.750,     5.992
     7.760,     6.199
     7.770,     6.401
     7.780,     6.596
     7.790,     6.784
     7.800,     6.966
     7.810,     7.141
     7.820,     7.309
     7.830,     7.470
     7.840,     7.624
     7.850,     7.770
     7.860,     7.909
     7.870,     8.039
     7.880,     8.162
     7.890,     8.277
     7.900,     8.384
     7.910,     8.482
     7.920,     8.572
     7.930,     8.654
     7.940,     8.727
     7.950,     8.792
     7.960,     8.848
     7.970,     8.896
     7.980,     8.934
     7.990,     8.964
     8.000,     8.985
     8.010,     8.998
     8.020,     9.001
     8.030,     8.996
     8.040,     8.982
     8.050,     8.959
     8.060,     8.927
     8.070,     8.886
     8.080,     8.837
     8.090,     8.779
     8.100,     8.713
     8.110,     8.637
     8.120,     8.554
     8.130,     8.462
     8.140,     8.362
     8.150,     8.253
     8.160,     8.137
     8.170,     8.012
     8.180,     7.880
     8.190,     7.740
     8.200,     7.592
     8.210,     7.437
     8.220,     7.274
     8.230,     7.105
     8.240,     6.928
     8.250,     6.745
     8.260,     6.555
     8.270,     6.358
     8.280,     6.156
     8.290,     5.947
     8.300,     5.733
     8.310,     5.513
     8.320,     5.287
     8.330,     5.056
     8.340,     4.821
     8.350,     4.580
     8.360,     4.335
     8.370,     4.086
     8.380,     3.833
     8.390,     3.576
     8.400,     3.316
     8.410,     3.052
     8.420,     2.785
     8.430,     2.516
     8.440,     2.244
     8.450,     1.970
     8.460,     1.694
     8.470,     1.416
     8.480,     1.137
     8.490,     0.857
     8.500,     0.576
     8.510,     0.294
     8.520,     0.012
     8.530,    -0.270
     8.540,    -0.551
     8.550,    -0.832
     8.560,    -1.113
     8.570,    -1.392
     8.580,    -1.670
     8.590,    -1.946
     8.600,    -2.220
     8.610,    -2.492
     8.620,    -2.762
     8.630,    -3.029
     8.640,    -3.293
     8.650,    -3.553
     8.660,    -3.811
     8.670,    -4.064
     8.680,    -4.314
     8.690,    -4.559
     8.700,    -4.800
     8.710,    -5.036
     8.720,    -5.267
     8.730,    -5.493
     8.740,    -5.714
     8.750,    -5.929
     8.760,    -6.138
     8.770,    -6.341
     8.780,    -6.538
     8.790,    -6.729
     8.800,    -6.913
     8.810,    -7.090
     8.820,    -7.260
     8.830,    -7.423
     8.840,    -7.579
     8.850,    -7.727
     8.860,    -7.868
     8.870,    -8.001
     8.880,    -8.126
     8.890,    -8.243
     8.900,    -8.353
     8.910,    -8.454
     8.920,    -8.546
     8.930,    -8.631
     8.940,    -8.706
     8.950,    -8.774
     8.960,    -8.832
     8.970,    -8.882
     8.980,    -8.924
     8.990,    -8.956
     9.000,    -8.980
     9.010,    -8.995
     9.020,    -9.001
     9.030,    -8.998
     9.040,    -8.987
     9.050,    -8.966
     9.060,    -8.937
     9.070,    -8.899
     9.080,    -8.853
     9.090,    -8.797
     9.100,    -8.733
     9.110,    -8.661
     9.120,    -8.580
     9.130,    -8.490
     9.140,    -8.393
     9.150,    -8.287
     9.160,    -8.172
     9.170,    -8.050
     9.180,    -7.920
     9.190,    -7.782
     9.200,    -7.637
     9.210,    -7.484
     9.220,    -7.324
     9.230,    -7.156
     9.240,    -6.982
     9.250,    -6.800
     9.260,    -6.612
     9.270,    -6.418
     9.280,    -6.217
     9.290,    -6.010
     9.300,    -5.797
     9.310,    -5.579
     9.320,    -5.355
     9.330,    -5.126
     9.340,    -4.892
     9.350,    -4.653
     9.360,    -4.409
     9.370,    -4.161
     9.380,    -3.909
     9.390,    -3.653
     9.400,    -3.394
     9.410,    -3.131
     9.420,    -2.865
     9.430,    -2.597
     9.440,    -2.325
     9.450,    -2.052
     9.460,    -1.776
     9.470,    -1.499
     9.480,    -1.221
     9.490,    -0.941
     9.500,    -0.660
     9.510,    -0.378
     9.520,    -0.097
     9.530,     0.185
     9.540,     0.467
     9.550,     0.748
     9.560,     1.029
     9.570,     1.308
     9.580,     1.587
     9.590,     1.863
     9.600,     2.138
     9.610,     2.411
     9.620,     2.681
     9.630,     2.949
     9.640,     3.214
     9.650,     3.476
     9.660,     3.734
     9.670,     3.989
     9.680,     4.239
     9.690,     4.486
     9.700,     4.728
     9.710,     4.966
     9.720,     5.198
     9.730,     5.426
     9.740,     5.648
     9.750,     5.865
     9.760,     6.076
     9.770,     6.281
     9.780,     6.480
     9.790,     6.672
     9.800,     6.858
     9.810,     7.037
     9.820,     7.210
     9.830,     7.375
     9.840,     7.533
     9.850,     7.684
     9.860,     7.827
     9.870,     7.962
     9.880,     8.090
     9.890,     8.209
     9.900,     8.321
     9.910,     8.424
     9.920,     8.519
     9.930,     8.606
     9.940,     8.685
     9.950,     8.754
     9.960,     8.816
     9.970,     8.868
     9.980,     8.912
     9.990,     8.947
    10.000,     8.974
    10.010,     8.991
    10.020,     9.000
    10.030,     9.000
    10.040,     8.991
    10.050,     8.973
    10.060,     8.947
    10.070,     8.912
    10.080,     8.867
    10.090,     8.815
    10.100,     8.753
    10.110,     8.683
    10.120,     8.605
    10.130,     8.518
    10.140,     8.423
    10.150,     8.319
    10.160,     8.207
    10.170,     8.088
    10.180,     7.960
    10.190,     7.824
    10.200,     7.681
    10.210,     7.531
    10.220,     7.372
    10.230,     7.207
    10.240,     7.035
    10.250,     6.855
    10.260,     6.669
    10.270,     6.477
    10.280,     6.278
    10.290,     6.073
    10.300,     5.862
    10.310,     5.645
    10.320,     5.423
    10.330,     5.195
    10.340,     4.962
    10.350,     4.725
    10.360,     4.482
    10.370,     4.236
    10.380,     3.985
    10.390,     3.730
    10.400,     3.472
    10.410,     3.210
    10.420,     2.945
    10.430,     2.677
    10.440,     2.407
    10.450,     2.134
    10.460,     1.859
    10.470,     1.582
    10.480,     1.304
    10.490,     1.025
    10.500,     0.744
    10.510,     0.463
    10.520,     0.181
    10.530,    -0.101
    10.540,    -0.383
    10.550,    -0.664
    10.560,    -0.945
    10.570,    -1.225
    10.580,    -1.504
    10.590,    -1.781
    10.600,    -2.056
    10.610,    -2.330
    10.620,    -2.601
    10.630,    -2.869
    10.640,    -3.135
    10.650,    -3.398
    10.660,    -3.657
    10.670,    -3.913
    10.680,    -4.165
    10.690,    -4.413
    10.700,    -4.656
    10.710,    -4.895
    10.720,    -5.129
    10.730,    -5.358
    10.740,    -5.582
    10.750,    -5.801
    10.760,    -6.013
    10.770,    -6.220
    10.780,    -6.421
    10.790,    -6.615
    10.800,    -6.803
    10.810,    -6.984
    10.820,    -7.159
    10.830,    -7.326
    10.840,    -7.486
    10.850,    -7.639
    10.860,    -7.785
    10.870,    -7.922
    10.880,    -8.052
    10.890,    -8.174
    10.900,    -8.288
    10.910,    -8.394
    10.920,    -8.492
    10.930,    -8.581
    10.940,    -8.662
    10.950,    -8.734
    10.960,    -8.798
    10.970,    -8.853
    10.980,    -8.900
    10.990,    -8.938
    11.000,    -8.967
    11.010,    -8.987
    11.020,    -8.998
    11.030,    -9.001
    11.040,    -8.995
    11.050,    -8.980
    11.060,    -8.956
    11.070,    -8.923
    11.080,    -8.882
    11.090,    -8.831
    11.100,    -8.773
    11.110,    -8.705
    11.120,    -8.629
    11.130,    -8.545
    11.140,    -8.452
    11.150,    -8.351
    11.160,    -8.242
    11.170,    -8.124
    11.180,    -7.999
    11.190,    -7.866
    11.200,    -7.725
    11.210,    -7.576
    11.220,    -7.421
    11.230,    -7.257
    11.240,    -7.087
    11.250,    -6.910
    11.260,    -6.726
    11.270,    -6.535
    11.280,    -6.338
    11.290,    -6.135
    11.300,    -5.926
    11.310,    -5.710
    11.320,    -5.490
    11.330,    -5.264
    11.340,    -5.032
    11.350,    -4.796
    11.360,    -4.555
    11.370,    -4.310
    11.380,    -4.060
    11.390,    -3.807
    11.400,    -3.549
    11.410,    -3.289
    11.420,    -3.025
    11.430,    -2.758
    11.440,    -2.488
    11.450,    -2.216
    11.460,    -1.942
    11.470,    -1.665
    11.480,    -1.388
    11.490,    -1.108
    11.500,    -0.828
    11.510,    -0.547
    11.520,    -0.265
    11.530,     0.017
    11.540,     0.298
    11.550,     0.580
    11.560,     0.861
    11.570,     1.141
    11.580,     1.420
    11.590,     1.698
    11.600,     1.974
    11.610,     2.248
    11.620,     2.520
    11.630,     2.789
    11.640,     3.056
    11.650,     3.320
    11.660,     3.580
    11.670,     3.837
    11.680,     4.090
    11.690,     4.339
    11.700,     4.584
    11.710,     4.824
    11.720,     5.060
    11.730,     5.290
    11.740,     5.516
    11.750,     5.736
    11.760,     5.950
    11.770,     6.159
    11.780,     6.362
    11.790,     6.558
    11.800,     6.748
    11.810,     6.931
    11.820,     7.107
    11.830,     7.277
    11.840,     7.439
    11.850,     7.594
    11.860,     7.742
    11.870,     7.882
    11.880,     8.014
    11.890,     8.139
    11.900,     8.255
    11.910,     8.363
    11.920,     8.463
    11.930,     8.555
    11.940,     8.639
    11.950,     8.714
    11.960,     8.780
    11.970,     8.838
    11.980,     8.887
    11.990,     8.927
    12.000,     8.959
    12.010,     8.982
    12.020,     8.996
    12.030,     9.001
    12.040,     8.997
    12.050,     8.985
    12.060,     8.964
    12.070,     8.934
    12.080,     8.895
    12.090,     8.847
    12.100,     8.791
    12.110,     8.726
    12.120,     8.653
    12.130,     8.571
    12.140,     8.481
    12.150,     8.382
    12.160,     8.275
    12.170,     8.160
    12.180,     8.037
    12.190,     7.906
    12.200,     7.768
    12.210,     7.622
    12.220,     7.468
    12.230,     7.307
    12.240,     7.139
    12.250,     6.964
    12.260,     6.782
    12.270,     6.593
    12.280,     6.398
    12.290,     6.196
    12.300,     5.989
    12.310,     5.775
    12.320,     5.556
    12.330,     5.332
    12.340,     5.102
    12.350,     4.867
    12.360,     4.628
    12.370,     4.384
    12.380,     4.135
    12.390,     3.883
    12.400,     3.627
    12.410,     3.367
    12.420,     3.104
    12.430,     2.838
    12.440,     2.569
    12.450,     2.298
    12.460,     2.024
    12.470,     1.748
    12.480,     1.471
    12.490,     1.192
    12.500,     0.912
    12.510,     0.631
    12.520,     0.350
    12.530,     0.068
    12.540,    -0.214
    12.550,    -0.496
    12.560,    -0.777
    12.570,    -1.058
    12.580,    -1.337
    12.590,    -1.615
    12.600,    -1.892
    12.610,    -2.166
    12.620,    -2.439
    12.630,    -2.709
    12.640,    -2.976
    12.650,    -3.241
    12.660,    -3.502
    12.670,    -3.760
    12.680,    -4.015
    12.690,    -4.265
    12.700,    -4.511
    12.710,    -4.753
    12.720,    -4.990
    12.730,    -5.222
    12.740,    -5.449
    12.750,    -5.671
    12.760,    -5.887
    12.770,    -6.097
    12.780,    -6.302
    12.790,    -6.500
    12.800,    -6.692
    12.810,    -6.877
    12.820,    -7.055
    12.830,    -7.227
    12.840,    -7.391
    12.850,    -7.549
    12.860,    -7.699
    12.870,    -7.841
    12.880,    -7.975
    12.890,    -8.102
    12.900,    -8.221
    12.910,    -8.332
    12.920,    -8.434
    12.930,    -8.529
    12.940,    -8.615
    12.950,    -8.692
    12.960,    -8.761
    12.970,    -8.821
    12.980,    -8.873
    12.990,    -8.916
    13.000,    -8.950
    13.010,    -8.976
    13.020,    -8.993
    13.030,    -9.000
    13.040,    -8.999
    13.050,    -8.990
    13.060,    -8.971
    13.070,    -8.944
    13.080,    -8.907
    13.090,    -8.863
    13.100,    -8.809
    13.110,    -8.747
    13.120,    -8.676
    13.130,    -8.596
    13.140,    -8.509
    13.150,    -8.412
    13.160,    -8.308
    13.170,    -8.196
    13.180,    -8.075
    13.190,    -7.946
    13.200,    -7.810
    13.210,    -7.666
    13.220,    -7.515
    13.230,    -7.356
    13.240,    -7.190
    13.250,    -7.017
    13.260,    -6.837
    13.270,    -6.650
    13.280,    -6.457
    13.290,    -6.257
    13.300,    -6.051
    13.310,    -5.840
    13.320,    -5.622
    13.330,    -5.400
    13.340,    -5.171
    13.350,    -4.938
    13.360,    -4.700
    13.370,    -4.457
    13.380,    -4.210
    13.390,    -3.959
    13.400,    -3.704
    13.410,    -3.445
    13.420,    -3.183
    13.430,    -2.918
    13.440,    -2.650
    13.450,    -2.379
    13.460,    -2.106
    13.470,    -1.831
    13.480,    -1.554
    13.490,    -1.276
    13.500,    -0.996
    13.510,    -0.715
    13.520,    -0.434
    13.530,    -0.152
    13.540,     0.130
    13.550,     0.412
    13.560,     0.693
    13.570,     0.974
    13.580,     1.253
    13.590,     1.532
    13.600,     1.809
    13.610,     2.084
    13.620,     2.357
    13.630,     2.628
    13.640,     2.897
    13.650,     3.162
    13.660,     3.424
    13.670,     3.683
    13.680,     3.939
    13.690,     4.190
    13.700,     4.438
    13.710,     4.681
    13.720,     4.919
    13.730,     5.153
    13.740,     5.382
    13.750,     5.605
    13.760,     5.823
    13.770,     6.035
    13.780,     6.241
    13.790,     6.441
    13.800,     6.635
    13.810,     6.822
    13.820,     7.003
    13.830,     7.176
    13.840,     7.343
    13.850,     7.502
    13.860,     7.654
    13.870,     7.799
    13.880,     7.936
    13.890,     8.065
    13.900,     8.186
    13.910,     8.299
    13.920,     8.404
    13.930,     8.501
    13.940,     8.590
    13.950,     8.670
    13.960,     8.741
    13.970,     8.804
    13.980,     8.859
    13.990,     8.904
    14.000,     8.941
    14.010,     8.969
    14.020,     8.989
    14.030,     8.999
    14.040,     9.001
    14.050,     8.994
    14.060,     8.978
    14.070,     8.953
    14.080,     8.919
    14.090,     8.877
    14.100,     8.826
    14.110,     8.766
    14.120,     8.698
    14.130,     8.621
    14.140,     8.536
    14.150,     8.442
    14.160,     8.340
    14.170,     8.230
    14.180,     8.112
    14.190,     7.986
    14.200,     7.852
    14.210,     7.710
    14.220,     7.561
    14.230,     7.404
    14.240,     7.240
    14.250,     7.069
    14.260,     6.891
    14.270,     6.707
    14.280,     6.515
    14.290,     6.318
    14.300,     6.114
    14.310,     5.904
    14.320,     5.688
    14.330,     5.467
    14.340,     5.240
    14.350,     5.008
    14.360,     4.772
    14.370,     4.530
    14.380,     4.285
    14.390,     4.035
    14.400,     3.781
    14.410,     3.523
    14.420,     3.262
    14.430,     2.997
    14.440,     2.730
    14.450,     2.460
    14.460,     2.188
    14.470,     1.913
    14.480,     1.637
    14.490,     1.359
    14.500,     1.080
    14.510,     0.799
    14.520,     0.518
    14.530,     0.236
    14.540,    -0.045
    14.550,    -0.327
    14.560,    -0.609
    14.570,    -0.890
    14.580,    -1.170
    14.590,    -1.449
    14.600,    -1.726
    14.610,    -2.002
    14.620,    -2.276
    14.630,    -2.548
    14.640,    -2.817
    14.650,    -3.083
    14.660,    -3.346
    14.670,    -3.606
    14.680,    -3.863
    14.690,    -4.116
    14.700,    -4.364
    14.710,    -4.609
    14.720,    -4.849
    14.730,    -5.084
    14.740,    -5.314
    14.750,    -5.539
    14.760,    -5.758
    14.770,    -5.972
    14.780,    -6.180
    14.790,    -6.382
    14.800,    -6.578
    14.810,    -6.767
    14.820,    -6.949
    14.830,    -7.125
    14.840,    -7.294
    14.850,    -7.455
    14.860,    -7.610
    14.870,    -7.757
    14.880,    -7.896
    14.890,    -8.027
    14.900,    -8.151
    14.910,    -8.266
    14.920,    -8.374
    14.930,    -8.473
    14.940,    -8.564
    14.950,    -8.647
    14.960,    -8.721
    14.970,    -8.786
    14.980,    -8.843
    14.990,    -8.891
    15.000,    -8.931
    15.010,    -8.962
    15.020,    -8.984
    15.030,    -8.997
    15.040,    -9.001
    15.050,    -8.997
    15.060,    -8.983
    15.070,    -8.961
    15.080,    -8.930
    15.090,    -8.890
    15.100,    -8.842
    15.110,    -8.785
    15.120,    -8.719
    15.130,    -8.645
    15.140,    -8.562
    15.150,    -8.471
    15.160,    -8.372
    15.170,    -8.264
    15.180,    -8.148
    15.190,    -8.024
    15.200,    -7.893
    15.210,    -7.753
    15.220,    -7.606
    15.230,    -7.452
    15.240,    -7.290
    15.250,    -7.121
    15.260,    -6.945
    15.270,    -6.763
    15.280,    -6.573
    15.290,    -6.377
    15.300,    -6.175
    15.310,    -5.967
    15.320,    -5.753
    15.330,    -5.534
    15.340,    -5.309
    15.350,    -5.078
    15.360,    -4.843
    15.370,    -4.603
    15.380,    -4.359
    15.390,    -4.110
    15.400,    -3.857
    15.410,    -3.600
    15.420,    -3.340
    15.430,    -3.077
    15.440,    -2.810
    15.450,    -2.541
    15.460,    -2.270
    15.470,    -1.996
    15.480,    -1.720
    15.490,    -1.442
    15.500,    -1.163
    15.510,    -0.883
    15.520,    -0.602
    15.530,    -0.321
    15.540,    -0.039
    15.550,     0.243
    15.560,     0.525
    15.570,     0.806
    15.580,     1.086
    15.590,     1.365
    15.600,     1.643
    15.610,     1.920
    15.620,     2.194
    15.630,     2.467
    15.640,     2.736
    15.650,     3.004
    15.660,     3.268
    15.670,     3.529
    15.680,     3.786
    15.690,     4.040
    15.700,     4.290
    15.710,     4.536
    15.720,     4.777
    15.730,     5.014
    15.740,     5.245
    15.750,     5.472
    15.760,     5.693
    15.770,     5.909
    15.780,     6.118
    15.790,     6.322
    15.800,     6.520
    15.810,     6.711
    15.820,     6.895
    15.830,     7.073
    15.840,     7.244
    15.850,     7.408
    15.860,     7.564
    15.870,     7.713
    15.880,     7.855
    15.890,     7.989
    15.900,     8.115
    15.910,     8.233
    15.920,     8.343
    15.930,     8.444
    15.940,     8.538
    15.950,     8.623
    15.960,     8.700
    15.970,     8.768
    15.980,     8.827
    15.990,     8.878
    16.000,     8.920
    16.010,     8.953
    16.020,     8.978
    16.030,     8.994
    16.040,     9.001
    16.050,     8.999
    16.060,     8.988
    16.070,     8.969
    16.080,     8.940
    16.090,     8.903
    16.100,     8.857
    16.110,     8.803
    16.120,     8.740
    16.130,     8.668
    16.140,     8.588
    16.150,     8.499
    16.160,     8.402
    16.170,     8.297
    16.180,     8.184
    16.190,     8.062
    16.200,     7.933
    16.210,     7.796
    16.220,     7.651
    16.230,     7.499
    16.240,     7.339
    16.250,     7.172
    16.260,     6.999
    16.270,     6.818
    16.280,     6.631
    16.290,     6.437
    16.300,     6.236
    16.310,     6.030
    16.320,     5.818
    16.330,     5.600
    16.340,     5.376
    16.350,     5.148
    16.360,     4.914
    16.370,     4.675
    16.380,     4.432
    16.390,     4.185
    16.400,     3.933
    16.410,     3.678
    16.420,     3.419
    16.430,     3.156
    16.440,     2.891
    16.450,     2.622
    16.460,     2.351
    16.470,     2.078
    16.480,     1.803
    16.490,     1.526
    16.500,     1.247
    16.510,     0.967
    16.520,     0.687
    16.530,     0.405
    16.540,     0.123
    16.550,    -0.159
    16.560,    -0.440
    16.570,    -0.722
    16.580,    -1.002
    16.590,    -1.282
    16.600,    -1.560
    16.610,    -1.837
    16.620,    -2.112
    16.630,    -2.385
    16.640,    -2.656
    16.650,    -2.924
    16.660,    -3.189
    16.670,    -3.451
    16.680,    -3.710
    16.690,    -3.965
    16.700,    -4.216
    16.710,    -4.463
    16.720,    -4.706
    16.730,    -4.944
    16.740,    -5.177
    16.750,    -5.405
    16.760,    -5.627
    16.770,    -5.845
    16.780,    -6.056
    16.790,    -6.262
    16.800,    -6.461
    16.810,    -6.654
    16.820,    -6.841
    16.830,    -7.021
    16.840,    -7.194
    16.850,    -7.360
    16.860,    -7.518
    16.870,    -7.670
    16.880,    -7.813
    16.890,    -7.950
    16.900,    -8.078
    16.910,    -8.198
    16.920,    -8.311
    16.930,    -8.415
    16.940,    -8.511
    16.950,    -8.598
    16.960,    -8.677
    16.970,    -8.748
    16.980,    -8.810
    16.990,    -8.864
    17.000,    -8.908
    17.010,    -8.944
    17.020,    -8.972
    17.030,    -8.990
    17.040,    -9.000
    17.050,    -9.000
    17.060,    -8.992
    17.070,    -8.975
    17.080,    -8.950
    17.090,    -8.915
    17.100,    -8.872
    17.110,    -8.820
    17.120,    -8.760
    17.130,    -8.690
    17.140,    -8.613
    17.150,    -8.527
    17.160,    -8.432
    17.170,    -8.329
    17.180,    -8.218
    17.190,    -8.099
    17.200,    -7.972
    17.210,    -7.838
    17.220,    -7.695
    17.230,    -7.545
    17.240,    -7.388
    17.250,    -7.223
    17.260,    -7.051
    17.270,    -6.873
    17.280,    -6.687
    17.290,    -6.495
    17.300,    -6.297
    17.310,    -6.092
    17.320,    -5.882
    17.330,    -5.666
    17.340,    -5.444
    17.350,    -5.217
    17.360,    -4.984
    17.370,    -4.747
    17.380,    -4.505
    17.390,    -4.259
    17.400,    -4.009
    17.410,    -3.754
    17.420,    -3.496
    17.430,    -3.235
    17.440,    -2.970
    17.450,    -2.703
    17.460,    -2.433
    17.470,    -2.160
    17.480,    -1.885
    17.490,    -1.609
    17.500,    -1.331
    17.510,    -1.051
    17.520,    -0.771
    17.530,    -0.489
    17.540,    -0.208
    17.550,     0.074
    17.560,     0.356
    17.570,     0.638
    17.580,     0.918
    17.590,     1.198
    17.600,     1.477
    17.610,     1.755
    17.620,     2.030
    17.630,     2.304
    17.640,     2.575
    17.650,     2.844
    17.660,     3.110
    17.670,     3.373
    17.680,     3.633
    17.690,     3.889
    17.700,     4.141
    17.710,     4.389
    17.720,     4.633
    17.730,     4.873
    17.740,     5.107
    17.750,     5.337
    17.760,     5.561
    17.770,     5.780
    17.780,     5.994
    17.790,     6.201
    17.800,     6.402
    17.810,     6.597
    17.820,     6.786
    17.830,     6.968
    17.840,     7.143
    17.850,     7.311
    17.860,     7.472
    17.870,     7.625
    17.880,     7.771
    17.890,     7.910
    17.900,     8.040
    17.910,     8.163
    17.920,     8.278
    17.930,     8.384
    17.940,     8.483
    17.950,     8.573
    17.960,     8.655
    17.970,     8.728
    17.980,     8.793
    17.990,     8.849
    18.000,     8.896
    18.010,     8.935
    18.020,     8.964
    18.030,     8.985
    18.040,     8.998
    18.050,     9.001
    18.060,     8.996
    18.070,     8.981
    18.080,     8.958
    18.090,     8.926
    18.100,     8.886
    18.110,     8.837
    18.120,     8.779
    18.130,     8.712
    18.140,     8.637
    18.150,     8.553
    18.160,     8.461
    18.170,     8.361
    18.180,     8.252
    18.190,     8.136
    18.200,     8.011
    18.210,     7.879
    18.220,     7.739
    18.230,     7.591
    18.240,     7.436
    18.250,     7.273
    18.260,     7.103
    18.270,     6.927
    18.280,     6.743
    18.290,     6.553
    18.300,     6.357
    18.310,     6.154
    18.320,     5.946
    18.330,     5.731
    18.340,     5.511
    18.350,     5.285
    18.360,     5.054
    18.370,     4.819
    18.380,     4.578
    18.390,     4.333
    18.400,     4.084
    18.410,     3.831
    18.420,     3.574
    18.430,     3.314
    18.440,     3.050
    18.450,     2.783
    18.460,     2.514
    18.470,     2.242
    18.480,     1.968
    18.490,     1.692
    18.500,     1.414
    18.510,     1.135
    18.520,     0.855
    18.530,     0.574
    18.540,     0.292
    18.550,     0.010
    18.560,    -0.272
    18.570,    -0.553
    18.580,    -0.834
    18.590,    -1.115
    18.600,    -1.394
    18.610,    -1.672
    18.620,    -1.948
    18.630,    -2.222
    18.640,    -2.494
    18.650,    -2.764
    18.660,    -3.031
    18.670,    -3.295
    18.680,    -3.555
    18.690,    -3.813
    18.700,    -4.066
    18.710,    -4.316
    18.720,    -4.561
    18.730,    -4.802
    18.740,    -5.038
    18.750,    -5.269
    18.760,    -5.495
    18.770,    -5.715
    18.780,    -5.930
    18.790,    -6.140
    18.800,    -6.343
    18.810,    -6.540
    18.820,    -6.730
    18.830,    -6.914
    18.840,    -7.091
    18.850,    -7.261
    18.860,    -7.424
    18.870,    -7.580
    18.880,    -7.728
    18.890,    -7.869
    18.900,    -8.002
    18.910,    -8.127
    18.920,    -8.244
    18.930,    -8.353
    18.940,    -8.454
    18.950,    -8.547
    18.960,    -8.631
    18.970,    -8.707
    18.980,    -8.774
    18.990,    -8.833
    19.000,    -8.883
    19.010,    -8.924
    19.020,    -8.956
    19.030,    -8.980
    19.040,    -8.995
    19.050,    -9.001
    19.060,    -8.998
    19.070,    -8.987
    19.080,    -8.966
    19.090,    -8.937
    19.100,    -8.899
    19.110,    -8.852
    19.120,    -8.797
    19.130,    -8.733
    19.140,    -8.660
    19.150,    -8.579
    19.160,    -8.490
    19.170,    -8.392
    19.180,    -8.286
    19.190,    -8.172
    19.200,    -8.049
    19.210,    -7.919
    19.220,    -7.781
    19.230,    -7.636
    19.240,    -7.483
    19.250,    -7.322
    19.260,    -7.155
    19.270,    -6.980
    19.280,    -6.799
    19.290,    -6.611
    19.300,    -6.416
    19.310,    -6.216
    19.320,    -6.009
    19.330,    -5.796
    19.340,    -5.577
    19.350,    -5.353
    19.360,    -5.124
    19.370,    -4.890
    19.380,    -4.651
    19.390,    -4.407
    19.400,    -4.159
    19.410,    -3.907
    19.420,    -3.651
    19.430,    -3.392
    19.440,    -3.129
    19.450,    -2.863
    19.460,    -2.595
    19.470,    -2.323
    19.480,    -2.050
    19.490,    -1.774
    19.500,    -1.497
    19.510,    -1.218
    19.520,    -0.939
    19.530,    -0.658
    19.540,    -0.376
    19.550,    -0.094
    19.560,     0.187
    19.570,     0.469
    19.580,     0.750
    19.590,     1.031
    19.600,     1.311
    19.610,     1.589
    19.620,     1.865
    19.630,     2.140
    19.640,     2.413
    19.650,     2.683
    19.660,     2.951
    19.670,     3.216
    19.680,     3.478
    19.690,     3.736
    19.700,     3.991
    19.710,     4.241
    19.720,     4.488
    19.730,     4.730
    19.740,     4.968
    19.750,     5.200
    19.760,     5.428
    19.770,     5.650
    19.780,     5.867
    19.790,     6.078
    19.800,     6.283
    19.810,     6.481
    19.820,     6.674
    19.830,     6.860
    19.840,     7.039
    19.850,     7.211
    19.860,     7.376
    19.870,     7.534
    19.880,     7.685
    19.890,     7.828
    19.900,     7.963
    19.910,     8.091
    19.920,     8.210
    19.930,     8.322
    19.940,     8.425
    19.950,     8.520
    19.960,     8.607
    19.970,     8.685
    19.980,     8.755
    19.990,     8.816
    20.000,     8.869
    20.010,     8.912
    20.020,     8.948
    20.030,     8.974
    20.040,     8.991
    20.050,     9.000
    20.060,     9.000
    20.070,     8.991
    20.080,     8.973
    20.090,     8.947
    20.100,     8.911
    20.110,     8.867
    20.120,     8.814
    20.130,     8.753
    20.140,     8.683
    20.150,     8.604
    20.160,     8.517
    20.170,     8.422
    20.180,     8.318
    20.190,     8.207
    20.200,     8.087
    20.210,     7.959
    20.220,     7.823
    20.230,     7.680
    20.240,     7.529
    20.250,     7.371
    20.260,     7.206
    20.270,     7.033
    20.280,     6.854
    20.290,     6.668
    20.300,     6.475
    20.310,     6.276
    20.320,     6.071
    20.330,     5.860
    20.340,     5.643
    20.350,     5.421
    20.360,     5.193
    20.370,     4.960
    20.380,     4.723
    20.390,     4.480
    20.400,     4.234
    20.410,     3.983
    20.420,     3.728
    20.430,     3.470
    20.440,     3.208
    20.450,     2.943
    20.460,     2.675
    20.470,     2.405
    20.480,     2.132
    20.490,     1.857
    20.500,     1.580
    20.510,     1.302
    20.520,     1.022
    20.530,     0.742
    20.540,     0.461
    20.550,     0.179
    20.560,    -0.103
    20.570,    -0.385
    20.580,    -0.666
    20.590,    -0.947
    20.600,    -1.227
    20.610,    -1.506
    20.620,    -1.783
    20.630,    -2.058
    20.640,    -2.332
    20.650,    -2.603
    20.660,    -2.871
    20.670,    -3.137
    20.680,    -3.400
    20.690,    -3.659
    20.700,    -3.915
    20.710,    -4.167
    20.720,    -4.415
    20.730,    -4.658
    20.740,    -4.897
    20.750,    -5.131
    20.760,    -5.360
    20.770,    -5.584
    20.780,    -5.802
    20.790,    -6.015
    20.800,    -6.222
    20.810,    -6.422
    20.820,    -6.617
    20.830,    -6.805
    20.840,    -6.986
    20.850,    -7.160
    20.860,    -7.327
    20.870,    -7.488
    20.880,    -7.640
    20.890,    -7.786
    20.900,    -7.923
    20.910,    -8.053
    20.920,    -8.175
    20.930,    -8.289
    20.940,    -8.395
    20.950,    -8.492
    20.960,    -8.582
    20.970,    -8.663
    20.980,    -8.735
    20.990,    -8.799
    21.000,    -8.854
    21.010,    -8.900
    21.020,    -8.938
    21.030,    -8.967
    21.040,    -8.987
    21.050,    -8.998
    21.060,    -9.001
    21.070,    -8.995
    21.080,    -8.979
    21.090,    -8.955
    21.100,    -8.923
    21.110,    -8.881
    21.120,    -8.831
    21.130,    -8.772
    21.140,    -8.705
    21.150,    -8.629
    21.160,    -8.544
    21.170,    -8.451
    21.180,    -8.350
    21.190,    -8.241
    21.200,    -8.123
    21.210,    -7.998
    21.220,    -7.865
    21.230,    -7.724
    21.240,    -7.575
    21.250,    -7.419
    21.260,    -7.256
    21.270,    -7.086
    21.280,    -6.908
    21.290,    -6.724
    21.300,    -6.534
    21.310,    -6.337
    21.320,    -6.133
    21.330,    -5.924
    21.340,    -5.709
    21.350,    -5.488
    21.360,    -5.262
    21.370,    -5.031
    21.380,    -4.794
    21.390,    -4.553
    21.400,    -4.308
    21.410,    -4.058
    21.420,    -3.805
    21.430,    -3.547
    21.440,    -3.287
    21.450,    -3.023
    21.460,    -2.756
    21.470,    -2.486
    21.480,    -2.214
    21.490,    -1.939
    21.500,    -1.663
    21.510,    -1.385
    21.520,    -1.106
    21.530,    -0.826
    21.540,    -0.545
    21.550,    -0.263
    21.560,     0.019
    21.570,     0.301
    21.580,     0.582
    21.590,     0.863
    21.600,     1.143
    21.610,     1.422
    21.620,     1.700
    21.630,     1.976
    21.640,     2.250
    21.650,     2.522
    21.660,     2.791
    21.670,     3.058
    21.680,     3.322
    21.690,     3.582
    21.700,     3.839
    21.710,     4.092
    21.720,     4.341
    21.730,     4.586
    21.740,     4.826
    21.750,     5.062
    21.760,     5.292
    21.770,     5.518
    21.780,     5.738
    21.790,     5.952
    21.800,     6.161
    21.810,     6.363
    21.820,     6.559
    21.830,     6.749
    21.840,     6.932
    21.850,     7.109
    21.860,     7.278
    21.870,     7.440
    21.880,     7.595
    21.890,     7.743
    21.900,     7.883
    21.910,     8.015
    21.920,     8.139
    21.930,     8.256
    21.940,     8.364
    21.950,     8.464
    21.960,     8.556
    21.970,     8.639
    21.980,     8.714
    21.990,     8.780
    22.000,     8.838
    22.010,     8.887
    22.020,     8.928
    22.030,     8.959
    22.040,     8.982
    22.050,     8.996
    22.060,     9.001
    22.070,     8.997
    22.080,     8.985
    22.090,     8.964
    22.100,     8.933
    22.110,     8.895
    22.120,     8.847
    22.130,     8.791
    22.140,     8.726
    22.150,     8.652
    22.160,     8.570
    22.170,     8.480
    22.180,     8.381
    22.190,     8.274
    22.200,     8.159
    22.210,     8.036
    22.220,     7.905
    22.230,     7.767
    22.240,     7.621
    22.250,     7.467
    22.260,     7.306
    22.270,     7.137
    22.280,     6.962
    22.290,     6.780
    22.300,     6.591
    22.310,     6.396
    22.320,     6.195
    22.330,     5.987
    22.340,     5.774
    22.350,     5.555
    22.360,     5.330
    22.370,     5.100
    22.380,     4.866
    22.390,     4.626
    22.400,     4.382
    22.410,     4.134
    22.420,     3.881
    22.430,     3.625
    22.440,     3.365
    22.450,     3.102
    22.460,     2.836
    22.470,     2.567
    22.480,     2.295
    22.490,     2.022
    22.500,     1.746
    22.510,     1.469
    22.520,     1.190
    22.530,     0.910
    22.540,     0.629
    22.550,     0.347
    22.560,     0.066
    22.570,    -0.216
    22.580,    -0.498
    22.590,    -0.779
    22.600,    -1.060
    22.610,    -1.339
    22.620,    -1.617
    22.630,    -1.894
    22.640,    -2.168
    22.650,    -2.441
    22.660,    -2.711
    22.670,    -2.978
    22.680,    -3.243
    22.690,    -3.504
    22.700,    -3.762
    22.710,    -4.017
    22.720,    -4.267
    22.730,    -4.513
    22.740,    -4.755
    22.750,    -4.992
    22.760,    -5.224
    22.770,    -5.451
    22.780,    -5.672
    22.790,    -5.888
    22.800,    -6.099
    22.810,    -6.303
    22.820,    -6.501
    22.830,    -6.693
    22.840,    -6.878
    22.850,    -7.057
    22.860,    -7.228
    22.870,    -7.393
    22.880,    -7.550
    22.890,    -7.700
    22.900,    -7.842
    22.910,    -7.976
    22.920,    -8.103
    22.930,    -8.222
    22.940,    -8.333
    22.950,    -8.435
    22.960,    -8.529
    22.970,    -8.615
    22.980,    -8.693
    22.990,    -8.762
    23.000,    -8.822
    23.010,    -8.873
    23.020,    -8.916
    23.030,    -8.951
    23.040,    -8.976
    23.050,    -8.993
    23.060,    -9.000
    23.070,    -8.999
    23.080,    -8.990
    23.090,    -8.971
    23.100,    -8.943
    23.110,    -8.907
    23.120,    -8.862
    23.130,    -8.808
    23.140,    -8.746
    23.150,    -8.675
    23.160,    -8.596
    23.170,    -8.508
    23.180,    -8.412
    23.190,    -8.307
    23.200,    -8.195
    23.210,    -8.074
    23.220,    -7.945
    23.230,    -7.809
    23.240,    -7.665
    23.250,    -7.514
    23.260,    -7.355
    23.270,    -7.189
    23.280,    -7.015
    23.290,    -6.835
    23.300,    -6.649
    23.310,    -6.455
    23.320,    -6.256
    23.330,    -6.050
    23.340,    -5.838
    23.350,    -5.621
    23.360,    -5.398
    23.370,    -5.170
    23.380,    -4.936
    23.390,    -4.698
    23.400,    -4.455
    23.410,    -4.208
    23.420,    -3.957
    23.430,    -3.702
    23.440,    -3.443
    23.450,    -3.181
    23.460,    -2.916
    23.470,    -2.648
    23.480,    -2.377
    23.490,    -2.104
    23.500,    -1.829
    23.510,    -1.552
    23.520,    -1.273
    23.530,    -0.994
    23.540,    -0.713
    23.550,    -0.432
    23.560,    -0.150
    23.570,     0.132
    23.580,     0.414
    23.590,     0.695
    23.600,     0.976
    23.610,     1.256
    23.620,     1.534
    23.630,     1.811
    23.640,     2.086
    23.650,     2.360
    23.660,     2.630
    23.670,     2.899
    23.680,     3.164
    23.690,     3.426
    23.700,     3.685
    23.710,     3.941
    23.720,     4.192
    23.730,     4.440
    23.740,     4.683
    23.750,     4.921
    23.760,     5.155
    23.770,     5.383
    23.780,     5.607
    23.790,     5.824
    23.800,     6.036
    23.810,     6.243
    23.820,     6.443
    23.830,     6.636
    23.840,     6.824
    23.850,     7.004
    23.860,     7.178
    23.870,     7.344
    23.880,     7.504
    23.890,     7.656
    23.900,     7.800
    23.910,     7.937
    23.920,     8.066
    23.930,     8.187
    23.940,     8.300
    23.950,     8.405
    23.960,     8.502
    23.970,     8.590
    23.980,     8.670
    23.990,     8.742
    24.000,     8.805
    24.010,     8.859
    24.020,     8.905
    24.030,     8.941
    24.040,     8.969
    24.050,     8.989
    24.060,     8.999
    24.070,     9.001
    24.080,     8.993
    24.090,     8.977
    24.100,     8.953
    24.110,     8.919
    24.120,     8.877
    24.130,     8.825
    24.140,     8.766
    24.150,     8.697
    24.160,     8.620
    24.170,     8.535
    24.180,     8.441
    24.190,     8.339
    24.200,     8.229
    24.210,     8.111
    24.220,     7.985
    24.230,     7.851
    24.240,     7.709
    24.250,     7.560
    24.260,     7.403
    24.270,     7.239
    24.280,     7.068
    24.290,     6.890
    24.300,     6.705
    24.310,     6.514
    24.320,     6.316
    24.330,     6.112
    24.340,     5.902
    24.350,     5.686
    24.360,     5.465
    24.370,     5.238
    24.380,     5.007
    24.390,     4.770
    24.400,     4.529
    24.410,     4.283
    24.420,     4.033
    24.430,     3.779
    24.440,     3.521
    24.450,     3.260
    24.460,     2.995
    24.470,     2.728
    24.480,     2.458
    24.490,     2.186
    24.500,     1.911
    24.510,     1.635
    24.520,     1.357
    24.530,     1.078
    24.540,     0.797
    24.550,     0.516
    24.560,     0.234
    24.570,    -0.048
    24.580,    -0.329
    24.590,    -0.611
    24.600,    -0.892
    24.610,    -1.172
    24.620,    -1.451
    24.630,    -1.728
    24.640,    -2.004
    24.650,    -2.278
    24.660,    -2.550
    24.670,    -2.819
    24.680,    -3.085
    24.690,    -3.348
    24.700,    -3.608
    24.710,    -3.865
    24.720,    -4.117
    24.730,    -4.366
    24.740,    -4.611
    24.750,    -4.850
    24.760,    -5.085
    24.770,    -5.316
    24.780,    -5.540
    24.790,    -5.760
    24.800,    -5.974
    24.810,    -6.182
    24.820,    -6.383
    24.830,    -6.579
    24.840,    -6.768
    24.850,    -6.951
    24.860,    -7.126
    24.870,    -7.295
    24.880,    -7.457
    24.890,    -7.611
    24.900,    -7.758
    24.910,    -7.897
    24.920,    -8.028
    24.930,    -8.152
    24.940,    -8.267
    24.950,    -8.375
    24.960,    -8.474
    24.970,    -8.565
    24.980,    -8.647
    24.990,    -8.721
    25.000,    -8.787
    25.010,    -8.844
    25.020,    -8.892
    25.030,    -8.931
    25.040,    -8.962
    25.050,    -8.984
    25.060,    -8.997
    25.070,    -9.001
    25.080,    -8.997
    25.090,    -8.983
    25.100,    -8.961
    25.110,    -8.930
    25.120,    -8.890
    25.130,    -8.842
    25.140,    -8.784
    25.150,    -8.719
    25.160,    -8.644
    25.170,    -8.561
    25.180,    -8.470
    25.190,    -8.371
    25.200,    -8.263
    25.210,    -8.147
    25.220,    -8.023
    25.230,    -7.892
    25.240,    -7.752
    25.250,    -7.605
    25.260,    -7.451
    25.270,    -7.289
    25.280,    -7.120
    25.290,    -6.944
    25.300,    -6.761
    25.310,    -6.572
    25.320,    -6.376
    25.330,    -6.174
    25.340,    -5.966
    25.350,    -5.752
    25.360,    -5.532
    25.370,    -5.307
    25.380,    -5.077
    25.390,    -4.841
    25.400,    -4.601
    25.410,    -4.357
    25.420,    -4.108
    25.430,    -3.855
    25.440,    -3.598
    25.450,    -3.338
    25.460,    -3.075
    25.470,    -2.808
    25.480,    -2.539
    25.490,    -2.268
    25.500,    -1.994
    25.510,    -1.718
    25.520,    -1.440
    25.530,    -1.161
    25.540,    -0.881
    25.550,    -0.600
    25.560,    -0.319
    25.570,    -0.037
    25.580,     0.245
    25.590,     0.527
    25.600,     0.808
    25.610,     1.088
    25.620,     1.368
    25.630,     1.646
    25.640,     1.922
    25.650,     2.196
    25.660,     2.469
    25.670,     2.738
    25.680,     3.006
    25.690,     3.270
    25.700,     3.531
    25.710,     3.788
    25.720,     4.042
    25.730,     4.292
    25.740,     4.538
    25.750,     4.779
    25.760,     5.016
    25.770,     5.247
    25.780,     5.474
    25.790,     5.695
    25.800,     5.910
    25.810,     6.120
    25.820,     6.324
    25.830,     6.521
    25.840,     6.712
    25.850,     6.897
    25.860,     7.075
    25.870,     7.245
    25.880,     7.409
    25.890,     7.566
    25.900,     7.715
    25.910,     7.856
    25.920,     7.990
    25.930,     8.116
    25.940,     8.234
    25.950,     8.343
    25.960,     8.445
    25.970,     8.538
    25.980,     8.624
    25.990,     8.700
    26.000,     8.768
    26.010,     8.828
    26.020,     8.878
    26.030,     8.920
    26.040,     8.954
    26.050,     8.978
    26.060,     8.994
    26.070,     9.001
    26.080,     8.999
    26.090,     8.988
    26.100,     8.968
    26.110,     8.940
    26.120,     8.903
    26.130,     8.857
    26.140,     8.802
    26.150,     8.739
    26.160,     8.667
    26.170,     8.587
    26.180,     8.498
    26.190,     8.401
    26.200,     8.296
    26.210,     8.183
    26.220,     8.061
    26.230,     7.932
    26.240,     7.795
    26.250,     7.650
    26.260,     7.498
    26.270,     7.338
    26.280,     7.171
    26.290,     6.997
    26.300,     6.816
    26.310,     6.629
    26.320,     6.435
    26.330,     6.235
    26.340,     6.028
    26.350,     5.816
    26.360,     5.598
    26.370,     5.375
    26.380,     5.146
    26.390,     4.912
    26.400,     4.674
    26.410,     4.430
    26.420,     4.183
    26.430,     3.931
    26.440,     3.676
    26.450,     3.417
    26.460,     3.154
    26.470,     2.888
    26.480,     2.620
    26.490,     2.349
    26.500,     2.076
    26.510,     1.801
    26.520,     1.523
    26.530,     1.245
    26.540,     0.965
    26.550,     0.684
    26.560,     0.403
    26.570,     0.121
    26.580,    -0.161
    26.590,    -0.443
    26.600,    -0.724
    26.610,    -1.004
    26.620,    -1.284
    26.630,    -1.562
    26.640,    -1.839
    26.650,    -2.114
    26.660,    -2.387
    26.670,    -2.658
    26.680,    -2.926
    26.690,    -3.191
    26.700,    -3.453
    26.710,    -3.712
    26.720,    -3.967
    26.730,    -4.218
    26.740,    -4.465
    26.750,    -4.707
    26.760,    -4.945
    26.770,    -5.178
    26.780,    -5.406
    26.790,    -5.629
    26.800,    -5.846
    26.810,    -6.058
    26.820,    -6.263
    26.830,    -6.463
    26.840,    -6.656
    26.850,    -6.842
    26.860,    -7.022
    26.870,    -7.195
    26.880,    -7.361
    26.890,    -7.519
    26.900,    -7.671
    26.910,    -7.814
    26.920,    -7.951
    26.930,    -8.079
    26.940,    -8.199
    26.950,    -8.311
    26.960,    -8.416
    26.970,    -8.511
    26.980,    -8.599
    26.990,    -8.678
    27.000,    -8.749
    27.010,    -8.811
    27.020,    -8.864
    27.030,    -8.909
    27.040,    -8.945
    27.050,    -8.972
    27.060,    -8.990
    27.070,    -9.000
    27.080,    -9.000
    27.090,    -8.992
    27.100,    -8.975
    27.110,    -8.949
    27.120,    -8.915
    27.130,    -8.872
    27.140,    -8.820
    27.150,    -8.759
    27.160,    -8.690
    27.170,    -8.612
    27.180,    -8.526
    27.190,    -8.431
    27.200,    -8.328
    27.210,    -8.217
    27.220,    -8.098
    27.230,    -7.971
    27.240,    -7.837
    27.250,    -7.694
    27.260,    -7.544
    27.270,    -7.387
    27.280,    -7.222
    27.290,    -7.050
    27.300,    -6.871
    27.310,    -6.686
    27.320,    -6.494
    27.330,    -6.295
    27.340,    -6.091
    27.350,    -5.880
    27.360,    -5.664
    27.370,    -5.442
    27.380,    -5.215
    27.390,    -4.983
    27.400,    -4.745
    27.410,    -4.504
    27.420,    -4.257
    27.430,    -4.007
    27.440,    -3.752
    27.450,    -3.494
    27.460,    -3.233
    27.470,    -2.968
    27.480,    -2.701
    27.490,    -2.430
    27.500,    -2.158
    27.510,    -1.883
    27.520,    -1.607
    27.530,    -1.328
    27.540,    -1.049
    27.550,    -0.768
    27.560,    -0.487
    27.570,    -0.206
    27.580,     0.076
    27.590,     0.358
    27.600,     0.640
    27.610,     0.921
    27.620,     1.201
    27.630,     1.479
    27.640,     1.757
    27.650,     2.032
    27.660,     2.306
    27.670,     2.577
    27.680,     2.846
    27.690,     3.112
    27.700,     3.375
    27.710,     3.635
    27.720,     3.891
    27.730,     4.143
    27.740,     4.391
    27.750,     4.635
    27.760,     4.875
    27.770,     5.109
    27.780,     5.339
    27.790,     5.563
    27.800,     5.782
    27.810,     5.995
    27.820,     6.203
    27.830,     6.404
    27.840,     6.599
    27.850,     6.787
    27.860,     6.969
    27.870,     7.144
    27.880,     7.312
    27.890,     7.473
    27.900,     7.626
    27.910,     7.772
    27.920,     7.911
    27.930,     8.041
    27.940,     8.164
    27.950,     8.279
    27.960,     8.385
    27.970,     8.484
    27.980,     8.574
    27.990,     8.655
    28.000,     8.728
    28.010,     8.793
    28.020,     8.849
    28.030,     8.896
    28.040,     8.935
    28.050,     8.965
    28.060,     8.986
    28.070,     8.998
    28.080,     9.001
    28.090,     8.996
    28.100,     8.981
    28.110,     8.958
    28.120,     8.926
    28.130,     8.886
    28.140,     8.836
    28.150,     8.778
    28.160,     8.711
    28.170,     8.636
    28.180,     8.553
    28.190,     8.460
    28.200,     8.360
    28.210,     8.252
    28.220,     8.135
    28.230,     8.010
    28.240,     7.878
    28.250,     7.737
    28.260,     7.590
    28.270,     7.434
    28.280,     7.272
    28.290,     7.102
    28.300,     6.925
    28.310,     6.742
    28.320,     6.552
    28.330,     6.355
    28.340,     6.153
    28.350,     5.944
    28.360,     5.729
    28.370,     5.509
    28.380,     5.283
    28.390,     5.053
    28.400,     4.817
    28.410,     4.576
    28.420,     4.331
    28.430,     4.082
    28.440,     3.829
    28.450,     3.572
    28.460,     3.312
    28.470,     3.048
    28.480,     2.781
    28.490,     2.512
    28.500,     2.240
    28.510,     1.966
    28.520,     1.689
    28.530,     1.412
    28.540,     1.133
    28.550,     0.852
    28.560,     0.571
    28.570,     0.290
    28.580,     0.008
    28.590,    -0.274
    28.600,    -0.556
    28.610,    -0.837
    28.620,    -1.117
    28.630,    -1.396
    28.640,    -1.674
    28.650,    -1.950
    28.660,    -2.224
    28.670,    -2.496
    28.680,    -2.766
    28.690,    -3.033
    28.700,    -3.297
    28.710,    -3.557
    28.720,    -3.815
    28.730,    -4.068
    28.740,    -4.318
    28.750,    -4.563
    28.760,    -4.803
    28.770,    -5.040
    28.780,    -5.271
    28.790,    -5.497
    28.800,    -5.717
    28.810,    -5.932
    28.820,    -6.141
    28.830,    -6.344
    28.840,    -6.541
    28.850,    -6.731
    28.860,    -6.915
    28.870,    -7.092
    28.880,    -7.262
    28.890,    -7.425
    28.900,    -7.581
    28.910,    -7.729
    28.920,    -7.870
    28.930,    -8.003
    28.940,    -8.128
    28.950,    -8.245
    28.960,    -8.354
    28.970,    -8.455
    28.980,    -8.548
    28.990,    -8.632
    29.000,    -8.707
    29.010,    -8.775
    29.020,    -8.833
    29.030,    -8.883
    29.040,    -8.924
    29.050,    -8.957
    29.060,    -8.980
    29.070,    -8.995
    29.080,    -9.001
    29.090,    -8.998
    29.100,    -8.986
    29.110,    -8.966
    29.120,    -8.937
    29.130,    -8.899
    29.140,    -8.852
    29.150,    -8.796
    29.160,    -8.732
    29.170,    -8.660
    29.180,    -8.578
    29.190,    -8.489
    29.200,    -8.391
    29.210,    -8.285
    29.220,    -8.171
    29.230,    -8.048
    29.240,    -7.918
    29.250,    -7.780
    29.260,    -7.635
    29.270,    -7.482
    29.280,    -7.321
    29.290,    -7.154
    29.300,    -6.979
    29.310,    -6.798
    29.320,    -6.610
    29.330,    -6.415
    29.340,    -6.214
    29.350,    -6.007
    29.360,    -5.794
    29.370,    -5.576
    29.380,    -5.352
    29.390,    -5.122
    29.400,    -4.888
    29.410,    -4.649
    29.420,    -4.405
    29.430,    -4.157
    29.440,    -3.905
    29.450,    -3.649
    29.460,    -3.390
    29.470,    -3.127
    29.480,    -2.861
    29.490,    -2.592
    29.500,    -2.321
    29.510,    -2.048
    29.520,    -1.772
    29.530,    -1.495
    29.540,    -1.216
    29.550,    -0.936
    29.560,    -0.656
    29.570,    -0.374
    29.580,    -0.092
    29.590,     0.190
    29.600,     0.471
    29.610,     0.753
    29.620,     1.033
    29.630,     1.313
    29.640,     1.591
    29.650,     1.868
    29.660,     2.142
    29.670,     2.415
    29.680,     2.685
    29.690,     2.953
    29.700,     3.218
    29.710,     3.480
    29.720,     3.738
    29.730,     3.993
    29.740,     4.243
    29.750,     4.490
    29.760,     4.732
    29.770,     4.969
    29.780,     5.202
    29.790,     5.429
    29.800,     5.652
    29.810,     5.868
    29.820,     6.079
    29.830,     6.284
    29.840,     6.483
    29.850,     6.675
    29.860,     6.861
    29.870,     7.040
    29.880,     7.212
    29.890,     7.377
    29.900,     7.535
    29.910,     7.686
    29.920,     7.829
    29.930,     7.964
    29.940,     8.091
    29.950,     8.211
    29.960,     8.322
    29.970,     8.426
    29.980,     8.521
