     0.000,     0.000
     0.410,     0.287
     0.818,     0.572
     1.226,     0.855
     1.632,     1.137
     2.038,     1.418
     2.442,     1.696
     2.845,     1.973
     3.248,     2.249
     3.649,     2.523
     4.050,     2.795
     4.449,     3.066
     4.847,     3.335
     5.245,     3.602
     5.641,     3.868
     6.036,     4.132
     6.431,     4.395
     6.824,     4.656
     7.217,     4.916
     7.608,     5.174
     7.998,     5.430
     8.388,     5.685
     8.776,     5.938
     9.164,     6.190
     9.550,     6.440
     9.936,     6.689
    10.320,     6.936
    10.704,     7.182
    11.087,     7.426
    11.468,     7.668
    11.849,     7.909
    12.229,     8.149
    12.607,     8.387
    12.985,     8.623
    13.362,     8.858
    13.738,     9.091
    14.113,     9.323
    14.487,     9.554
    14.860,     9.782
    15.232,    10.010
    15.603,    10.236
    15.973,    10.460
    16.342,    10.683
    16.710,    10.904
    17.077,    11.124
    17.444,    11.342
    17.809,    11.559
    18.173,    11.774
    18.537,    11.988
    18.899,    12.201
    19.261,    12.412
    19.621,    12.621
    19.981,    12.829
    20.339,    13.036
    20.697,    13.241
    21.054,    13.444
    21.409,    13.646
    21.764,    13.847
    22.118,    14.046
    22.471,    14.244
    22.823,    14.440
    23.174,    14.635
    23.524,    14.828
    23.873,    15.020
    24.221,    15.211
    24.568,    15.400
    24.914,    15.587
    25.259,    15.773
    25.603,    15.958
    25.947,    16.141
    26.289,    16.323
    26.630,    16.503
    26.971,    16.682
    27.310,    16.860
    27.649,    17.036
    27.986,    17.211
    28.323,    17.384
    28.658,    17.556
    28.993,    17.726
    29.326,    17.895
    29.659,    18.062
    29.990,    18.229
    30.321,    18.393
    30.651,    18.557
    30.980,    18.719
    31.307,    18.879
    31.634,    19.038
    31.960,    19.196
    32.285,    19.352
    32.609,    19.507
    32.932,    19.661
    33.253,    19.813
    33.574,    19.964
    33.894,    20.113
    34.213,    20.261
    34.531,    20.408
    34.848,    20.553
    35.164,    20.697
    35.480,    20.839
    35.794,    20.981
    36.107,    21.120
    36.419,    21.259
    36.730,    21.396
    37.040,    21.532
    37.350,    21.666
    37.658,    21.799
    37.965,    21.931
    38.272,    22.061
    38.577,    22.190
    38.881,    22.318
    39.185,    22.444
    39.487,    22.569
    39.789,    22.693
    40.089,    22.815
    40.389,    22.936
    40.688,    23.056
    40.985,    23.174
    41.282,    23.291
    41.578,    23.407
    41.873,    23.521
    42.166,    23.634
    42.459,    23.746
    42.751,    23.857
    43.042,    23.966
    43.332,    24.074
    43.622,    24.181
    43.910,    24.286
    44.197,    24.390
    44.483,    24.493
    44.769,    24.595
    45.053,    24.695
    45.337,    24.794
    45.619,    24.892
    45.901,    24.989
    46.182,    25.084
    46.462,    25.178
    46.741,    25.271
    47.019,    25.362
    47.296,    25.453
    47.572,    25.542
    47.848,    25.630
    48.122,    25.716
    48.396,    25.802
    48.668,    25.886
    48.940,    25.969
    49.211,    26.051
    49.481,    26.131
    49.750,    26.210
    50.018,    26.289
    50.286,    26.366
    50.552,    26.441
    50.818,    26.516
    51.083,    26.589
    51.347,    26.661
    51.610,    26.732
    51.872,    26.802
    52.133,    26.871
    52.394,    26.938
    52.654,    27.005
    52.913,    27.070
    53.171,    27.134
    53.428,    27.197
    53.684,    27.258
    53.940,    27.319
    54.195,    27.378
    54.449,    27.437
    54.702,    27.494
    54.954,    27.550
    55.206,    27.605
    55.456,    27.658
    55.706,    27.711
    55.955,    27.762
    56.204,    27.813
    56.451,    27.862
    56.698,    27.910
    56.944,    27.957
    57.189,    28.003
    57.434,    28.048
    57.677,    28.092
    57.920,    28.134
    58.163,    28.176
    58.404,    28.216
    58.645,    28.256
    58.885,    28.294
    59.124,    28.331
    59.362,    28.367
    59.600,    28.402
    59.837,    28.436
    60.073,    28.469
    60.309,    28.501
    60.543,    28.532
    60.777,    28.561
    61.011,    28.590
    61.243,    28.617
    61.475,    28.644
    61.706,    28.669
    61.937,    28.694
    62.167,    28.717
    62.396,    28.740
    62.624,    28.761
    62.852,    28.781
    63.079,    28.800
    63.305,    28.819
    63.531,    28.836
    63.756,    28.852
    63.980,    28.867
    64.204,    28.881
    64.427,    28.894
    64.649,    28.907
    64.871,    28.918
    65.092,    28.928
    65.312,    28.937
    65.531,    28.945
    65.750,    28.952
    65.969,    28.958
    66.186,    28.963
    66.404,    28.967
    66.620,    28.970
    66.836,    28.972
    67.051,    28.973
    67.265,    28.974
    67.479,    28.973
    67.693,    28.971
    67.905,    28.968
    68.117,    28.964
    68.329,    28.960
    68.539,    28.954
    68.749,    28.947
    68.959,    28.939
    69.168,    28.931
    69.376,    28.921
    69.584,    28.911
    69.791,    28.899
    69.998,    28.887
    70.204,    28.873
    70.409,    28.859
    70.614,    28.844
    70.818,    28.828
    71.022,    28.810
    71.225,    28.792
    71.427,    28.773
    71.629,    28.753
    71.830,    28.732
    72.031,    28.710
    72.231,    28.688
    72.431,    28.664
    72.630,    28.639
    72.828,    28.614
    73.026,    28.587
    73.223,    28.560
    73.420,    28.531
    73.616,    28.502
    73.812,    28.472
    74.007,    28.441
    74.201,    28.409
    74.395,    28.376
    74.589,    28.342
    74.782,    28.308
    74.974,    28.272
    75.166,    28.235
    75.357,    28.198
    75.548,    28.160
    75.738,    28.121
    75.928,    28.080
    76.117,    28.039
    76.306,    27.998
    76.494,    27.955
    76.681,    27.911
    76.868,    27.867
    77.055,    27.821
    77.241,    27.775
    77.426,    27.728
    77.611,    27.680
    77.796,    27.631
    77.980,    27.581
    78.163,    27.531
    78.346,    27.479
    78.529,    27.427
    78.711,    27.373
    78.892,    27.319
    79.073,    27.264
    79.253,    27.208
    79.433,    27.152
    79.613,    27.094
    79.792,    27.036
    79.970,    26.977
    80.148,    26.917
    80.325,    26.856
    80.502,    26.794
    80.679,    26.731
    80.855,    26.668
    81.030,    26.603
    81.205,    26.538
    81.380,    26.472
    81.554,    26.405
    81.727,    26.338
    81.900,    26.269
    82.073,    26.200
    82.245,    26.130
    82.417,    26.059
    82.588,    25.987
    82.759,    25.914
    82.929,    25.841
    83.099,    25.767
    83.268,    25.691
    83.437,    25.616
    83.605,    25.539
    83.773,    25.461
    83.940,    25.383
    84.107,    25.304
    84.274,    25.224
    84.440,    25.143
    84.605,    25.061
    84.770,    24.979
    84.935,    24.896
    85.099,    24.812
    85.263,    24.727
    85.426,    24.641
    85.589,    24.555
    85.751,    24.468
    85.913,    24.380
    86.075,    24.291
    86.236,    24.202
    86.396,    24.111
    86.557,    24.020
    86.716,    23.928
    86.876,    23.836
    87.034,    23.742
    87.193,    23.648
    87.351,    23.553
    87.508,    23.457
    87.665,    23.361
    87.822,    23.263
    87.978,    23.165
    88.134,    23.066
    88.289,    22.967
    88.444,    22.866
    88.598,    22.765
    88.752,    22.663
    88.906,    22.561
    89.059,    22.457
    89.211,    22.353
    89.363,    22.248
    89.515,    22.142
    89.667,    22.036
    89.818,    21.929
    89.968,    21.821
    90.118,    21.712
    90.268,    21.603
    90.417,    21.493
    90.566,    21.382
    90.714,    21.270
    90.862,    21.158
    91.010,    21.044
    91.157,    20.931
    91.304,    20.816
    91.450,    20.701
    91.596,    20.585
    91.741,    20.468
    91.886,    20.350
    92.031,    20.232
    92.175,    20.113
    92.319,    19.994
    92.462,    19.873
    92.605,    19.752
    92.748,    19.630
    92.890,    19.508
    93.031,    19.385
    93.173,    19.261
    93.314,    19.136
    93.454,    19.011
    93.594,    18.885
    93.734,    18.758
    93.873,    18.631
    94.012,    18.502
    94.150,    18.374
    94.288,    18.244
    94.426,    18.114
    94.563,    17.983
    94.700,    17.851
    94.836,    17.719
    94.972,    17.586
    95.108,    17.452
    95.243,    17.318
    95.378,    17.183
    95.512,    17.047
    95.646,    16.911
    95.780,    16.774
    95.913,    16.636
    96.046,    16.498
    96.178,    16.358
    96.310,    16.219
    96.442,    16.078
    96.573,    15.937
    96.704,    15.795
    96.834,    15.653
    96.964,    15.510
    97.094,    15.366
    97.223,    15.222
    97.352,    15.077
    97.480,    14.931
    97.608,    14.785
    97.736,    14.638
    97.863,    14.490
    97.990,    14.342
    98.116,    14.193
    98.242,    14.043
    98.368,    13.893
    98.493,    13.742
    98.618,    13.591
    98.743,    13.438
    98.867,    13.286
    98.991,    13.132
    99.114,    12.978
    99.237,    12.824
    99.360,    12.668
    99.482,    12.512
    99.604,    12.356
    99.725,    12.199
    99.846,    12.041
    99.967,    11.883
   100.087,    11.724
   100.207,    11.564
   100.327,    11.404
   100.446,    11.243
   100.565,    11.081
   100.683,    10.919
   100.801,    10.757
   100.919,    10.593
   101.036,    10.429
   101.153,    10.265
   101.269,    10.100
   101.386,     9.934
   101.501,     9.768
   101.617,     9.601
   101.732,     9.434
   101.846,     9.266
   101.961,     9.097
   102.075,     8.928
   102.188,     8.758
   102.301,     8.587
   102.414,     8.417
   102.526,     8.245
   102.638,     8.073
   102.750,     7.900
   102.861,     7.727
   102.972,     7.553
   103.083,     7.379
   103.193,     7.204
   103.303,     7.028
   103.413,     6.852
   103.522,     6.675
   103.630,     6.498
   103.739,     6.320
   103.847,     6.142
   103.954,     5.963
   104.062,     5.783
   104.169,     5.603
   104.275,     5.423
   104.381,     5.242
   104.487,     5.060
   104.593,     4.878
   104.698,     4.695
   104.803,     4.512
   104.907,     4.328
   105.011,     4.143
   105.115,     3.958
   105.218,     3.773
   105.321,     3.587
   105.424,     3.400
   105.526,     3.213
   105.628,     3.026
   105.729,     2.838
   105.830,     2.649
   105.931,     2.460
   106.032,     2.270
   106.132,     2.080
   106.232,     1.889
   106.331,     1.698
   106.430,     1.506
   106.529,     1.314
   106.627,     1.121
   106.725,     0.928
   106.823,     0.734
   106.920,     0.539
   107.017,     0.345
   107.114,     0.149
