     0.000,     0.000
     0.410,     0.287
     0.818,     0.572
     1.227,     0.856
     1.634,     1.138
     2.041,     1.419
     2.447,     1.698
     2.853,     1.976
     3.257,     2.252
     3.661,     2.526
     4.065,     2.800
     4.468,     3.071
     4.870,     3.342
     5.271,     3.610
     5.672,     3.877
     6.072,     4.143
     6.471,     4.407
     6.870,     4.670
     7.268,     4.932
     7.666,     5.191
     8.062,     5.450
     8.458,     5.707
     8.854,     5.962
     9.249,     6.216
     9.643,     6.469
    10.036,     6.720
    10.429,     6.970
    10.821,     7.218
    11.213,     7.464
    11.604,     7.710
    11.994,     7.954
    12.384,     8.196
    12.773,     8.437
    13.161,     8.677
    13.549,     8.915
    13.936,     9.152
    14.322,     9.387
    14.708,     9.621
    15.093,     9.853
    15.478,    10.084
    15.862,    10.314
    16.245,    10.542
    16.628,    10.769
    17.010,    10.995
    17.391,    11.219
    17.772,    11.441
    18.152,    11.663
    18.532,    11.882
    18.910,    12.101
    19.289,    12.318
    19.666,    12.534
    20.043,    12.748
    20.420,    12.961
    20.796,    13.172
    21.171,    13.383
    21.545,    13.591
    21.919,    13.799
    22.292,    14.005
    22.665,    14.210
    23.037,    14.413
    23.409,    14.615
    23.779,    14.815
    24.150,    15.015
    24.519,    15.212
    24.888,    15.409
    25.257,    15.604
    25.624,    15.798
    25.992,    15.990
    26.358,    16.181
    26.724,    16.371
    27.089,    16.560
    27.454,    16.747
    27.818,    16.932
    28.182,    17.117
    28.544,    17.300
    28.907,    17.482
    29.268,    17.662
    29.629,    17.841
    29.990,    18.019
    30.350,    18.195
    30.709,    18.370
    31.067,    18.544
    31.425,    18.717
    31.783,    18.888
    32.139,    19.058
    32.496,    19.226
    32.851,    19.393
    33.206,    19.559
    33.560,    19.724
    33.914,    19.887
    34.267,    20.049
    34.620,    20.210
    34.972,    20.369
    35.323,    20.527
    35.674,    20.684
    36.024,    20.840
    36.373,    20.994
    36.722,    21.147
    37.070,    21.298
    37.418,    21.449
    37.765,    21.598
    38.111,    21.746
    38.457,    21.892
    38.803,    22.037
    39.147,    22.181
    39.491,    22.324
    39.835,    22.465
    40.178,    22.606
    40.520,    22.745
    40.861,    22.882
    41.202,    23.019
    41.543,    23.154
    41.883,    23.288
    42.222,    23.420
    42.560,    23.551
    42.898,    23.682
    43.236,    23.810
    43.573,    23.938
    43.909,    24.064
    44.245,    24.190
    44.580,    24.313
    44.914,    24.436
    45.248,    24.558
    45.581,    24.678
    45.914,    24.797
    46.246,    24.914
    46.577,    25.031
    46.908,    25.146
    47.238,    25.260
    47.568,    25.373
    47.897,    25.485
    48.226,    25.595
    48.554,    25.704
    48.881,    25.813
    49.208,    25.919
    49.534,    26.025
    49.859,    26.129
    50.184,    26.232
    50.509,    26.334
    50.832,    26.435
    51.156,    26.535
    51.478,    26.633
    51.800,    26.731
    52.122,    26.827
    52.443,    26.921
    52.763,    27.015
    53.083,    27.108
    53.402,    27.199
    53.720,    27.289
    54.038,    27.378
    54.356,    27.466
    54.673,    27.553
    54.989,    27.638
    55.305,    27.723
    55.620,    27.806
    55.935,    27.888
    56.249,    27.969
    56.562,    28.048
    56.875,    28.127
    57.187,    28.204
    57.499,    28.281
    57.810,    28.356
    58.121,    28.430
    58.431,    28.503
    58.740,    28.574
    59.049,    28.645
    59.358,    28.714
    59.666,    28.783
    59.973,    28.850
    60.280,    28.916
    60.586,    28.981
    60.892,    29.045
    61.197,    29.108
    61.501,    29.169
    61.805,    29.230
    62.109,    29.289
    62.412,    29.347
    62.714,    29.405
    63.016,    29.461
    63.317,    29.516
    63.618,    29.570
    63.918,    29.622
    64.218,    29.674
    64.517,    29.725
    64.816,    29.774
    65.114,    29.823
    65.412,    29.870
    65.709,    29.917
    66.005,    29.962
    66.301,    30.006
    66.597,    30.049
    66.892,    30.091
    67.186,    30.132
    67.480,    30.172
    67.774,    30.211
    68.067,    30.248
    68.359,    30.285
    68.651,    30.321
    68.942,    30.355
    69.233,    30.389
    69.524,    30.421
    69.814,    30.453
    70.103,    30.483
    70.392,    30.512
    70.680,    30.541
    70.968,    30.568
    71.256,    30.594
    71.542,    30.619
    71.829,    30.644
    72.115,    30.667
    72.400,    30.689
    72.685,    30.710
    72.970,    30.730
    73.254,    30.749
    73.537,    30.767
    73.820,    30.784
    74.103,    30.800
    74.385,    30.815
    74.666,    30.829
    74.947,    30.842
    75.228,    30.854
    75.508,    30.865
    75.788,    30.875
    76.067,    30.883
    76.345,    30.891
    76.624,    30.898
    76.901,    30.904
    77.179,    30.909
    77.456,    30.913
    77.732,    30.916
    78.008,    30.918
    78.283,    30.919
    78.558,    30.919
    78.833,    30.918
    79.107,    30.916
    79.381,    30.913
    79.654,    30.909
    79.926,    30.904
    80.199,    30.899
    80.471,    30.892
    80.742,    30.884
    81.013,    30.875
    81.283,    30.866
    81.553,    30.855
    81.823,    30.843
    82.092,    30.831
    82.361,    30.817
    82.629,    30.803
    82.897,    30.787
    83.164,    30.771
    83.431,    30.753
    83.698,    30.735
    83.964,    30.716
    84.230,    30.696
    84.495,    30.674
    84.760,    30.652
    85.024,    30.629
    85.288,    30.605
    85.552,    30.581
    85.815,    30.555
    86.078,    30.528
    86.340,    30.500
    86.602,    30.472
    86.863,    30.442
    87.124,    30.412
    87.385,    30.380
    87.645,    30.348
    87.905,    30.315
    88.164,    30.281
    88.423,    30.246
    88.682,    30.210
    88.940,    30.173
    89.198,    30.135
    89.455,    30.096
    89.712,    30.057
    89.968,    30.016
    90.224,    29.975
    90.480,    29.932
    90.736,    29.889
    90.990,    29.845
    91.245,    29.800
    91.499,    29.754
    91.753,    29.707
    92.006,    29.660
    92.259,    29.611
    92.512,    29.562
    92.764,    29.511
    93.015,    29.460
    93.267,    29.408
    93.518,    29.355
    93.768,    29.301
    94.019,    29.246
    94.268,    29.191
    94.518,    29.134
    94.767,    29.077
    95.015,    29.018
    95.264,    28.959
    95.512,    28.899
    95.759,    28.838
    96.006,    28.777
    96.253,    28.714
    96.499,    28.650
    96.745,    28.586
    96.991,    28.521
    97.236,    28.455
    97.481,    28.388
    97.726,    28.320
    97.970,    28.252
    98.213,    28.182
    98.457,    28.112
    98.700,    28.041
    98.942,    27.969
    99.185,    27.896
    99.427,    27.822
    99.668,    27.747
    99.909,    27.672
   100.150,    27.596
   100.390,    27.519
   100.630,    27.441
   100.870,    27.362
   101.110,    27.282
   101.349,    27.202
   101.587,    27.121
   101.825,    27.039
   102.063,    26.956
   102.301,    26.872
   102.538,    26.787
   102.775,    26.702
   103.011,    26.616
   103.247,    26.529
   103.483,    26.441
   103.719,    26.352
   103.954,    26.263
   104.188,    26.172
   104.423,    26.081
   104.657,    25.989
   104.890,    25.897
   105.124,    25.803
   105.357,    25.709
   105.589,    25.614
   105.821,    25.518
   106.053,    25.421
   106.285,    25.323
   106.516,    25.225
   106.747,    25.126
   106.977,    25.026
   107.208,    24.925
   107.437,    24.823
   107.667,    24.721
   107.896,    24.618
   108.125,    24.514
   108.353,    24.409
   108.581,    24.304
   108.809,    24.197
   109.037,    24.090
   109.264,    23.983
   109.490,    23.874
   109.717,    23.765
   109.943,    23.654
   110.169,    23.543
   110.394,    23.432
   110.619,    23.319
   110.844,    23.206
   111.068,    23.092
   111.292,    22.977
   111.516,    22.861
   111.740,    22.745
   111.963,    22.628
   112.185,    22.510
   112.408,    22.391
   112.630,    22.272
   112.852,    22.152
   113.073,    22.031
   113.294,    21.909
   113.515,    21.787
   113.736,    21.663
   113.956,    21.540
   114.175,    21.415
   114.395,    21.289
   114.614,    21.163
   114.833,    21.036
   115.051,    20.909
   115.270,    20.780
   115.487,    20.651
   115.705,    20.521
   115.922,    20.390
   116.139,    20.259
   116.356,    20.127
   116.572,    19.994
   116.788,    19.861
   117.003,    19.726
   117.219,    19.591
   117.434,    19.455
   117.648,    19.319
   117.863,    19.182
   118.077,    19.044
   118.290,    18.905
   118.504,    18.766
   118.717,    18.626
   118.929,    18.485
   119.142,    18.343
   119.354,    18.201
   119.566,    18.058
   119.777,    17.914
   119.988,    17.770
   120.199,    17.625
   120.410,    17.479
   120.620,    17.332
   120.830,    17.185
   121.040,    17.037
   121.249,    16.889
   121.458,    16.739
   121.667,    16.589
   121.875,    16.439
   122.083,    16.287
   122.291,    16.135
   122.498,    15.982
   122.705,    15.829
   122.912,    15.675
   123.119,    15.520
   123.325,    15.364
   123.531,    15.208
   123.736,    15.051
   123.942,    14.893
   124.147,    14.735
   124.351,    14.576
   124.556,    14.417
   124.760,    14.256
   124.964,    14.095
   125.167,    13.933
   125.370,    13.771
   125.573,    13.608
   125.776,    13.444
   125.978,    13.280
   126.180,    13.115
   126.382,    12.949
   126.583,    12.783
   126.784,    12.616
   126.985,    12.448
   127.185,    12.280
   127.385,    12.111
   127.585,    11.941
   127.785,    11.771
   127.984,    11.600
   128.183,    11.428
   128.382,    11.256
   128.580,    11.083
   128.778,    10.910
   128.976,    10.735
   129.174,    10.561
   129.371,    10.385
   129.568,    10.209
   129.764,    10.032
   129.961,     9.855
   130.157,     9.677
   130.352,     9.498
   130.548,     9.319
   130.743,     9.139
   130.938,     8.958
   131.133,     8.777
   131.327,     8.595
   131.521,     8.413
   131.715,     8.230
   131.908,     8.046
   132.101,     7.861
   132.294,     7.676
   132.486,     7.491
   132.679,     7.305
   132.871,     7.118
   133.062,     6.930
   133.254,     6.742
   133.445,     6.554
   133.636,     6.364
   133.826,     6.174
   134.017,     5.984
   134.207,     5.793
   134.396,     5.601
   134.586,     5.409
   134.775,     5.216
   134.964,     5.022
   135.152,     4.828
   135.340,     4.633
   135.528,     4.438
   135.716,     4.242
   135.904,     4.046
   136.091,     3.849
   136.278,     3.651
   136.464,     3.452
   136.651,     3.254
   136.837,     3.054
   137.022,     2.854
   137.208,     2.653
   137.393,     2.452
   137.578,     2.250
   137.763,     2.048
   137.947,     1.845
   138.131,     1.641
   138.315,     1.437
   138.498,     1.233
   138.682,     1.027
   138.865,     0.821
   139.047,     0.615
   139.230,     0.408
   139.412,     0.200
