     0.000,     0.000
     0.389,     0.315
     0.777,     0.628
     1.164,     0.940
     1.552,     1.250
     1.938,     1.558
     2.325,     1.866
     2.711,     2.171
     3.096,     2.476
     3.481,     2.779
     3.866,     3.080
     4.250,     3.380
     4.634,     3.678
     5.017,     3.975
     5.400,     4.271
     5.782,     4.565
     6.164,     4.857
     6.546,     5.149
     6.927,     5.438
     7.308,     5.727
     7.688,     6.013
     8.068,     6.299
     8.447,     6.583
     8.826,     6.865
     9.205,     7.147
     9.583,     7.426
     9.961,     7.705
    10.338,     7.982
    10.715,     8.257
    11.091,     8.531
    11.467,     8.804
    11.843,     9.075
    12.218,     9.345
    12.593,     9.613
    12.968,     9.880
    13.342,    10.146
    13.715,    10.410
    14.089,    10.673
    14.461,    10.934
    14.834,    11.194
    15.206,    11.453
    15.577,    11.710
    15.949,    11.966
    16.319,    12.221
    16.690,    12.474
    17.060,    12.726
    17.429,    12.976
    17.799,    13.225
    18.167,    13.473
    18.536,    13.719
    18.904,    13.964
    19.271,    14.208
    19.638,    14.450
    20.005,    14.691
    20.372,    14.930
    20.738,    15.169
    21.103,    15.405
    21.469,    15.641
    21.833,    15.875
    22.198,    16.108
    22.562,    16.339
    22.925,    16.569
    23.289,    16.798
    23.652,    17.026
    24.014,    17.252
    24.376,    17.476
    24.738,    17.700
    25.099,    17.922
    25.460,    18.143
    25.821,    18.362
    26.181,    18.580
    26.541,    18.797
    26.900,    19.013
    27.259,    19.227
    27.618,    19.440
    27.976,    19.651
    28.334,    19.861
    28.691,    20.070
    29.048,    20.278
    29.405,    20.484
    29.761,    20.689
    30.117,    20.893
    30.473,    21.095
    30.828,    21.297
    31.183,    21.496
    31.537,    21.695
    31.891,    21.892
    32.245,    22.088
    32.598,    22.283
    32.951,    22.476
    33.303,    22.668
    33.655,    22.859
    34.007,    23.048
    34.359,    23.237
    34.710,    23.424
    35.060,    23.609
    35.410,    23.794
    35.760,    23.977
    36.110,    24.159
    36.459,    24.339
    36.808,    24.519
    37.156,    24.697
    37.504,    24.874
    37.852,    25.049
    38.199,    25.223
    38.546,    25.396
    38.892,    25.568
    39.238,    25.739
    39.584,    25.908
    39.929,    26.076
    40.274,    26.243
    40.619,    26.408
    40.963,    26.573
    41.307,    26.736
    41.651,    26.897
    41.994,    27.058
    42.337,    27.217
    42.679,    27.375
    43.021,    27.532
    43.363,    27.688
    43.704,    27.842
    44.045,    27.995
    44.386,    28.147
    44.726,    28.298
    45.066,    28.447
    45.405,    28.596
    45.744,    28.743
    46.083,    28.889
    46.421,    29.033
    46.759,    29.177
    47.097,    29.319
    47.434,    29.460
    47.771,    29.599
    48.108,    29.738
    48.444,    29.875
    48.780,    30.012
    49.115,    30.146
    49.450,    30.280
    49.785,    30.413
    50.119,    30.544
    50.453,    30.674
    50.787,    30.803
    51.120,    30.931
    51.453,    31.058
    51.786,    31.183
    52.118,    31.307
    52.450,    31.430
    52.781,    31.552
    53.113,    31.673
    53.443,    31.792
    53.774,    31.911
    54.104,    32.028
    54.434,    32.144
    54.763,    32.259
    55.092,    32.372
    55.421,    32.485
    55.749,    32.596
    56.077,    32.706
    56.405,    32.815
    56.732,    32.923
    57.059,    33.030
    57.385,    33.135
    57.712,    33.240
    58.038,    33.343
    58.363,    33.445
    58.688,    33.546
    59.013,    33.646
    59.338,    33.744
    59.662,    33.842
    59.986,    33.938
    60.309,    34.034
    60.632,    34.128
    60.955,    34.221
    61.277,    34.312
    61.600,    34.403
    61.921,    34.493
    62.243,    34.581
    62.564,    34.668
    62.885,    34.755
    63.205,    34.840
    63.525,    34.924
    63.845,    35.007
    64.164,    35.088
    64.483,    35.169
    64.802,    35.248
    65.120,    35.327
    65.439,    35.404
    65.756,    35.480
    66.074,    35.555
    66.391,    35.629
    66.708,    35.702
    67.024,    35.774
    67.340,    35.845
    67.656,    35.914
    67.971,    35.983
    68.286,    36.050
    68.601,    36.117
    68.916,    36.182
    69.230,    36.246
    69.544,    36.309
    69.857,    36.371
    70.170,    36.432
    70.483,    36.492
    70.796,    36.551
    71.108,    36.608
    71.420,    36.665
    71.731,    36.721
    72.043,    36.775
    72.354,    36.828
    72.664,    36.881
    72.975,    36.932
    73.285,    36.982
    73.594,    37.031
    73.904,    37.080
    74.213,    37.127
    74.522,    37.173
    74.830,    37.218
    75.138,    37.261
    75.446,    37.304
    75.754,    37.346
    76.061,    37.387
    76.368,    37.426
    76.674,    37.465
    76.981,    37.503
    77.287,    37.539
    77.592,    37.575
    77.898,    37.609
    78.203,    37.643
    78.508,    37.675
    78.812,    37.707
    79.116,    37.737
    79.420,    37.766
    79.724,    37.795
    80.027,    37.822
    80.330,    37.848
    80.633,    37.873
    80.935,    37.898
    81.238,    37.921
    81.539,    37.943
    81.841,    37.964
    82.142,    37.984
    82.443,    38.003
    82.744,    38.022
    83.044,    38.039
    83.344,    38.055
    83.644,    38.070
    83.943,    38.084
    84.243,    38.097
    84.542,    38.109
    84.840,    38.120
    85.139,    38.130
    85.437,    38.140
    85.734,    38.148
    86.032,    38.155
    86.329,    38.161
    86.626,    38.166
    86.923,    38.170
    87.219,    38.173
    87.515,    38.176
    87.811,    38.177
    88.107,    38.177
    88.402,    38.176
    88.697,    38.174
    88.992,    38.172
    89.286,    38.168
    89.580,    38.163
    89.874,    38.158
    90.168,    38.151
    90.461,    38.143
    90.754,    38.135
    91.047,    38.125
    91.339,    38.115
    91.632,    38.103
    91.924,    38.091
    92.215,    38.078
    92.507,    38.063
    92.798,    38.048
    93.089,    38.032
    93.379,    38.014
    93.670,    37.996
    93.960,    37.977
    94.250,    37.957
    94.539,    37.936
    94.828,    37.914
    95.118,    37.891
    95.406,    37.867
    95.695,    37.842
    95.983,    37.817
    96.271,    37.790
    96.559,    37.762
    96.846,    37.734
    97.133,    37.704
    97.420,    37.674
    97.707,    37.642
    97.993,    37.610
    98.280,    37.577
    98.565,    37.542
    98.851,    37.507
    99.136,    37.471
    99.422,    37.434
    99.706,    37.396
    99.991,    37.357
   100.275,    37.318
   100.560,    37.277
   100.843,    37.235
   101.127,    37.193
   101.410,    37.149
   101.693,    37.105
   101.976,    37.060
   102.259,    37.013
   102.541,    36.966
   102.823,    36.918
   103.105,    36.869
   103.387,    36.819
   103.668,    36.769
   103.949,    36.717
   104.230,    36.664
   104.510,    36.611
   104.791,    36.557
   105.071,    36.501
   105.351,    36.445
   105.630,    36.388
   105.910,    36.330
   106.189,    36.271
   106.468,    36.212
   106.746,    36.151
   107.025,    36.089
   107.303,    36.027
   107.581,    35.964
   107.858,    35.899
   108.136,    35.834
   108.413,    35.768
   108.690,    35.701
   108.966,    35.634
   109.243,    35.565
   109.519,    35.496
   109.795,    35.425
   110.071,    35.354
   110.346,    35.282
   110.621,    35.209
   110.896,    35.135
   111.171,    35.060
   111.446,    34.984
   111.720,    34.908
   111.994,    34.831
   112.268,    34.752
   112.541,    34.673
   112.815,    34.593
   113.088,    34.512
   113.360,    34.431
   113.633,    34.348
   113.905,    34.265
   114.178,    34.180
   114.449,    34.095
   114.721,    34.009
   114.993,    33.922
   115.264,    33.835
   115.535,    33.746
   115.806,    33.657
   116.076,    33.566
   116.346,    33.475
   116.616,    33.383
   116.886,    33.290
   117.156,    33.197
   117.425,    33.102
   117.694,    33.007
   117.963,    32.911
   118.232,    32.814
   118.500,    32.716
   118.768,    32.617
   119.036,    32.518
   119.304,    32.417
   119.571,    32.316
   119.839,    32.214
   120.106,    32.111
   120.373,    32.008
   120.639,    31.903
   120.906,    31.798
   121.172,    31.692
   121.438,    31.585
   121.703,    31.477
   121.969,    31.368
   122.234,    31.259
   122.499,    31.148
   122.764,    31.037
   123.028,    30.925
   123.293,    30.813
   123.557,    30.699
   123.820,    30.585
   124.084,    30.470
   124.348,    30.354
   124.611,    30.237
   124.874,    30.119
   125.136,    30.001
   125.399,    29.882
   125.661,    29.762
   125.923,    29.641
   126.185,    29.519
   126.447,    29.397
   126.708,    29.273
   126.969,    29.149
   127.230,    29.025
   127.491,    28.899
   127.752,    28.773
   128.012,    28.645
   128.272,    28.517
   128.532,    28.389
   128.792,    28.259
   129.051,    28.129
   129.310,    27.998
   129.569,    27.866
   129.828,    27.733
   130.086,    27.599
   130.345,    27.465
   130.603,    27.330
   130.861,    27.194
   131.118,    27.058
   131.376,    26.920
   131.633,    26.782
   131.890,    26.643
   132.147,    26.503
   132.403,    26.363
   132.660,    26.222
   132.916,    26.080
   133.172,    25.937
   133.428,    25.793
   133.683,    25.649
   133.938,    25.504
   134.193,    25.358
   134.448,    25.211
   134.703,    25.064
   134.957,    24.916
   135.211,    24.767
   135.465,    24.617
   135.719,    24.467
   135.973,    24.316
   136.226,    24.164
   136.479,    24.011
   136.732,    23.858
   136.985,    23.704
   137.237,    23.549
   137.489,    23.393
   137.741,    23.237
   137.993,    23.080
   138.245,    22.922
   138.496,    22.763
   138.748,    22.604
   138.999,    22.444
   139.249,    22.283
   139.500,    22.121
   139.750,    21.959
   140.000,    21.796
   140.250,    21.632
   140.500,    21.468
   140.750,    21.302
   140.999,    21.136
   141.248,    20.970
   141.497,    20.802
   141.745,    20.634
   141.994,    20.465
   142.242,    20.296
   142.490,    20.125
   142.738,    19.954
   142.986,    19.783
   143.233,    19.610
   143.480,    19.437
   143.727,    19.263
   143.974,    19.089
   144.221,    18.913
   144.467,    18.737
   144.713,    18.561
   144.959,    18.383
   145.205,    18.205
   145.450,    18.026
   145.696,    17.847
   145.941,    17.666
   146.186,    17.485
   146.430,    17.304
   146.675,    17.121
   146.919,    16.938
   147.163,    16.754
   147.407,    16.570
   147.651,    16.385
   147.894,    16.199
   148.138,    16.012
   148.381,    15.825
   148.624,    15.637
   148.866,    15.449
   149.109,    15.259
   149.351,    15.069
   149.593,    14.879
   149.835,    14.687
   150.076,    14.495
   150.318,    14.303
   150.559,    14.109
   150.800,    13.915
   151.041,    13.721
   151.282,    13.525
   151.522,    13.329
   151.762,    13.132
   152.002,    12.935
   152.242,    12.737
   152.482,    12.538
   152.721,    12.338
   152.960,    12.138
   153.199,    11.938
   153.438,    11.736
   153.677,    11.534
   153.915,    11.331
   154.153,    11.128
   154.392,    10.924
   154.629,    10.719
   154.867,    10.514
   155.104,    10.307
   155.342,    10.101
   155.579,     9.893
   155.815,     9.685
   156.052,     9.477
   156.289,     9.267
   156.525,     9.057
   156.761,     8.847
   156.997,     8.635
   157.232,     8.423
   157.468,     8.211
   157.703,     7.998
   157.938,     7.784
   158.173,     7.569
   158.408,     7.354
   158.642,     7.138
   158.876,     6.922
   159.110,     6.705
   159.344,     6.487
   159.578,     6.269
   159.812,     6.050
   160.045,     5.830
   160.278,     5.610
   160.511,     5.389
   160.744,     5.168
   160.976,     4.946
   161.208,     4.723
   161.441,     4.500
   161.673,     4.276
   161.904,     4.051
   162.136,     3.826
   162.367,     3.600
   162.599,     3.373
   162.829,     3.146
   163.060,     2.919
   163.291,     2.690
   163.521,     2.461
   163.752,     2.232
   163.982,     2.002
   164.211,     1.771
   164.441,     1.539
   164.671,     1.307
   164.900,     1.075
   165.129,     0.842
   165.358,     0.608
   165.587,     0.373
   165.815,     0.138
