     0.000,     1.000,     0.000
     0.010,     0.990,    -1.000
     0.020,     0.970,    -1.970
     0.030,     0.941,    -2.884
     0.040,     0.904,    -3.718
     0.050,     0.860,    -4.458
     0.060,     0.809,    -5.093
     0.070,     0.753,    -5.622
     0.080,     0.692,    -6.048
     0.090,     0.628,    -6.380
     0.100,     0.562,    -6.628
     0.110,     0.494,    -6.805
     0.120,     0.425,    -6.926
     0.130,     0.355,    -7.002
     0.140,     0.284,    -7.047
     0.150,     0.213,    -7.070
     0.160,     0.143,    -7.080
     0.170,     0.072,    -7.083
     0.180,     0.001,    -7.083
     0.190,    -0.070,    -7.083
     0.200,    -0.141,    -7.083
     0.210,    -0.211,    -7.080
     0.220,    -0.282,    -7.070
     0.230,    -0.353,    -7.048
     0.240,    -0.423,    -7.004
     0.250,    -0.492,    -6.929
     0.260,    -0.560,    -6.810
     0.270,    -0.626,    -6.634
     0.280,    -0.690,    -6.388
     0.290,    -0.751,    -6.059
     0.300,    -0.807,    -5.636
     0.310,    -0.858,    -5.110
     0.320,    -0.903,    -4.478
     0.330,    -0.940,    -3.741
     0.340,    -0.970,    -2.909
     0.350,    -0.990,    -1.998
     0.360,    -1.000,    -1.029
     0.370,    -1.000,    -0.029
     0.380,    -0.990,     0.971
     0.390,    -0.971,     1.943
     0.400,    -0.942,     2.858
     0.410,    -0.905,     3.695
     0.420,    -0.861,     4.438
     0.430,    -0.810,     5.076
     0.440,    -0.754,     5.608
     0.450,    -0.694,     6.037
     0.460,    -0.630,     6.371
     0.470,    -0.564,     6.622
     0.480,    -0.496,     6.801
     0.490,    -0.427,     6.923
     0.500,    -0.357,     7.001
     0.510,    -0.286,     7.046
     0.520,    -0.216,     7.069
     0.530,    -0.145,     7.079
     0.540,    -0.074,     7.083
     0.550,    -0.003,     7.083
     0.560,     0.068,     7.083
     0.570,     0.139,     7.083
     0.580,     0.209,     7.080
     0.590,     0.280,     7.071
     0.600,     0.351,     7.049
     0.610,     0.421,     7.006
     0.620,     0.490,     6.931
     0.630,     0.558,     6.814
     0.640,     0.624,     6.640
     0.650,     0.688,     6.396
     0.660,     0.749,     6.070
     0.670,     0.806,     5.650
     0.680,     0.857,     5.127
     0.690,     0.902,     4.498
     0.700,     0.940,     3.764
     0.710,     0.969,     2.935
     0.720,     0.989,     2.026
     0.730,     1.000,     1.058
     0.740,     1.000,     0.059
     0.750,     0.991,    -0.942
     0.760,     0.972,    -1.915
     0.770,     0.943,    -2.832
     0.780,     0.907,    -3.672
     0.790,     0.862,    -4.417
     0.800,     0.812,    -5.059
     0.810,     0.756,    -5.594
     0.820,     0.696,    -6.026
     0.830,     0.632,    -6.363
     0.840,     0.566,    -6.615
     0.850,     0.498,    -6.797
     0.860,     0.429,    -6.920
     0.870,     0.359,    -6.999
     0.880,     0.288,    -7.045
     0.890,     0.218,    -7.069
     0.900,     0.147,    -7.079
     0.910,     0.076,    -7.082
     0.920,     0.005,    -7.083
     0.930,    -0.066,    -7.083
     0.940,    -0.136,    -7.083
     0.950,    -0.207,    -7.080
     0.960,    -0.278,    -7.071
     0.970,    -0.348,    -7.050
     0.980,    -0.419,    -7.007
     0.990,    -0.488,    -6.934
     1.000,    -0.556,    -6.818
     1.010,    -0.623,    -6.646
     1.020,    -0.687,    -6.405
     1.030,    -0.747,    -6.081
     1.040,    -0.804,    -5.664
     1.050,    -0.855,    -5.144
     1.060,    -0.901,    -4.518
     1.070,    -0.939,    -3.787
     1.080,    -0.968,    -2.960
     1.090,    -0.989,    -2.053
     1.100,    -1.000,    -1.087
     1.110,    -1.000,    -0.088
     1.120,    -0.991,     0.913
     1.130,    -0.972,     1.887
     1.140,    -0.944,     2.807
     1.150,    -0.908,     3.649
     1.160,    -0.864,     4.397
     1.170,    -0.813,     5.042
     1.180,    -0.758,     5.580
     1.190,    -0.698,     6.015
     1.200,    -0.634,     6.354
     1.210,    -0.568,     6.609
     1.220,    -0.500,     6.792
     1.230,    -0.431,     6.917
     1.240,    -0.361,     6.997
     1.250,    -0.290,     7.044
     1.260,    -0.220,     7.069
     1.270,    -0.149,     7.079
     1.280,    -0.078,     7.082
     1.290,    -0.007,     7.083
     1.300,     0.064,     7.083
     1.310,     0.134,     7.083
     1.320,     0.205,     7.080
     1.330,     0.276,     7.072
     1.340,     0.346,     7.051
     1.350,     0.417,     7.009
     1.360,     0.486,     6.937
     1.370,     0.554,     6.822
     1.380,     0.621,     6.652
     1.390,     0.685,     6.413
     1.400,     0.746,     6.092
     1.410,     0.802,     5.677
     1.420,     0.854,     5.160
     1.430,     0.899,     4.537
     1.440,     0.938,     3.810
     1.450,     0.967,     2.986
     1.460,     0.988,     2.081
     1.470,     0.999,     1.116
     1.480,     1.001,     0.118
     1.490,     0.992,    -0.884
     1.500,     0.973,    -1.859
     1.510,     0.945,    -2.781
     1.520,     0.909,    -3.625
     1.530,     0.865,    -4.377
     1.540,     0.815,    -5.024
     1.550,     0.759,    -5.566
     1.560,     0.699,    -6.004
     1.570,     0.636,    -6.346
     1.580,     0.570,    -6.603
     1.590,     0.502,    -6.788
     1.600,     0.433,    -6.914
     1.610,     0.363,    -6.995
     1.620,     0.292,    -7.043
     1.630,     0.222,    -7.068
     1.640,     0.151,    -7.079
     1.650,     0.080,    -7.082
     1.660,     0.009,    -7.083
     1.670,    -0.062,    -7.083
     1.680,    -0.132,    -7.083
     1.690,    -0.203,    -7.080
     1.700,    -0.274,    -7.072
     1.710,    -0.344,    -7.051
     1.720,    -0.414,    -7.011
     1.730,    -0.484,    -6.939
     1.740,    -0.552,    -6.826
     1.750,    -0.619,    -6.658
     1.760,    -0.683,    -6.421
     1.770,    -0.744,    -6.102
     1.780,    -0.801,    -5.691
     1.790,    -0.853,    -5.177
     1.800,    -0.898,    -4.557
     1.810,    -0.937,    -3.833
     1.820,    -0.967,    -3.011
     1.830,    -0.988,    -2.108
     1.840,    -0.999,    -1.144
     1.850,    -1.001,    -0.147
     1.860,    -0.992,     0.855
     1.870,    -0.974,     1.831
     1.880,    -0.946,     2.755
     1.890,    -0.910,     3.602
     1.900,    -0.867,     4.356
     1.910,    -0.817,     5.007
     1.920,    -0.761,     5.551
     1.930,    -0.701,     5.992
     1.940,    -0.638,     6.337
     1.950,    -0.572,     6.596
     1.960,    -0.504,     6.783
     1.970,    -0.435,     6.911
     1.980,    -0.365,     6.993
     1.990,    -0.295,     7.042
     2.000,    -0.224,     7.068
     2.010,    -0.153,     7.079
     2.020,    -0.082,     7.082
     2.030,    -0.011,     7.083
     2.040,     0.059,     7.083
     2.050,     0.130,     7.083
     2.060,     0.201,     7.080
     2.070,     0.272,     7.072
     2.080,     0.342,     7.052
     2.090,     0.412,     7.012
     2.100,     0.482,     6.942
     2.110,     0.550,     6.830
     2.120,     0.617,     6.664
     2.130,     0.681,     6.429
     2.140,     0.742,     6.113
     2.150,     0.799,     5.704
     2.160,     0.851,     5.194
     2.170,     0.897,     4.577
     2.180,     0.936,     3.855
     2.190,     0.966,     3.036
     2.200,     0.987,     2.135
     2.210,     0.999,     1.173
     2.220,     1.001,     0.176
     2.230,     0.992,    -0.826
     2.240,     0.974,    -1.804
     2.250,     0.947,    -2.729
     2.260,     0.911,    -3.578
     2.270,     0.868,    -4.335
     2.280,     0.818,    -4.989
     2.290,     0.763,    -5.537
     2.300,     0.703,    -5.981
     2.310,     0.640,    -6.328
     2.320,     0.574,    -6.590
     2.330,     0.506,    -6.779
     2.340,     0.437,    -6.908
     2.350,     0.367,    -6.992
     2.360,     0.297,    -7.041
     2.370,     0.226,    -7.067
     2.380,     0.155,    -7.079
     2.390,     0.084,    -7.082
     2.400,     0.013,    -7.083
     2.410,    -0.057,    -7.083
     2.420,    -0.128,    -7.083
     2.430,    -0.199,    -7.081
     2.440,    -0.270,    -7.073
     2.450,    -0.340,    -7.053
     2.460,    -0.410,    -7.014
     2.470,    -0.480,    -6.945
     2.480,    -0.548,    -6.834
     2.490,    -0.615,    -6.669
     2.500,    -0.679,    -6.437
     2.510,    -0.740,    -6.124
     2.520,    -0.798,    -5.717
     2.530,    -0.850,    -5.210
     2.540,    -0.896,    -4.596
     2.550,    -0.935,    -3.878
     2.560,    -0.965,    -3.062
     2.570,    -0.987,    -2.163
     2.580,    -0.999,    -1.202
     2.590,    -1.001,    -0.206
     2.600,    -0.993,     0.797
     2.610,    -0.975,     1.776
     2.620,    -0.948,     2.703
     2.630,    -0.913,     3.555
     2.640,    -0.869,     4.315
     2.650,    -0.820,     4.972
     2.660,    -0.764,     5.522
     2.670,    -0.705,     5.969
     2.680,    -0.642,     6.319
     2.690,    -0.576,     6.583
     2.700,    -0.508,     6.774
     2.710,    -0.439,     6.905
     2.720,    -0.369,     6.990
     2.730,    -0.299,     7.040
     2.740,    -0.228,     7.067
     2.750,    -0.157,     7.078
     2.760,    -0.086,     7.082
     2.770,    -0.016,     7.083
     2.780,     0.055,     7.083
     2.790,     0.126,     7.083
     2.800,     0.197,     7.081
     2.810,     0.268,     7.073
     2.820,     0.338,     7.054
     2.830,     0.408,     7.015
     2.840,     0.478,     6.947
     2.850,     0.546,     6.838
     2.860,     0.613,     6.675
     2.870,     0.677,     6.445
     2.880,     0.739,     6.134
     2.890,     0.796,     5.731
     2.900,     0.848,     5.226
     2.910,     0.894,     4.616
     2.920,     0.933,     3.900
     2.930,     0.964,     3.087
     2.940,     0.986,     2.190
     2.950,     0.999,     1.231
     2.960,     1.001,     0.235
     2.970,     0.993,    -0.768
     2.980,     0.976,    -1.748
     2.990,     0.949,    -2.677
     3.000,     0.914,    -3.531
     3.010,     0.871,    -4.294
     3.020,     0.821,    -4.954
     3.030,     0.766,    -5.508
     3.040,     0.707,    -5.957
     3.050,     0.643,    -6.310
     3.060,     0.578,    -6.577
     3.070,     0.510,    -6.769
     3.080,     0.441,    -6.902
     3.090,     0.371,    -6.988
     3.100,     0.301,    -7.039
     3.110,     0.230,    -7.066
     3.120,     0.159,    -7.078
     3.130,     0.088,    -7.082
     3.140,     0.018,    -7.083
     3.150,    -0.053,    -7.083
     3.160,    -0.124,    -7.083
     3.170,    -0.195,    -7.081
     3.180,    -0.266,    -7.073
     3.190,    -0.336,    -7.055
     3.200,    -0.406,    -7.017
     3.210,    -0.476,    -6.950
     3.220,    -0.544,    -6.842
     3.230,    -0.611,    -6.681
     3.240,    -0.676,    -6.453
     3.250,    -0.737,    -6.144
     3.260,    -0.794,    -5.744
     3.270,    -0.847,    -5.243
     3.280,    -0.893,    -4.635
     3.290,    -0.932,    -3.923
     3.300,    -0.964,    -3.112
     3.310,    -0.986,    -2.217
     3.320,    -0.998,    -1.259
     3.330,    -1.001,    -0.264
     3.340,    -0.994,     0.739
     3.350,    -0.976,     1.719
     3.360,    -0.950,     2.650
     3.370,    -0.915,     3.507
     3.380,    -0.872,     4.273
     3.390,    -0.823,     4.936
     3.400,    -0.768,     5.493
     3.410,    -0.708,     5.946
     3.420,    -0.645,     6.301
     3.430,    -0.580,     6.570
     3.440,    -0.512,     6.765
     3.450,    -0.443,     6.899
     3.460,    -0.373,     6.986
     3.470,    -0.303,     7.038
     3.480,    -0.232,     7.065
     3.490,    -0.161,     7.078
     3.500,    -0.090,     7.082
     3.510,    -0.020,     7.083
     3.520,     0.051,     7.083
     3.530,     0.122,     7.083
     3.540,     0.193,     7.081
     3.550,     0.264,     7.074
     3.560,     0.334,     7.055
     3.570,     0.404,     7.018
     3.580,     0.474,     6.952
     3.590,     0.542,     6.846
     3.600,     0.609,     6.686
     3.610,     0.674,     6.460
     3.620,     0.735,     6.155
     3.630,     0.793,     5.757
     3.640,     0.845,     5.259
     3.650,     0.892,     4.654
     3.660,     0.931,     3.945
     3.670,     0.963,     3.137
     3.680,     0.985,     2.244
     3.690,     0.998,     1.288
     3.700,     1.001,     0.294
     3.710,     0.994,    -0.709
     3.720,     0.977,    -1.691
     3.730,     0.951,    -2.624
     3.740,     0.916,    -3.484
     3.750,     0.873,    -4.252
     3.760,     0.824,    -4.918
     3.770,     0.769,    -5.478
     3.780,     0.710,    -5.934
     3.790,     0.647,    -6.292
     3.800,     0.582,    -6.563
     3.810,     0.514,    -6.760
     3.820,     0.445,    -6.896
     3.830,     0.375,    -6.984
     3.840,     0.305,    -7.037
     3.850,     0.234,    -7.065
     3.860,     0.163,    -7.078
     3.870,     0.093,    -7.082
     3.880,     0.022,    -7.083
     3.890,    -0.049,    -7.083
     3.900,    -0.120,    -7.083
     3.910,    -0.191,    -7.081
     3.920,    -0.261,    -7.074
     3.930,    -0.332,    -7.056
     3.940,    -0.402,    -7.020
     3.950,    -0.472,    -6.955
     3.960,    -0.540,    -6.850
     3.970,    -0.607,    -6.692
     3.980,    -0.672,    -6.468
     3.990,    -0.734,    -6.165
     4.000,    -0.791,    -5.770
     4.010,    -0.844,    -5.275
     4.020,    -0.891,    -4.674
     4.030,    -0.930,    -3.967
     4.040,    -0.962,    -3.162
     4.050,    -0.985,    -2.271
     4.060,    -0.998,    -1.317
     4.070,    -1.001,    -0.323
     4.080,    -0.994,     0.680
     4.090,    -0.978,     1.663
     4.100,    -0.952,     2.598
     4.110,    -0.917,     3.460
     4.120,    -0.875,     4.231
     4.130,    -0.826,     4.900
     4.140,    -0.771,     5.463
     4.150,    -0.712,     5.922
     4.160,    -0.649,     6.283
     4.170,    -0.584,     6.556
     4.180,    -0.516,     6.755
     4.190,    -0.447,     6.892
     4.200,    -0.377,     6.982
     4.210,    -0.307,     7.035
     4.220,    -0.236,     7.064
     4.230,    -0.165,     7.078
     4.240,    -0.095,     7.082
     4.250,    -0.024,     7.083
     4.260,     0.047,     7.083
     4.270,     0.118,     7.083
     4.280,     0.189,     7.081
     4.290,     0.259,     7.074
     4.300,     0.330,     7.057
     4.310,     0.400,     7.021
     4.320,     0.470,     6.957
     4.330,     0.538,     6.853
     4.340,     0.605,     6.697
     4.350,     0.670,     6.476
     4.360,     0.732,     6.175
     4.370,     0.790,     5.783
     4.380,     0.843,     5.291
     4.390,     0.889,     4.693
     4.400,     0.929,     3.989
     4.410,     0.961,     3.186
     4.420,     0.984,     2.298
     4.430,     0.998,     1.345
     4.440,     1.001,     0.352
     4.450,     0.995,    -0.651
     4.460,     0.978,    -1.635
     4.470,     0.953,    -2.571
     4.480,     0.918,    -3.436
     4.490,     0.876,    -4.210
     4.500,     0.827,    -4.882
     4.510,     0.773,    -5.449
     4.520,     0.714,    -5.910
     4.530,     0.651,    -6.274
     4.540,     0.585,    -6.549
     4.550,     0.518,    -6.750
     4.560,     0.449,    -6.889
     4.570,     0.379,    -6.980
     4.580,     0.309,    -7.034
     4.590,     0.238,    -7.064
     4.600,     0.168,    -7.077
     4.610,     0.097,    -7.082
     4.620,     0.026,    -7.083
     4.630,    -0.045,    -7.083
     4.640,    -0.116,    -7.083
     4.650,    -0.187,    -7.081
     4.660,    -0.257,    -7.075
     4.670,    -0.328,    -7.058
     4.680,    -0.398,    -7.022
     4.690,    -0.468,    -6.959
     4.700,    -0.536,    -6.857
     4.710,    -0.603,    -6.703
     4.720,    -0.668,    -6.483
     4.730,    -0.730,    -6.185
     4.740,    -0.788,    -5.796
     4.750,    -0.841,    -5.307
     4.760,    -0.888,    -4.712
     4.770,    -0.928,    -4.011
     4.780,    -0.960,    -3.211
     4.790,    -0.984,    -2.325
     4.800,    -0.997,    -1.374
     4.810,    -1.001,    -0.382
     4.820,    -0.995,     0.622
     4.830,    -0.979,     1.607
     4.840,    -0.953,     2.545
     4.850,    -0.919,     3.412
     4.860,    -0.877,     4.189
     4.870,    -0.829,     4.864
     4.880,    -0.774,     5.433
     4.890,    -0.715,     5.898
     4.900,    -0.653,     6.264
     4.910,    -0.587,     6.543
     4.920,    -0.520,     6.745
     4.930,    -0.451,     6.886
     4.940,    -0.381,     6.978
     4.950,    -0.311,     7.033
     4.960,    -0.240,     7.063
     4.970,    -0.170,     7.077
     4.980,    -0.099,     7.082
     4.990,    -0.028,     7.083
     5.000,     0.043,     7.083
     5.010,     0.114,     7.083
     5.020,     0.185,     7.081
     5.030,     0.255,     7.075
     5.040,     0.326,     7.058
     5.050,     0.396,     7.024
     5.060,     0.466,     6.962
     5.070,     0.534,     6.861
     5.080,     0.601,     6.708
     5.090,     0.666,     6.491
     5.100,     0.728,     6.195
     5.110,     0.786,     5.809
     5.120,     0.840,     5.322
     5.130,     0.887,     4.731
     5.140,     0.927,     4.033
     5.150,     0.960,     3.236
     5.160,     0.983,     2.352
     5.170,     0.997,     1.402
     5.180,     1.001,     0.411
     5.190,     0.995,    -0.593
     5.200,     0.980,    -1.579
     5.210,     0.954,    -2.518
     5.220,     0.920,    -3.387
     5.230,     0.879,    -4.167
     5.240,     0.830,    -4.846
     5.250,     0.776,    -5.418
     5.260,     0.717,    -5.886
     5.270,     0.655,    -6.255
     5.280,     0.589,    -6.536
     5.290,     0.522,    -6.740
     5.300,     0.453,    -6.882
     5.310,     0.383,    -6.976
     5.320,     0.313,    -7.032
     5.330,     0.242,    -7.063
     5.340,     0.172,    -7.077
     5.350,     0.101,    -7.082
     5.360,     0.030,    -7.083
     5.370,    -0.041,    -7.083
     5.380,    -0.112,    -7.083
     5.390,    -0.182,    -7.081
     5.400,    -0.253,    -7.075
     5.410,    -0.324,    -7.059
     5.420,    -0.394,    -7.025
     5.430,    -0.464,    -6.964
     5.440,    -0.532,    -6.864
     5.450,    -0.599,    -6.713
     5.460,    -0.664,    -6.498
     5.470,    -0.726,    -6.205
     5.480,    -0.785,    -5.821
     5.490,    -0.838,    -5.338
     5.500,    -0.886,    -4.749
     5.510,    -0.926,    -4.055
     5.520,    -0.959,    -3.261
     5.530,    -0.983,    -2.379
     5.540,    -0.997,    -1.431
     5.550,    -1.001,    -0.440
     5.560,    -0.996,     0.563
     5.570,    -0.980,     1.550
     5.580,    -0.955,     2.492
     5.590,    -0.922,     3.363
     5.600,    -0.880,     4.146
     5.610,    -0.832,     4.828
     5.620,    -0.778,     5.403
     5.630,    -0.719,     5.874
     5.640,    -0.657,     6.245
     5.650,    -0.591,     6.528
     5.660,    -0.524,     6.735
     5.670,    -0.455,     6.879
     5.680,    -0.385,     6.973
     5.690,    -0.315,     7.031
     5.700,    -0.245,     7.062
     5.710,    -0.174,     7.077
     5.720,    -0.103,     7.082
     5.730,    -0.032,     7.083
     5.740,     0.039,     7.083
     5.750,     0.110,     7.083
     5.760,     0.180,     7.082
     5.770,     0.251,     7.076
     5.780,     0.322,     7.060
     5.790,     0.392,     7.027
     5.800,     0.462,     6.966
     5.810,     0.530,     6.868
     5.820,     0.598,     6.719
     5.830,     0.663,     6.505
     5.840,     0.725,     6.215
     5.850,     0.783,     5.834
     5.860,     0.837,     5.354
     5.870,     0.884,     4.768
     5.880,     0.925,     4.077
     5.890,     0.958,     3.285
     5.900,     0.982,     2.406
     5.910,     0.997,     1.459
     5.920,     1.001,     0.470
     5.930,     0.996,    -0.534
     5.940,     0.981,    -1.522
     5.950,     0.956,    -2.465
     5.960,     0.923,    -3.339
     5.970,     0.881,    -4.124
     5.980,     0.833,    -4.809
     5.990,     0.779,    -5.388
     6.000,     0.721,    -5.861
     6.010,     0.658,    -6.236
     6.020,     0.593,    -6.521
     6.030,     0.526,    -6.730
     6.040,     0.457,    -6.876
     6.050,     0.387,    -6.971
     6.060,     0.317,    -7.029
     6.070,     0.247,    -7.061
     6.080,     0.176,    -7.076
     6.090,     0.105,    -7.082
     6.100,     0.034,    -7.083
     6.110,    -0.037,    -7.083
     6.120,    -0.107,    -7.083
     6.130,    -0.178,    -7.082
     6.140,    -0.249,    -7.076
     6.150,    -0.320,    -7.061
     6.160,    -0.390,    -7.028
     6.170,    -0.460,    -6.969
     6.180,    -0.528,    -6.871
     6.190,    -0.596,    -6.724
     6.200,    -0.661,    -6.513
     6.210,    -0.723,    -6.224
     6.220,    -0.781,    -5.846
     6.230,    -0.835,    -5.369
     6.240,    -0.883,    -4.787
     6.250,    -0.924,    -4.098
     6.260,    -0.957,    -3.310
     6.270,    -0.981,    -2.433
     6.280,    -0.996,    -1.488
     6.290,    -1.001,    -0.499
     6.300,    -0.996,     0.505
     6.310,    -0.981,     1.494
     6.320,    -0.957,     2.438
     6.330,    -0.924,     3.315
     6.340,    -0.883,     4.103
     6.350,    -0.835,     4.791
     6.360,    -0.781,     5.372
     6.370,    -0.723,     5.849
     6.380,    -0.660,     6.226
     6.390,    -0.595,     6.514
     6.400,    -0.528,     6.725
     6.410,    -0.459,     6.872
     6.420,    -0.390,     6.969
     6.430,    -0.319,     7.028
     6.440,    -0.249,     7.061
     6.450,    -0.178,     7.076
     6.460,    -0.107,     7.082
     6.470,    -0.036,     7.083
     6.480,     0.035,     7.083
     6.490,     0.105,     7.083
     6.500,     0.176,     7.082
     6.510,     0.247,     7.076
     6.520,     0.318,     7.061
     6.530,     0.388,     7.029
     6.540,     0.458,     6.971
     6.550,     0.526,     6.875
     6.560,     0.594,     6.729
     6.570,     0.659,     6.520
     6.580,     0.721,     6.234
     6.590,     0.780,     5.859
     6.600,     0.834,     5.385
     6.610,     0.882,     4.805
     6.620,     0.923,     4.120
     6.630,     0.956,     3.334
     6.640,     0.981,     2.460
     6.650,     0.996,     1.516
     6.660,     1.001,     0.528
     6.670,     0.996,    -0.476
     6.680,     0.982,    -1.465
     6.690,     0.958,    -2.412
     6.700,     0.925,    -3.290
     6.710,     0.884,    -4.081
     6.720,     0.836,    -4.772
     6.730,     0.783,    -5.357
     6.740,     0.724,    -5.836
     6.750,     0.662,    -6.217
     6.760,     0.597,    -6.507
     6.770,     0.530,    -6.720
     6.780,     0.461,    -6.869
     6.790,     0.392,    -6.967
     6.800,     0.321,    -7.027
     6.810,     0.251,    -7.060
     6.820,     0.180,    -7.076
     6.830,     0.109,    -7.082
     6.840,     0.038,    -7.083
     6.850,    -0.033,    -7.083
     6.860,    -0.103,    -7.083
     6.870,    -0.174,    -7.082
     6.880,    -0.245,    -7.076
     6.890,    -0.316,    -7.062
     6.900,    -0.386,    -7.030
     6.910,    -0.456,    -6.973
     6.920,    -0.524,    -6.878
     6.930,    -0.592,    -6.734
     6.940,    -0.657,    -6.527
     6.950,    -0.719,    -6.243
     6.960,    -0.778,    -5.871
     6.970,    -0.832,    -5.400
     6.980,    -0.880,    -4.824
     6.990,    -0.922,    -4.141
     7.000,    -0.955,    -3.358
     7.010,    -0.980,    -2.486
     7.020,    -0.996,    -1.544
     7.030,    -1.001,    -0.557
     7.040,    -0.997,     0.446
     7.050,    -0.982,     1.437
     7.060,    -0.959,     2.385
     7.070,    -0.926,     3.266
     7.080,    -0.885,     4.059
     7.090,    -0.838,     4.753
     7.100,    -0.784,     5.341
     7.110,    -0.726,     5.824
     7.120,    -0.664,     6.207
     7.130,    -0.599,     6.500
     7.140,    -0.532,     6.715
     7.150,    -0.463,     6.865
     7.160,    -0.394,     6.964
     7.170,    -0.323,     7.025
     7.180,    -0.253,     7.059
     7.190,    -0.182,     7.075
     7.200,    -0.111,     7.081
     7.210,    -0.040,     7.083
     7.220,     0.030,     7.083
     7.230,     0.101,     7.083
     7.240,     0.172,     7.082
     7.250,     0.243,     7.077
     7.260,     0.313,     7.062
     7.270,     0.384,     7.032
     7.280,     0.454,     6.975
     7.290,     0.522,     6.882
     7.300,     0.590,     6.739
     7.310,     0.655,     6.534
     7.320,     0.718,     6.253
     7.330,     0.776,     5.883
     7.340,     0.831,     5.415
     7.350,     0.879,     4.842
     7.360,     0.921,     4.163
     7.370,     0.954,     3.382
     7.380,     0.980,     2.513
     7.390,     0.995,     1.573
     7.400,     1.001,     0.587
     7.410,     0.997,    -0.417
     7.420,     0.983,    -1.408
     7.430,     0.959,    -2.358
     7.440,     0.927,    -3.241
     7.450,     0.887,    -4.038
     7.460,     0.839,    -4.735
     7.470,     0.786,    -5.326
     7.480,     0.728,    -5.811
     7.490,     0.666,    -6.197
     7.500,     0.601,    -6.492
     7.510,     0.534,    -6.709
     7.520,     0.465,    -6.861
     7.530,     0.396,    -6.962
     7.540,     0.325,    -7.024
     7.550,     0.255,    -7.059
     7.560,     0.184,    -7.075
     7.570,     0.113,    -7.081
     7.580,     0.042,    -7.083
     7.590,    -0.028,    -7.083
     7.600,    -0.099,    -7.083
     7.610,    -0.170,    -7.082
     7.620,    -0.241,    -7.077
     7.630,    -0.311,    -7.063
     7.640,    -0.382,    -7.033
     7.650,    -0.452,    -6.977
     7.660,    -0.520,    -6.885
     7.670,    -0.588,    -6.744
     7.680,    -0.653,    -6.541
     7.690,    -0.716,    -6.262
     7.700,    -0.775,    -5.896
     7.710,    -0.829,    -5.430
     7.720,    -0.878,    -4.860
     7.730,    -0.920,    -4.184
     7.740,    -0.954,    -3.407
     7.750,    -0.979,    -2.539
     7.760,    -0.995,    -1.601
     7.770,    -1.001,    -0.616
     7.780,    -0.997,     0.388
     7.790,    -0.984,     1.380
     7.800,    -0.960,     2.331
     7.810,    -0.928,     3.216
     7.820,    -0.888,     4.016
     7.830,    -0.841,     4.716
     7.840,    -0.788,     5.310
     7.850,    -0.730,     5.798
     7.860,    -0.668,     6.187
     7.870,    -0.603,     6.485
     7.880,    -0.536,     6.704
     7.890,    -0.467,     6.858
     7.900,    -0.398,     6.960
     7.910,    -0.327,     7.023
     7.920,    -0.257,     7.058
     7.930,    -0.186,     7.075
     7.940,    -0.115,     7.081
     7.950,    -0.045,     7.083
     7.960,     0.026,     7.083
     7.970,     0.097,     7.083
     7.980,     0.168,     7.082
     7.990,     0.239,     7.077
     8.000,     0.309,     7.064
     8.010,     0.380,     7.034
     8.020,     0.450,     6.979
     8.030,     0.518,     6.888
     8.040,     0.586,     6.749
     8.050,     0.651,     6.548
     8.060,     0.714,     6.272
     8.070,     0.773,     5.908
     8.080,     0.828,     5.445
     8.090,     0.876,     4.879
     8.100,     0.918,     4.205
     8.110,     0.953,     3.431
     8.120,     0.978,     2.566
     8.130,     0.995,     1.629
     8.140,     1.001,     0.645
     8.150,     0.998,    -0.358
     8.160,     0.984,    -1.351
     8.170,     0.961,    -2.304
     8.180,     0.929,    -3.192
     8.190,     0.889,    -3.994
     8.200,     0.842,    -4.697
     8.210,     0.789,    -5.294
     8.220,     0.731,    -5.786
     8.230,     0.670,    -6.177
     8.240,     0.605,    -6.477
     8.250,     0.538,    -6.698
     8.260,     0.469,    -6.854
     8.270,     0.400,    -6.957
     8.280,     0.330,    -7.021
     8.290,     0.259,    -7.057
     8.300,     0.188,    -7.075
     8.310,     0.117,    -7.081
     8.320,     0.047,    -7.083
     8.330,    -0.024,    -7.083
     8.340,    -0.095,    -7.083
     8.350,    -0.166,    -7.082
     8.360,    -0.237,    -7.077
     8.370,    -0.307,    -7.064
     8.380,    -0.378,    -7.035
     8.390,    -0.447,    -6.981
     8.400,    -0.516,    -6.892
     8.410,    -0.584,    -6.754
     8.420,    -0.649,    -6.555
     8.430,    -0.712,    -6.281
     8.440,    -0.771,    -5.920
     8.450,    -0.826,    -5.460
     8.460,    -0.875,    -4.897
     8.470,    -0.917,    -4.227
     8.480,    -0.952,    -3.455
     8.490,    -0.978,    -2.592
     8.500,    -0.994,    -1.657
     8.510,    -1.001,    -0.674
     8.520,    -0.998,     0.329
     8.530,    -0.985,     1.323
     8.540,    -0.962,     2.277
     8.550,    -0.930,     3.167
     8.560,    -0.890,     3.972
     8.570,    -0.844,     4.678
     8.580,    -0.791,     5.278
     8.590,    -0.733,     5.773
     8.600,    -0.671,     6.167
     8.610,    -0.607,     6.470
     8.620,    -0.540,     6.693
     8.630,    -0.471,     6.850
     8.640,    -0.402,     6.955
     8.650,    -0.332,     7.020
     8.660,    -0.261,     7.056
     8.670,    -0.190,     7.074
     8.680,    -0.119,     7.081
     8.690,    -0.049,     7.083
     8.700,     0.022,     7.083
     8.710,     0.093,     7.083
     8.720,     0.164,     7.082
     8.730,     0.235,     7.078
     8.740,     0.305,     7.065
     8.750,     0.376,     7.036
     8.760,     0.445,     6.983
     8.770,     0.514,     6.895
     8.780,     0.582,     6.759
     8.790,     0.648,     6.562
     8.800,     0.711,     6.290
     8.810,     0.770,     5.931
     8.820,     0.825,     5.475
     8.830,     0.874,     4.915
     8.840,     0.916,     4.248
     8.850,     0.951,     3.479
     8.860,     0.977,     2.619
     8.870,     0.994,     1.686
     8.880,     1.001,     0.703
     8.890,     0.998,    -0.300
     8.900,     0.985,    -1.294
     8.910,     0.963,    -2.250
     8.920,     0.931,    -3.142
     8.930,     0.892,    -3.949
     8.940,     0.845,    -4.658
     8.950,     0.792,    -5.262
     8.960,     0.735,    -5.760
     8.970,     0.673,    -6.157
     8.980,     0.609,    -6.462
     8.990,     0.542,    -6.687
     9.000,     0.473,    -6.847
     9.010,     0.404,    -6.953
     9.020,     0.334,    -7.019
     9.030,     0.263,    -7.056
     9.040,     0.192,    -7.074
     9.050,     0.122,    -7.081
     9.060,     0.051,    -7.083
     9.070,    -0.020,    -7.083
     9.080,    -0.091,    -7.083
     9.090,    -0.162,    -7.082
     9.100,    -0.233,    -7.078
     9.110,    -0.303,    -7.065
     9.120,    -0.374,    -7.037
     9.130,    -0.443,    -6.985
     9.140,    -0.512,    -6.898
     9.150,    -0.580,    -6.764
     9.160,    -0.646,    -6.569
     9.170,    -0.709,    -6.299
     9.180,    -0.768,    -5.943
     9.190,    -0.823,    -5.490
     9.200,    -0.872,    -4.933
     9.210,    -0.915,    -4.269
     9.220,    -0.950,    -3.502
     9.230,    -0.977,    -2.645
     9.240,    -0.994,    -1.714
     9.250,    -1.001,    -0.733
     9.260,    -0.998,     0.270
     9.270,    -0.986,     1.265
     9.280,    -0.963,     2.223
     9.290,    -0.932,     3.117
     9.300,    -0.893,     3.927
     9.310,    -0.847,     4.639
     9.320,    -0.794,     5.246
     9.330,    -0.737,     5.747
     9.340,    -0.675,     6.146
     9.350,    -0.611,     6.454
     9.360,    -0.544,     6.682
     9.370,    -0.475,     6.843
     9.380,    -0.406,     6.950
     9.390,    -0.336,     7.017
     9.400,    -0.265,     7.055
     9.410,    -0.194,     7.074
     9.420,    -0.124,     7.081
     9.430,    -0.053,     7.083
     9.440,     0.018,     7.083
     9.450,     0.089,     7.083
     9.460,     0.160,     7.082
     9.470,     0.230,     7.078
     9.480,     0.301,     7.066
     9.490,     0.372,     7.039
     9.500,     0.441,     6.987
     9.510,     0.510,     6.901
     9.520,     0.578,     6.768
     9.530,     0.644,     6.575
     9.540,     0.707,     6.308
     9.550,     0.766,     5.955
     9.560,     0.822,     5.505
     9.570,     0.871,     4.950
     9.580,     0.914,     4.290
     9.590,     0.949,     3.526
     9.600,     0.976,     2.671
     9.610,     0.993,     1.742
     9.620,     1.001,     0.762
     9.630,     0.999,    -0.241
     9.640,     0.986,    -1.237
     9.650,     0.964,    -2.196
     9.660,     0.933,    -3.092
     9.670,     0.894,    -3.905
     9.680,     0.848,    -4.620
     9.690,     0.796,    -5.230
     9.700,     0.738,    -5.734
     9.710,     0.677,    -6.136
     9.720,     0.613,    -6.446
     9.730,     0.546,    -6.676
     9.740,     0.477,    -6.839
     9.750,     0.408,    -6.948
     9.760,     0.338,    -7.016
     9.770,     0.267,    -7.054
     9.780,     0.197,    -7.073
     9.790,     0.126,    -7.081
     9.800,     0.055,    -7.083
     9.810,    -0.016,    -7.083
     9.820,    -0.087,    -7.083
     9.830,    -0.158,    -7.082
     9.840,    -0.228,    -7.078
     9.850,    -0.299,    -7.066
     9.860,    -0.369,    -7.040
     9.870,    -0.439,    -6.989
     9.880,    -0.508,    -6.904
     9.890,    -0.576,    -6.773
     9.900,    -0.642,    -6.582
     9.910,    -0.705,    -6.317
     9.920,    -0.765,    -5.967
     9.930,    -0.820,    -5.519
     9.940,    -0.870,    -4.968
     9.950,    -0.913,    -4.310
     9.960,    -0.948,    -3.550
     9.970,    -0.975,    -2.697
     9.980,    -0.993,    -1.770
     9.990,    -1.001,    -0.791
    10.000,    -0.999,     0.212
    10.010,    -0.987,     1.208
    10.020,    -0.965,     2.168
    10.030,    -0.934,     3.067
    10.040,    -0.895,     3.882
    10.050,    -0.849,     4.600
    10.060,    -0.797,     5.213
    10.070,    -0.740,     5.720
    10.080,    -0.679,     6.126
    10.090,    -0.614,     6.439
    10.100,    -0.548,     6.671
    10.110,    -0.479,     6.835
    10.120,    -0.410,     6.945
    10.130,    -0.340,     7.014
    10.140,    -0.269,     7.053
    10.150,    -0.199,     7.073
    10.160,    -0.128,     7.081
    10.170,    -0.057,     7.083
    10.180,     0.014,     7.083
    10.190,     0.085,     7.083
    10.200,     0.156,     7.082
    10.210,     0.226,     7.079
    10.220,     0.297,     7.067
    10.230,     0.367,     7.041
    10.240,     0.437,     6.991
    10.250,     0.506,     6.908
    10.260,     0.574,     6.778
    10.270,     0.640,     6.588
    10.280,     0.703,     6.326
    10.290,     0.763,     5.978
    10.300,     0.818,     5.534
    10.310,     0.868,     4.986
    10.320,     0.912,     4.331
    10.330,     0.947,     3.574
    10.340,     0.975,     2.723
    10.350,     0.993,     1.798
    10.360,     1.001,     0.820
    10.370,     0.999,    -0.182
    10.380,     0.987,    -1.179
    10.390,     0.966,    -2.141
    10.400,     0.935,    -3.042
    10.410,     0.897,    -3.860
    10.420,     0.851,    -4.581
    10.430,     0.799,    -5.197
    10.440,     0.742,    -5.707
    10.450,     0.681,    -6.115
    10.460,     0.616,    -6.431
    10.470,     0.550,    -6.665
    10.480,     0.481,    -6.831
    10.490,     0.412,    -6.943
    10.500,     0.342,    -7.012
    10.510,     0.271,    -7.052
    10.520,     0.201,    -7.072
    10.530,     0.130,    -7.081
    10.540,     0.059,    -7.083
    10.550,    -0.012,    -7.083
    10.560,    -0.083,    -7.083
    10.570,    -0.153,    -7.082
    10.580,    -0.224,    -7.079
    10.590,    -0.295,    -7.067
    10.600,    -0.365,    -7.042
    10.610,    -0.435,    -6.993
    10.620,    -0.504,    -6.911
    10.630,    -0.572,    -6.782
    10.640,    -0.638,    -6.595
    10.650,    -0.702,    -6.335
    10.660,    -0.761,    -5.990
    10.670,    -0.817,    -5.548
    10.680,    -0.867,    -5.003
    10.690,    -0.910,    -4.352
    10.700,    -0.946,    -3.597
    10.710,    -0.974,    -2.749
    10.720,    -0.992,    -1.826
    10.730,    -1.001,    -0.849
    10.740,    -0.999,     0.153
    10.750,    -0.988,     1.150
    10.760,    -0.966,     2.114
    10.770,    -0.936,     3.016
    10.780,    -0.898,     3.837
    10.790,    -0.852,     4.561
    10.800,    -0.801,     5.180
    10.810,    -0.744,     5.693
    10.820,    -0.683,     6.105
    10.830,    -0.618,     6.423
    10.840,    -0.552,     6.659
    10.850,    -0.483,     6.827
    10.860,    -0.414,     6.940
    10.870,    -0.344,     7.011
    10.880,    -0.273,     7.052
    10.890,    -0.203,     7.072
    10.900,    -0.132,     7.080
    10.910,    -0.061,     7.083
    10.920,     0.010,     7.083
    10.930,     0.081,     7.083
    10.940,     0.151,     7.082
    10.950,     0.222,     7.079
    10.960,     0.293,     7.068
    10.970,     0.363,     7.043
    10.980,     0.433,     6.995
    10.990,     0.502,     6.914
    11.000,     0.570,     6.787
    11.010,     0.636,     6.601
    11.020,     0.700,     6.344
    11.030,     0.760,     6.001
    11.040,     0.815,     5.563
    11.050,     0.866,     5.021
    11.060,     0.909,     4.372
    11.070,     0.945,     3.620
    11.080,     0.973,     2.775
    11.090,     0.992,     1.854
    11.100,     1.001,     0.878
    11.110,     0.999,    -0.124
    11.120,     0.988,    -1.122
    11.130,     0.967,    -2.086
    11.140,     0.937,    -2.991
    11.150,     0.899,    -3.815
    11.160,     0.854,    -4.542
    11.170,     0.802,    -5.164
    11.180,     0.745,    -5.680
    11.190,     0.684,    -6.094
    11.200,     0.620,    -6.415
    11.210,     0.554,    -6.653
    11.220,     0.485,    -6.823
    11.230,     0.416,    -6.937
    11.240,     0.346,    -7.009
    11.250,     0.275,    -7.051
    11.260,     0.205,    -7.072
    11.270,     0.134,    -7.080
    11.280,     0.063,    -7.083
    11.290,    -0.008,    -7.083
    11.300,    -0.079,    -7.083
    11.310,    -0.149,    -7.082
    11.320,    -0.220,    -7.079
    11.330,    -0.291,    -7.068
    11.340,    -0.361,    -7.044
    11.350,    -0.431,    -6.997
    11.360,    -0.500,    -6.917
    11.370,    -0.568,    -6.791
    11.380,    -0.634,    -6.608
    11.390,    -0.698,    -6.352
    11.400,    -0.758,    -6.013
    11.410,    -0.814,    -5.577
    11.420,    -0.864,    -5.038
    11.430,    -0.908,    -4.393
    11.440,    -0.945,    -3.644
    11.450,    -0.973,    -2.801
    11.460,    -0.991,    -1.881
    11.470,    -1.000,    -0.907
    11.480,    -0.999,     0.094
    11.490,    -0.989,     1.093
    11.500,    -0.968,     2.059
    11.510,    -0.938,     2.966
    11.520,    -0.900,     3.792
    11.530,    -0.855,     4.522
    11.540,    -0.804,     5.147
    11.550,    -0.747,     5.666
    11.560,    -0.686,     6.083
    11.570,    -0.622,     6.406
    11.580,    -0.556,     6.647
    11.590,    -0.487,     6.819
    11.600,    -0.418,     6.935
    11.610,    -0.348,     7.008
    11.620,    -0.278,     7.050
    11.630,    -0.207,     7.071
    11.640,    -0.136,     7.080
    11.650,    -0.065,     7.083
    11.660,     0.006,     7.083
    11.670,     0.076,     7.083
    11.680,     0.147,     7.082
    11.690,     0.218,     7.079
    11.700,     0.289,     7.069
    11.710,     0.359,     7.045
    11.720,     0.429,     6.998
    11.730,     0.498,     6.919
    11.740,     0.566,     6.796
    11.750,     0.632,     6.614
    11.760,     0.696,     6.361
    11.770,     0.756,     6.024
    11.780,     0.812,     5.591
    11.790,     0.863,     5.055
    11.800,     0.907,     4.413
    11.810,     0.944,     3.667
    11.820,     0.972,     2.827
    11.830,     0.991,     1.909
    11.840,     1.000,     0.936
    11.850,     1.000,    -0.065
    11.860,     0.989,    -1.064
    11.870,     0.969,    -2.031
    11.880,     0.939,    -2.940
    11.890,     0.902,    -3.769
    11.900,     0.857,    -4.502
    11.910,     0.805,    -5.130
    11.920,     0.749,    -5.653
    11.930,     0.688,    -6.072
    11.940,     0.624,    -6.398
    11.950,     0.558,    -6.641
    11.960,     0.489,    -6.815
    11.970,     0.420,    -6.932
    11.980,     0.350,    -7.006
    11.990,     0.280,    -7.049
    12.000,     0.209,    -7.071
    12.010,     0.138,    -7.080
    12.020,     0.067,    -7.083
    12.030,    -0.004,    -7.083
    12.040,    -0.074,    -7.083
    12.050,    -0.145,    -7.083
    12.060,    -0.216,    -7.079
    12.070,    -0.287,    -7.069
    12.080,    -0.357,    -7.046
    12.090,    -0.427,    -7.000
    12.100,    -0.496,    -6.922
    12.110,    -0.564,    -6.800
    12.120,    -0.631,    -6.620
    12.130,    -0.694,    -6.370
    12.140,    -0.755,    -6.035
    12.150,    -0.811,    -5.605
    12.160,    -0.861,    -5.072
    12.170,    -0.906,    -4.433
    12.180,    -0.943,    -3.690
    12.190,    -0.971,    -2.853
    12.200,    -0.991,    -1.937
    12.210,    -1.000,    -0.965
    12.220,    -1.000,     0.035
    12.230,    -0.989,     1.035
    12.240,    -0.969,     2.004
    12.250,    -0.940,     2.915
    12.260,    -0.903,     3.746
    12.270,    -0.858,     4.482
    12.280,    -0.807,     5.114
    12.290,    -0.750,     5.639
    12.300,    -0.690,     6.062
    12.310,    -0.626,     6.390
    12.320,    -0.560,     6.635
    12.330,    -0.492,     6.810
    12.340,    -0.422,     6.929
    12.350,    -0.352,     7.004
    12.360,    -0.282,     7.048
    12.370,    -0.211,     7.070
    12.380,    -0.140,     7.080
    12.390,    -0.069,     7.083
    12.400,     0.001,     7.083
    12.410,     0.072,     7.083
    12.420,     0.143,     7.083
    12.430,     0.214,     7.080
    12.440,     0.285,     7.070
    12.450,     0.355,     7.047
    12.460,     0.425,     7.002
    12.470,     0.494,     6.925
    12.480,     0.562,     6.804
    12.490,     0.629,     6.626
    12.500,     0.692,     6.378
    12.510,     0.753,     6.046
    12.520,     0.809,     5.619
    12.530,     0.860,     5.090
    12.540,     0.905,     4.454
    12.550,     0.942,     3.713
    12.560,     0.970,     2.878
    12.570,     0.990,     1.965
    12.580,     1.000,     0.994
    12.590,     1.000,    -0.006
    12.600,     0.990,    -1.006
    12.610,     0.970,    -1.976
    12.620,     0.941,    -2.889
    12.630,     0.904,    -3.723
    12.640,     0.859,    -4.462
    12.650,     0.808,    -5.097
    12.660,     0.752,    -5.625
    12.670,     0.692,    -6.051
    12.680,     0.628,    -6.382
    12.690,     0.562,    -6.629
    12.700,     0.494,    -6.806
    12.710,     0.424,    -6.926
    12.720,     0.354,    -7.003
    12.730,     0.284,    -7.047
    12.740,     0.213,    -7.070
    12.750,     0.142,    -7.080
    12.760,     0.071,    -7.083
    12.770,     0.001,    -7.083
    12.780,    -0.070,    -7.083
    12.790,    -0.141,    -7.083
    12.800,    -0.212,    -7.080
    12.810,    -0.283,    -7.070
    12.820,    -0.353,    -7.048
    12.830,    -0.423,    -7.004
    12.840,    -0.492,    -6.928
    12.850,    -0.560,    -6.809
    12.860,    -0.627,    -6.633
    12.870,    -0.691,    -6.386
    12.880,    -0.751,    -6.057
    12.890,    -0.808,    -5.633
    12.900,    -0.859,    -5.107
    12.910,    -0.903,    -4.474
    12.920,    -0.941,    -3.737
    12.930,    -0.970,    -2.904
    12.940,    -0.990,    -1.992
    12.950,    -1.000,    -1.023
    12.960,    -1.000,    -0.023
    12.970,    -0.990,     0.977
    12.980,    -0.971,     1.948
    12.990,    -0.942,     2.863
    13.000,    -0.905,     3.700
    13.010,    -0.861,     4.442
    13.020,    -0.810,     5.080
    13.030,    -0.754,     5.611
    13.040,    -0.694,     6.040
    13.050,    -0.630,     6.373
    13.060,    -0.564,     6.623
    13.070,    -0.496,     6.802
    13.080,    -0.426,     6.924
    13.090,    -0.356,     7.001
    13.100,    -0.286,     7.046
    13.110,    -0.215,     7.070
    13.120,    -0.144,     7.080
    13.130,    -0.074,     7.083
    13.140,    -0.003,     7.083
    13.150,     0.068,     7.083
    13.160,     0.139,     7.083
    13.170,     0.210,     7.080
    13.180,     0.280,     7.071
    13.190,     0.351,     7.049
    13.200,     0.421,     7.005
    13.210,     0.490,     6.931
    13.220,     0.558,     6.813
    13.230,     0.625,     6.639
    13.240,     0.689,     6.395
    13.250,     0.749,     6.068
    13.260,     0.806,     5.647
    13.270,     0.857,     5.123
    13.280,     0.902,     4.494
    13.290,     0.940,     3.759
    13.300,     0.969,     2.930
    13.310,     0.989,     2.020
    13.320,     1.000,     1.052
    13.330,     1.000,     0.053
    13.340,     0.991,    -0.948
    13.350,     0.972,    -1.921
    13.360,     0.943,    -2.838
    13.370,     0.906,    -3.677
    13.380,     0.862,    -4.422
    13.390,     0.812,    -5.062
    13.400,     0.756,    -5.597
    13.410,     0.695,    -6.028
    13.420,     0.632,    -6.365
    13.430,     0.566,    -6.617
    13.440,     0.498,    -6.797
    13.450,     0.428,    -6.921
    13.460,     0.358,    -6.999
    13.470,     0.288,    -7.045
    13.480,     0.217,    -7.069
    13.490,     0.146,    -7.079
    13.500,     0.076,    -7.082
    13.510,     0.005,    -7.083
    13.520,    -0.066,    -7.083
    13.530,    -0.137,    -7.083
    13.540,    -0.208,    -7.080
    13.550,    -0.278,    -7.071
    13.560,    -0.349,    -7.050
    13.570,    -0.419,    -7.007
    13.580,    -0.488,    -6.933
    13.590,    -0.556,    -6.817
    13.600,    -0.623,    -6.645
    13.610,    -0.687,    -6.403
    13.620,    -0.748,    -6.079
    13.630,    -0.804,    -5.661
    13.640,    -0.856,    -5.140
    13.650,    -0.901,    -4.514
    13.660,    -0.939,    -3.782
    13.670,    -0.968,    -2.955
    13.680,    -0.989,    -2.047
    13.690,    -1.000,    -1.081
    13.700,    -1.000,    -0.082
    13.710,    -0.991,     0.919
    13.720,    -0.972,     1.893
    13.730,    -0.944,     2.812
    13.740,    -0.908,     3.654
    13.750,    -0.864,     4.401
    13.760,    -0.813,     5.045
    13.770,    -0.757,     5.583
    13.780,    -0.697,     6.017
    13.790,    -0.634,     6.356
    13.800,    -0.567,     6.610
    13.810,    -0.500,     6.793
    13.820,    -0.430,     6.918
    13.830,    -0.360,     6.997
    13.840,    -0.290,     7.044
    13.850,    -0.219,     7.069
    13.860,    -0.148,     7.079
    13.870,    -0.078,     7.082
    13.880,    -0.007,     7.083
    13.890,     0.064,     7.083
    13.900,     0.135,     7.083
    13.910,     0.206,     7.080
    13.920,     0.276,     7.072
    13.930,     0.347,     7.050
    13.940,     0.417,     7.009
    13.950,     0.486,     6.936
    13.960,     0.555,     6.821
    13.970,     0.621,     6.651
    13.980,     0.685,     6.411
    13.990,     0.746,     6.090
    14.000,     0.803,     5.674
    14.010,     0.854,     5.157
    14.020,     0.900,     4.533
    14.030,     0.938,     3.805
    14.040,     0.968,     2.981
    14.050,     0.988,     2.075
    14.060,     0.999,     1.110
    14.070,     1.000,     0.111
    14.080,     0.992,    -0.890
    14.090,     0.973,    -1.865
    14.100,     0.945,    -2.786
    14.110,     0.909,    -3.630
    14.120,     0.865,    -4.381
    14.130,     0.815,    -5.028
    14.140,     0.759,    -5.569
    14.150,     0.699,    -6.006
    14.160,     0.635,    -6.347
    14.170,     0.569,    -6.604
    14.180,     0.502,    -6.789
    14.190,     0.432,    -6.915
    14.200,     0.362,    -6.996
    14.210,     0.292,    -7.043
    14.220,     0.221,    -7.068
    14.230,     0.151,    -7.079
    14.240,     0.080,    -7.082
    14.250,     0.009,    -7.083
    14.260,    -0.062,    -7.083
    14.270,    -0.133,    -7.083
    14.280,    -0.204,    -7.080
    14.290,    -0.274,    -7.072
    14.300,    -0.345,    -7.051
    14.310,    -0.415,    -7.010
    14.320,    -0.484,    -6.939
    14.330,    -0.553,    -6.825
    14.340,    -0.619,    -6.657
    14.350,    -0.683,    -6.419
    14.360,    -0.744,    -6.100
    14.370,    -0.801,    -5.688
    14.380,    -0.853,    -5.174
    14.390,    -0.898,    -4.553
    14.400,    -0.937,    -3.828
    14.410,    -0.967,    -3.006
    14.420,    -0.988,    -2.102
    14.430,    -0.999,    -1.138
    14.440,    -1.001,    -0.141
    14.450,    -0.992,     0.861
    14.460,    -0.974,     1.837
    14.470,    -0.946,     2.760
    14.480,    -0.910,     3.607
    14.490,    -0.866,     4.360
    14.500,    -0.816,     5.011
    14.510,    -0.761,     5.554
    14.520,    -0.701,     5.995
    14.530,    -0.637,     6.339
    14.540,    -0.571,     6.598
    14.550,    -0.504,     6.784
    14.560,    -0.434,     6.912
    14.570,    -0.364,     6.994
    14.580,    -0.294,     7.042
    14.590,    -0.223,     7.068
    14.600,    -0.153,     7.079
    14.610,    -0.082,     7.082
    14.620,    -0.011,     7.083
    14.630,     0.060,     7.083
    14.640,     0.131,     7.083
    14.650,     0.202,     7.080
    14.660,     0.272,     7.072
    14.670,     0.343,     7.052
    14.680,     0.413,     7.012
    14.690,     0.482,     6.941
    14.700,     0.551,     6.829
    14.710,     0.617,     6.662
    14.720,     0.681,     6.427
    14.730,     0.743,     6.111
    14.740,     0.800,     5.701
    14.750,     0.851,     5.190
    14.760,     0.897,     4.573
    14.770,     0.936,     3.850
    14.780,     0.966,     3.031
    14.790,     0.987,     2.130
    14.800,     0.999,     1.167
    14.810,     1.001,     0.170
    14.820,     0.992,    -0.832
    14.830,     0.974,    -1.809
    14.840,     0.947,    -2.734
    14.850,     0.911,    -3.583
    14.860,     0.868,    -4.340
    14.870,     0.818,    -4.993
    14.880,     0.762,    -5.540
    14.890,     0.703,    -5.983
    14.900,     0.639,    -6.330
    14.910,     0.573,    -6.591
    14.920,     0.506,    -6.780
    14.930,     0.436,    -6.909
    14.940,     0.367,    -6.992
    14.950,     0.296,    -7.041
    14.960,     0.225,    -7.067
    14.970,     0.155,    -7.079
    14.980,     0.084,    -7.082
    14.990,     0.013,    -7.083
    15.000,    -0.058,    -7.083
    15.010,    -0.129,    -7.083
    15.020,    -0.199,    -7.081
    15.030,    -0.270,    -7.073
    15.040,    -0.341,    -7.053
    15.050,    -0.411,    -7.013
    15.060,    -0.480,    -6.944
    15.070,    -0.549,    -6.833
    15.080,    -0.615,    -6.668
    15.090,    -0.680,    -6.435
    15.100,    -0.741,    -6.121
    15.110,    -0.798,    -5.715
    15.120,    -0.850,    -5.207
    15.130,    -0.896,    -4.592
    15.140,    -0.935,    -3.873
    15.150,    -0.965,    -3.056
    15.160,    -0.987,    -2.157
    15.170,    -0.999,    -1.196
    15.180,    -1.001,    -0.200
    15.190,    -0.993,     0.803
    15.200,    -0.975,     1.781
    15.210,    -0.948,     2.708
    15.220,    -0.912,     3.560
    15.230,    -0.869,     4.319
    15.240,    -0.819,     4.975
    15.250,    -0.764,     5.525
    15.260,    -0.704,     5.972
    15.270,    -0.641,     6.321
    15.280,    -0.575,     6.585
    15.290,    -0.508,     6.775
    15.300,    -0.439,     6.906
    15.310,    -0.369,     6.990
    15.320,    -0.298,     7.040
    15.330,    -0.228,     7.067
    15.340,    -0.157,     7.078
    15.350,    -0.086,     7.082
    15.360,    -0.015,     7.083
    15.370,     0.056,     7.083
    15.380,     0.127,     7.083
    15.390,     0.197,     7.081
    15.400,     0.268,     7.073
    15.410,     0.339,     7.054
    15.420,     0.409,     7.015
    15.430,     0.478,     6.947
    15.440,     0.547,     6.837
    15.450,     0.613,     6.674
    15.460,     0.678,     6.443
    15.470,     0.739,     6.132
    15.480,     0.796,     5.728
    15.490,     0.849,     5.223
    15.500,     0.895,     4.612
    15.510,     0.934,     3.895
    15.520,     0.965,     3.082
    15.530,     0.986,     2.184
    15.540,     0.999,     1.225
    15.550,     1.001,     0.229
    15.560,     0.993,    -0.774
    15.570,     0.976,    -1.753
    15.580,     0.949,    -2.682
    15.590,     0.913,    -3.536
    15.600,     0.870,    -4.298
    15.610,     0.821,    -4.958
    15.620,     0.766,    -5.511
    15.630,     0.706,    -5.960
    15.640,     0.643,    -6.312
    15.650,     0.577,    -6.578
    15.660,     0.510,    -6.770
    15.670,     0.441,    -6.903
    15.680,     0.371,    -6.988
    15.690,     0.300,    -7.039
    15.700,     0.230,    -7.066
    15.710,     0.159,    -7.078
    15.720,     0.088,    -7.082
    15.730,     0.017,    -7.083
    15.740,    -0.054,    -7.083
    15.750,    -0.124,    -7.083
    15.760,    -0.195,    -7.081
    15.770,    -0.266,    -7.073
    15.780,    -0.337,    -7.055
    15.790,    -0.407,    -7.016
    15.800,    -0.476,    -6.949
    15.810,    -0.545,    -6.841
    15.820,    -0.611,    -6.680
    15.830,    -0.676,    -6.451
    15.840,    -0.737,    -6.142
    15.850,    -0.795,    -5.741
    15.860,    -0.847,    -5.239
    15.870,    -0.893,    -4.631
    15.880,    -0.933,    -3.918
    15.890,    -0.964,    -3.107
    15.900,    -0.986,    -2.212
    15.910,    -0.998,    -1.253
    15.920,    -1.001,    -0.258
    15.930,    -0.994,     0.745
    15.940,    -0.976,     1.725
    15.950,    -0.950,     2.656
    15.960,    -0.915,     3.512
    15.970,    -0.872,     4.277
    15.980,    -0.822,     4.940
    15.990,    -0.767,     5.496
    16.000,    -0.708,     5.948
    16.010,    -0.645,     6.303
    16.020,    -0.579,     6.571
    16.030,    -0.512,     6.766
    16.040,    -0.443,     6.899
    16.050,    -0.373,     6.986
    16.060,    -0.302,     7.038
    16.070,    -0.232,     7.066
    16.080,    -0.161,     7.078
    16.090,    -0.090,     7.082
    16.100,    -0.019,     7.083
    16.110,     0.052,     7.083
    16.120,     0.122,     7.083
    16.130,     0.193,     7.081
    16.140,     0.264,     7.074
    16.150,     0.335,     7.055
    16.160,     0.405,     7.018
    16.170,     0.474,     6.952
    16.180,     0.543,     6.845
    16.190,     0.610,     6.685
    16.200,     0.674,     6.459
    16.210,     0.736,     6.152
    16.220,     0.793,     5.754
    16.230,     0.846,     5.255
    16.240,     0.892,     4.650
    16.250,     0.932,     3.940
    16.260,     0.963,     3.132
    16.270,     0.985,     2.239
    16.280,     0.998,     1.282
    16.290,     1.001,     0.288
    16.300,     0.994,    -0.716
    16.310,     0.977,    -1.697
    16.320,     0.951,    -2.630
    16.330,     0.916,    -3.489
    16.340,     0.873,    -4.256
    16.350,     0.824,    -4.922
    16.360,     0.769,    -5.481
    16.370,     0.710,    -5.936
    16.380,     0.647,    -6.294
    16.390,     0.581,    -6.565
    16.400,     0.514,    -6.761
    16.410,     0.445,    -6.896
    16.420,     0.375,    -6.984
    16.430,     0.304,    -7.037
    16.440,     0.234,    -7.065
    16.450,     0.163,    -7.078
    16.460,     0.092,    -7.082
    16.470,     0.021,    -7.083
    16.480,    -0.050,    -7.083
    16.490,    -0.120,    -7.083
    16.500,    -0.191,    -7.081
    16.510,    -0.262,    -7.074
    16.520,    -0.332,    -7.056
    16.530,    -0.403,    -7.019
    16.540,    -0.472,    -6.954
    16.550,    -0.541,    -6.849
    16.560,    -0.608,    -6.691
    16.570,    -0.672,    -6.466
    16.580,    -0.734,    -6.163
    16.590,    -0.792,    -5.767
    16.600,    -0.844,    -5.271
    16.610,    -0.891,    -4.670
    16.620,    -0.931,    -3.962
    16.630,    -0.962,    -3.157
    16.640,    -0.985,    -2.266
    16.650,    -0.998,    -1.311
    16.660,    -1.001,    -0.317
    16.670,    -0.994,     0.686
    16.680,    -0.978,     1.669
    16.690,    -0.951,     2.603
    16.700,    -0.917,     3.465
    16.710,    -0.874,     4.235
    16.720,    -0.825,     4.904
    16.730,    -0.771,     5.467
    16.740,    -0.712,     5.925
    16.750,    -0.649,     6.285
    16.760,    -0.583,     6.558
    16.770,    -0.516,     6.756
    16.780,    -0.447,     6.893
    16.790,    -0.377,     6.982
    16.800,    -0.306,     7.036
    16.810,    -0.236,     7.064
    16.820,    -0.165,     7.078
    16.830,    -0.094,     7.082
    16.840,    -0.023,     7.083
    16.850,     0.047,     7.083
    16.860,     0.118,     7.083
    16.870,     0.189,     7.081
    16.880,     0.260,     7.074
    16.890,     0.330,     7.057
    16.900,     0.401,     7.021
    16.910,     0.470,     6.956
    16.920,     0.539,     6.853
    16.930,     0.606,     6.696
    16.940,     0.670,     6.474
    16.950,     0.732,     6.173
    16.960,     0.790,     5.780
    16.970,     0.843,     5.287
    16.980,     0.890,     4.689
    16.990,     0.930,     3.985
    17.000,     0.961,     3.181
    17.010,     0.984,     2.293
    17.020,     0.998,     1.339
    17.030,     1.001,     0.346
    17.040,     0.995,    -0.657
    17.050,     0.978,    -1.641
    17.060,     0.952,    -2.577
    17.070,     0.918,    -3.441
    17.080,     0.876,    -4.214
    17.090,     0.827,    -4.886
    17.100,     0.772,    -5.452
    17.110,     0.713,    -5.913
    17.120,     0.651,    -6.276
    17.130,     0.585,    -6.551
    17.140,     0.518,    -6.751
    17.150,     0.449,    -6.890
    17.160,     0.379,    -6.980
    17.170,     0.309,    -7.035
    17.180,     0.238,    -7.064
    17.190,     0.167,    -7.077
    17.200,     0.096,    -7.082
    17.210,     0.025,    -7.083
    17.220,    -0.045,    -7.083
    17.230,    -0.116,    -7.083
    17.240,    -0.187,    -7.081
    17.250,    -0.258,    -7.075
    17.260,    -0.328,    -7.058
    17.270,    -0.399,    -7.022
    17.280,    -0.468,    -6.959
    17.290,    -0.537,    -6.856
    17.300,    -0.604,    -6.702
    17.310,    -0.669,    -6.482
    17.320,    -0.730,    -6.183
    17.330,    -0.788,    -5.793
    17.340,    -0.841,    -5.303
    17.350,    -0.888,    -4.708
    17.360,    -0.928,    -4.007
    17.370,    -0.961,    -3.206
    17.380,    -0.984,    -2.320
    17.390,    -0.997,    -1.368
    17.400,    -1.001,    -0.376
    17.410,    -0.995,     0.628
    17.420,    -0.979,     1.613
    17.430,    -0.953,     2.550
    17.440,    -0.919,     3.417
    17.450,    -0.877,     4.193
    17.460,    -0.828,     4.868
    17.470,    -0.774,     5.437
    17.480,    -0.715,     5.901
    17.490,    -0.652,     6.266
    17.500,    -0.587,     6.544
    17.510,    -0.520,     6.746
    17.520,    -0.451,     6.887
    17.530,    -0.381,     6.978
    17.540,    -0.311,     7.033
    17.550,    -0.240,     7.063
    17.560,    -0.169,     7.077
    17.570,    -0.098,     7.082
    17.580,    -0.028,     7.083
    17.590,     0.043,     7.083
    17.600,     0.114,     7.083
    17.610,     0.185,     7.081
    17.620,     0.256,     7.075
    17.630,     0.326,     7.058
    17.640,     0.397,     7.024
    17.650,     0.466,     6.961
    17.660,     0.535,     6.860
    17.670,     0.602,     6.707
    17.680,     0.667,     6.489
    17.690,     0.729,     6.193
    17.700,     0.787,     5.806
    17.710,     0.840,     5.319
    17.720,     0.887,     4.727
    17.730,     0.927,     4.029
    17.740,     0.960,     3.231
    17.750,     0.983,     2.347
    17.760,     0.997,     1.396
    17.770,     1.001,     0.405
    17.780,     0.995,    -0.599
    17.790,     0.979,    -1.584
    17.800,     0.954,    -2.524
    17.810,     0.920,    -3.393
    17.820,     0.878,    -4.172
    17.830,     0.830,    -4.850
    17.840,     0.776,    -5.422
    17.850,     0.717,    -5.888
    17.860,     0.654,    -6.257
    17.870,     0.589,    -6.537
    17.880,     0.522,    -6.741
    17.890,     0.453,    -6.883
    17.900,     0.383,    -6.976
    17.910,     0.313,    -7.032
    17.920,     0.242,    -7.063
    17.930,     0.171,    -7.077
    17.940,     0.100,    -7.082
    17.950,     0.030,    -7.083
    17.960,    -0.041,    -7.083
    17.970,    -0.112,    -7.083
    17.980,    -0.183,    -7.081
    17.990,    -0.254,    -7.075
    18.000,    -0.324,    -7.059
    18.010,    -0.394,    -7.025
    18.020,    -0.464,    -6.964
    18.030,    -0.533,    -6.864
    18.040,    -0.600,    -6.712
    18.050,    -0.665,    -6.497
    18.060,    -0.727,    -6.203
    18.070,    -0.785,    -5.819
    18.080,    -0.838,    -5.335
    18.090,    -0.886,    -4.746
    18.100,    -0.926,    -4.050
    18.110,    -0.959,    -3.255
    18.120,    -0.983,    -2.374
    18.130,    -0.997,    -1.425
    18.140,    -1.001,    -0.434
    18.150,    -0.996,     0.570
    18.160,    -0.980,     1.556
    18.170,    -0.955,     2.497
    18.180,    -0.921,     3.368
    18.190,    -0.880,     4.150
    18.200,    -0.832,     4.831
    18.210,    -0.777,     5.406
    18.220,    -0.719,     5.876
    18.230,    -0.656,     6.247
    18.240,    -0.591,     6.530
    18.250,    -0.524,     6.736
    18.260,    -0.455,     6.880
    18.270,    -0.385,     6.974
    18.280,    -0.315,     7.031
    18.290,    -0.244,     7.062
    18.300,    -0.173,     7.077
    18.310,    -0.102,     7.082
    18.320,    -0.032,     7.083
    18.330,     0.039,     7.083
    18.340,     0.110,     7.083
    18.350,     0.181,     7.082
    18.360,     0.252,     7.076
    18.370,     0.322,     7.060
    18.380,     0.392,     7.026
    18.390,     0.462,     6.966
    18.400,     0.531,     6.867
    18.410,     0.598,     6.718
    18.420,     0.663,     6.504
    18.430,     0.725,     6.212
    18.440,     0.783,     5.831
    18.450,     0.837,     5.350
    18.460,     0.885,     4.764
    18.470,     0.925,     4.072
    18.480,     0.958,     3.280
    18.490,     0.982,     2.401
    18.500,     0.997,     1.453
    18.510,     1.001,     0.463
    18.520,     0.996,    -0.540
    18.530,     0.981,    -1.528
    18.540,     0.956,    -2.471
    18.550,     0.922,    -3.344
    18.560,     0.881,    -4.129
    18.570,     0.833,    -4.813
    18.580,     0.779,    -5.391
    18.590,     0.720,    -5.864
    18.600,     0.658,    -6.238
    18.610,     0.593,    -6.523
    18.620,     0.526,    -6.731
    18.630,     0.457,    -6.876
    18.640,     0.387,    -6.972
    18.650,     0.317,    -7.030
    18.660,     0.246,    -7.061
    18.670,     0.175,    -7.076
    18.680,     0.105,    -7.082
    18.690,     0.034,    -7.083
    18.700,    -0.037,    -7.083
    18.710,    -0.108,    -7.083
    18.720,    -0.179,    -7.082
    18.730,    -0.249,    -7.076
    18.740,    -0.320,    -7.060
    18.750,    -0.390,    -7.028
    18.760,    -0.460,    -6.968
    18.770,    -0.529,    -6.871
    18.780,    -0.596,    -6.723
    18.790,    -0.661,    -6.511
    18.800,    -0.723,    -6.222
    18.810,    -0.782,    -5.844
    18.820,    -0.835,    -5.366
    18.830,    -0.883,    -4.783
    18.840,    -0.924,    -4.094
    18.850,    -0.957,    -3.304
    18.860,    -0.982,    -2.427
    18.870,    -0.996,    -1.482
    18.880,    -1.001,    -0.493
    18.890,    -0.996,     0.511
    18.900,    -0.981,     1.499
    18.910,    -0.957,     2.444
    18.920,    -0.924,     3.320
    18.930,    -0.882,     4.107
    18.940,    -0.834,     4.794
    18.950,    -0.781,     5.376
    18.960,    -0.722,     5.852
    18.970,    -0.660,     6.228
    18.980,    -0.595,     6.516
    18.990,    -0.528,     6.726
    19.000,    -0.459,     6.873
    19.010,    -0.389,     6.969
    19.020,    -0.319,     7.028
    19.030,    -0.248,     7.061
    19.040,    -0.177,     7.076
    19.050,    -0.107,     7.082
    19.060,    -0.036,     7.083
    19.070,     0.035,     7.083
    19.080,     0.106,     7.083
    19.090,     0.177,     7.082
    19.100,     0.247,     7.076
    19.110,     0.318,     7.061
    19.120,     0.388,     7.029
    19.130,     0.458,     6.970
    19.140,     0.527,     6.874
    19.150,     0.594,     6.728
    19.160,     0.659,     6.518
    19.170,     0.722,     6.232
    19.180,     0.780,     5.856
    19.190,     0.834,     5.381
    19.200,     0.882,     4.801
    19.210,     0.923,     4.115
    19.220,     0.956,     3.329
    19.230,     0.981,     2.454
    19.240,     0.996,     1.510
    19.250,     1.001,     0.522
    19.260,     0.996,    -0.482
    19.270,     0.982,    -1.471
    19.280,     0.958,    -2.417
    19.290,     0.925,    -3.295
    19.300,     0.884,    -4.086
    19.310,     0.836,    -4.776
    19.320,     0.782,    -5.360
    19.330,     0.724,    -5.839
    19.340,     0.662,    -6.219
    19.350,     0.597,    -6.508
    19.360,     0.530,    -6.721
    19.370,     0.461,    -6.869
    19.380,     0.391,    -6.967
    19.390,     0.321,    -7.027
    19.400,     0.250,    -7.060
    19.410,     0.180,    -7.076
    19.420,     0.109,    -7.082
    19.430,     0.038,    -7.083
    19.440,    -0.033,    -7.083
    19.450,    -0.104,    -7.083
    19.460,    -0.175,    -7.082
    19.470,    -0.245,    -7.076
    19.480,    -0.316,    -7.062
    19.490,    -0.386,    -7.030
    19.500,    -0.456,    -6.972
    19.510,    -0.525,    -6.878
    19.520,    -0.592,    -6.733
    19.530,    -0.657,    -6.526
    19.540,    -0.720,    -6.241
    19.550,    -0.778,    -5.869
    19.560,    -0.832,    -5.397
    19.570,    -0.881,    -4.820
    19.580,    -0.922,    -4.137
    19.590,    -0.956,    -3.353
    19.600,    -0.980,    -2.481
    19.610,    -0.996,    -1.539
    19.620,    -1.001,    -0.551
    19.630,    -0.997,     0.452
    19.640,    -0.982,     1.443
    19.650,    -0.958,     2.390
    19.660,    -0.926,     3.271
    19.670,    -0.885,     4.064
    19.680,    -0.837,     4.757
    19.690,    -0.784,     5.345
    19.700,    -0.726,     5.827
    19.710,    -0.664,     6.209
    19.720,    -0.599,     6.501
    19.730,    -0.532,     6.716
    19.740,    -0.463,     6.866
    19.750,    -0.393,     6.965
    19.760,    -0.323,     7.026
    19.770,    -0.252,     7.059
    19.780,    -0.182,     7.076
    19.790,    -0.111,     7.081
    19.800,    -0.040,     7.083
    19.810,     0.031,     7.083
    19.820,     0.102,     7.083
    19.830,     0.173,     7.082
    19.840,     0.243,     7.077
    19.850,     0.314,     7.062
    19.860,     0.384,     7.031
    19.870,     0.454,     6.975
    19.880,     0.523,     6.881
    19.890,     0.590,     6.738
    19.900,     0.655,     6.533
    19.910,     0.718,     6.251
    19.920,     0.777,     5.881
    19.930,     0.831,     5.412
    19.940,     0.879,     4.838
    19.950,     0.921,     4.158
    19.960,     0.955,     3.377
    19.970,     0.980,     2.507
    19.980,     0.995,     1.567
    19.990,     1.001,     0.581
    20.000,     0.997,    -0.423
    20.010,     0.983,    -1.414
    20.020,     0.959,    -2.364
    20.030,     0.927,    -3.246
    20.040,     0.886,    -4.042
    20.050,     0.839,    -4.738
    20.060,     0.786,    -5.329
    20.070,     0.728,    -5.814
    20.080,     0.666,    -6.199
    20.090,     0.601,    -6.494
    20.100,     0.533,    -6.710
    20.110,     0.465,    -6.862
    20.120,     0.395,    -6.963
    20.130,     0.325,    -7.024
    20.140,     0.254,    -7.059
    20.150,     0.184,    -7.075
    20.160,     0.113,    -7.081
    20.170,     0.042,    -7.083
    20.180,    -0.029,    -7.083
    20.190,    -0.100,    -7.083
    20.200,    -0.170,    -7.082
    20.210,    -0.241,    -7.077
    20.220,    -0.312,    -7.063
    20.230,    -0.382,    -7.033
    20.240,    -0.452,    -6.977
    20.250,    -0.521,    -6.884
    20.260,    -0.588,    -6.743
    20.270,    -0.654,    -6.540
    20.280,    -0.716,    -6.260
    20.290,    -0.775,    -5.893
    20.300,    -0.829,    -5.427
    20.310,    -0.878,    -4.857
    20.320,    -0.920,    -4.180
    20.330,    -0.954,    -3.402
    20.340,    -0.979,    -2.534
    20.350,    -0.995,    -1.595
    20.360,    -1.001,    -0.610
    20.370,    -0.997,     0.394
    20.380,    -0.983,     1.386
    20.390,    -0.960,     2.337
    20.400,    -0.928,     3.222
    20.410,    -0.888,     4.020
    20.420,    -0.840,     4.720
    20.430,    -0.787,     5.313
    20.440,    -0.729,     5.801
    20.450,    -0.667,     6.189
    20.460,    -0.603,     6.486
    20.470,    -0.535,     6.705
    20.480,    -0.467,     6.859
    20.490,    -0.397,     6.960
    20.500,    -0.327,     7.023
    20.510,    -0.256,     7.058
    20.520,    -0.186,     7.075
    20.530,    -0.115,     7.081
    20.540,    -0.044,     7.083
    20.550,     0.027,     7.083
    20.560,     0.098,     7.083
    20.570,     0.168,     7.082
    20.580,     0.239,     7.077
    20.590,     0.310,     7.064
    20.600,     0.380,     7.034
    20.610,     0.450,     6.979
    20.620,     0.519,     6.888
    20.630,     0.586,     6.748
    20.640,     0.652,     6.547
    20.650,     0.714,     6.270
    20.660,     0.773,     5.905
    20.670,     0.828,     5.442
    20.680,     0.877,     4.875
    20.690,     0.919,     4.201
    20.700,     0.953,     3.426
    20.710,     0.979,     2.560
    20.720,     0.995,     1.623
    20.730,     1.001,     0.639
    20.740,     0.998,    -0.365
    20.750,     0.984,    -1.357
    20.760,     0.961,    -2.310
    20.770,     0.929,    -3.197
    20.780,     0.889,    -3.998
    20.790,     0.842,    -4.701
    20.800,     0.789,    -5.297
    20.810,     0.731,    -5.788
    20.820,     0.669,    -6.179
    20.830,     0.604,    -6.479
    20.840,     0.537,    -6.700
    20.850,     0.469,    -6.855
    20.860,     0.399,    -6.958
    20.870,     0.329,    -7.022
    20.880,     0.259,    -7.057
    20.890,     0.188,    -7.075
    20.900,     0.117,    -7.081
    20.910,     0.046,    -7.083
    20.920,    -0.025,    -7.083
    20.930,    -0.096,    -7.083
    20.940,    -0.166,    -7.082
    20.950,    -0.237,    -7.077
    20.960,    -0.308,    -7.064
    20.970,    -0.378,    -7.035
    20.980,    -0.448,    -6.981
    20.990,    -0.517,    -6.891
    21.000,    -0.584,    -6.753
    21.010,    -0.650,    -6.554
    21.020,    -0.713,    -6.279
    21.030,    -0.772,    -5.917
    21.040,    -0.826,    -5.457
    21.050,    -0.875,    -4.893
    21.060,    -0.918,    -4.222
    21.070,    -0.952,    -3.450
    21.080,    -0.978,    -2.587
    21.090,    -0.994,    -1.652
    21.100,    -1.001,    -0.668
    21.110,    -0.998,     0.335
    21.120,    -0.984,     1.329
    21.130,    -0.962,     2.283
    21.140,    -0.930,     3.172
    21.150,    -0.890,     3.976
    21.160,    -0.843,     4.682
    21.170,    -0.791,     5.281
    21.180,    -0.733,     5.775
    21.190,    -0.671,     6.169
    21.200,    -0.606,     6.471
    21.210,    -0.539,     6.694
    21.220,    -0.471,     6.851
    21.230,    -0.401,     6.956
    21.240,    -0.331,     7.020
    21.250,    -0.261,     7.057
    21.260,    -0.190,     7.074
    21.270,    -0.119,     7.081
    21.280,    -0.048,     7.083
    21.290,     0.023,     7.083
    21.300,     0.093,     7.083
    21.310,     0.164,     7.082
    21.320,     0.235,     7.078
    21.330,     0.306,     7.065
    21.340,     0.376,     7.036
    21.350,     0.446,     6.983
    21.360,     0.515,     6.894
    21.370,     0.582,     6.758
    21.380,     0.648,     6.560
    21.390,     0.711,     6.288
    21.400,     0.770,     5.929
    21.410,     0.825,     5.472
    21.420,     0.874,     4.911
    21.430,     0.916,     4.243
    21.440,     0.951,     3.474
    21.450,     0.977,     2.613
    21.460,     0.994,     1.680
    21.470,     1.001,     0.697
    21.480,     0.998,    -0.306
    21.490,     0.985,    -1.300
    21.500,     0.962,    -2.256
    21.510,     0.931,    -3.147
    21.520,     0.891,    -3.954
    21.530,     0.845,    -4.662
    21.540,     0.792,    -5.265
    21.550,     0.735,    -5.762
    21.560,     0.673,    -6.159
    21.570,     0.608,    -6.464
    21.580,     0.541,    -6.689
    21.590,     0.473,    -6.847
    21.600,     0.403,    -6.953
    21.610,     0.333,    -7.019
    21.620,     0.263,    -7.056
    21.630,     0.192,    -7.074
    21.640,     0.121,    -7.081
    21.650,     0.050,    -7.083
    21.660,    -0.021,    -7.083
    21.670,    -0.091,    -7.083
    21.680,    -0.162,    -7.082
    21.690,    -0.233,    -7.078
    21.700,    -0.304,    -7.065
    21.710,    -0.374,    -7.037
    21.720,    -0.444,    -6.985
    21.730,    -0.513,    -6.898
    21.740,    -0.580,    -6.763
    21.750,    -0.646,    -6.567
    21.760,    -0.709,    -6.297
    21.770,    -0.768,    -5.941
    21.780,    -0.823,    -5.487
    21.790,    -0.873,    -4.929
    21.800,    -0.915,    -4.264
    21.810,    -0.950,    -3.498
    21.820,    -0.977,    -2.639
    21.830,    -0.994,    -1.708
    21.840,    -1.001,    -0.726
    21.850,    -0.998,     0.277
    21.860,    -0.986,     1.271
    21.870,    -0.963,     2.228
    21.880,    -0.932,     3.122
    21.890,    -0.893,     3.932
    21.900,    -0.846,     4.643
    21.910,    -0.794,     5.249
    21.920,    -0.736,     5.749
    21.930,    -0.675,     6.149
    21.940,    -0.610,     6.456
    21.950,    -0.543,     6.683
    21.960,    -0.475,     6.844
    21.970,    -0.405,     6.951
    21.980,    -0.335,     7.017
    21.990,    -0.265,     7.055
    22.000,    -0.194,     7.074
    22.010,    -0.123,     7.081
    22.020,    -0.052,     7.083
    22.030,     0.018,     7.083
    22.040,     0.089,     7.083
    22.050,     0.160,     7.082
    22.060,     0.231,     7.078
    22.070,     0.302,     7.066
    22.080,     0.372,     7.038
    22.090,     0.442,     6.987
    22.100,     0.511,     6.901
    22.110,     0.578,     6.767
    22.120,     0.644,     6.574
    22.130,     0.707,     6.306
    22.140,     0.767,     5.953
    22.150,     0.822,     5.502
    22.160,     0.871,     4.947
    22.170,     0.914,     4.285
    22.180,     0.949,     3.521
    22.190,     0.976,     2.666
    22.200,     0.993,     1.736
    22.210,     1.001,     0.756
    22.220,     0.998,    -0.247
    22.230,     0.986,    -1.243
    22.240,     0.964,    -2.201
    22.250,     0.933,    -3.097
    22.260,     0.894,    -3.909
    22.270,     0.848,    -4.624
    22.280,     0.795,    -5.233
    22.290,     0.738,    -5.736
    22.300,     0.677,    -6.138
    22.310,     0.612,    -6.448
    22.320,     0.545,    -6.677
    22.330,     0.477,    -6.840
    22.340,     0.408,    -6.948
    22.350,     0.337,    -7.016
    22.360,     0.267,    -7.054
    22.370,     0.196,    -7.073
    22.380,     0.125,    -7.081
    22.390,     0.054,    -7.083
    22.400,    -0.016,    -7.083
    22.410,    -0.087,    -7.083
    22.420,    -0.158,    -7.082
    22.430,    -0.229,    -7.078
    22.440,    -0.299,    -7.066
    22.450,    -0.370,    -7.039
    22.460,    -0.440,    -6.989
    22.470,    -0.509,    -6.904
    22.480,    -0.577,    -6.772
    22.490,    -0.642,    -6.580
    22.500,    -0.705,    -6.315
    22.510,    -0.765,    -5.964
    22.520,    -0.820,    -5.516
    22.530,    -0.870,    -4.964
    22.540,    -0.913,    -4.306
    22.550,    -0.948,    -3.545
    22.560,    -0.975,    -2.692
    22.570,    -0.993,    -1.764
    22.580,    -1.001,    -0.785
    22.590,    -0.999,     0.218
    22.600,    -0.987,     1.214
    22.610,    -0.965,     2.174
    22.620,    -0.934,     3.072
    22.630,    -0.895,     3.887
    22.640,    -0.849,     4.604
    22.650,    -0.797,     5.217
    22.660,    -0.740,     5.723
    22.670,    -0.678,     6.128
    22.680,    -0.614,     6.440
    22.690,    -0.547,     6.672
    22.700,    -0.479,     6.836
    22.710,    -0.410,     6.946
    22.720,    -0.339,     7.014
    22.730,    -0.269,     7.053
    22.740,    -0.198,     7.073
    22.750,    -0.127,     7.081
    22.760,    -0.057,     7.083
    22.770,     0.014,     7.083
    22.780,     0.085,     7.083
    22.790,     0.156,     7.082
    22.800,     0.227,     7.079
    22.810,     0.297,     7.067
    22.820,     0.368,     7.041
    22.830,     0.438,     6.991
    22.840,     0.507,     6.907
    22.850,     0.575,     6.777
    22.860,     0.640,     6.587
    22.870,     0.704,     6.324
    22.880,     0.763,     5.976
    22.890,     0.819,     5.531
    22.900,     0.869,     4.982
    22.910,     0.912,     4.327
    22.920,     0.948,     3.569
    22.930,     0.975,     2.718
    22.940,     0.993,     1.792
    22.950,     1.001,     0.814
    22.960,     0.999,    -0.188
    22.970,     0.987,    -1.185
    22.980,     0.966,    -2.147
    22.990,     0.935,    -3.047
    23.000,     0.896,    -3.865
    23.010,     0.851,    -4.585
    23.020,     0.799,    -5.200
    23.030,     0.741,    -5.710
    23.040,     0.680,    -6.117
    23.050,     0.616,    -6.432
    23.060,     0.549,    -6.666
    23.070,     0.481,    -6.832
    23.080,     0.412,    -6.943
    23.090,     0.341,    -7.013
    23.100,     0.271,    -7.053
    23.110,     0.200,    -7.073
    23.120,     0.129,    -7.081
    23.130,     0.059,    -7.083
    23.140,    -0.012,    -7.083
    23.150,    -0.083,    -7.083
    23.160,    -0.154,    -7.082
    23.170,    -0.225,    -7.079
    23.180,    -0.295,    -7.067
    23.190,    -0.366,    -7.042
    23.200,    -0.436,    -6.993
    23.210,    -0.505,    -6.910
    23.220,    -0.573,    -6.781
    23.230,    -0.639,    -6.594
    23.240,    -0.702,    -6.333
    23.250,    -0.762,    -5.987
    23.260,    -0.817,    -5.545
    23.270,    -0.867,    -5.000
    23.280,    -0.911,    -4.347
    23.290,    -0.947,    -3.592
    23.300,    -0.974,    -2.744
    23.310,    -0.992,    -1.820
    23.320,    -1.001,    -0.843
    23.330,    -0.999,     0.159
    23.340,    -0.988,     1.156
    23.350,    -0.966,     2.119
    23.360,    -0.936,     3.022
    23.370,    -0.898,     3.842
    23.380,    -0.852,     4.565
    23.390,    -0.800,     5.184
    23.400,    -0.743,     5.696
    23.410,    -0.682,     6.107
    23.420,    -0.618,     6.424
    23.430,    -0.551,     6.660
    23.440,    -0.483,     6.828
    23.450,    -0.414,     6.940
    23.460,    -0.344,     7.011
    23.470,    -0.273,     7.052
    23.480,    -0.202,     7.072
    23.490,    -0.131,     7.080
    23.500,    -0.061,     7.083
    23.510,     0.010,     7.083
    23.520,     0.081,     7.083
    23.530,     0.152,     7.082
    23.540,     0.223,     7.079
    23.550,     0.293,     7.068
    23.560,     0.364,     7.043
    23.570,     0.434,     6.995
    23.580,     0.503,     6.913
    23.590,     0.571,     6.786
    23.600,     0.637,     6.600
    23.610,     0.700,     6.342
    23.620,     0.760,     5.999
    23.630,     0.816,     5.560
    23.640,     0.866,     5.017
    23.650,     0.910,     4.368
    23.660,     0.946,     3.616
    23.670,     0.973,     2.770
    23.680,     0.992,     1.848
    23.690,     1.001,     0.872
    23.700,     0.999,    -0.130
    23.710,     0.988,    -1.128
    23.720,     0.967,    -2.092
    23.730,     0.937,    -2.996
    23.740,     0.899,    -3.819
    23.750,     0.853,    -4.546
    23.760,     0.802,    -5.167
    23.770,     0.745,    -5.683
    23.780,     0.684,    -6.096
    23.790,     0.620,    -6.416
    23.800,     0.553,    -6.654
    23.810,     0.485,    -6.824
    23.820,     0.416,    -6.938
    23.830,     0.346,    -7.010
    23.840,     0.275,    -7.051
    23.850,     0.204,    -7.072
    23.860,     0.134,    -7.080
    23.870,     0.063,    -7.083
    23.880,    -0.008,    -7.083
    23.890,    -0.079,    -7.083
    23.900,    -0.150,    -7.082
    23.910,    -0.221,    -7.079
    23.920,    -0.291,    -7.068
    23.930,    -0.362,    -7.044
    23.940,    -0.432,    -6.996
    23.950,    -0.501,    -6.916
    23.960,    -0.569,    -6.790
    23.970,    -0.635,    -6.606
    23.980,    -0.698,    -6.351
    23.990,    -0.758,    -6.010
    24.000,    -0.814,    -5.574
    24.010,    -0.864,    -5.034
    24.020,    -0.908,    -4.388
    24.030,    -0.945,    -3.639
    24.040,    -0.973,    -2.796
    24.050,    -0.991,    -1.876
    24.060,    -1.000,    -0.901
    24.070,    -0.999,     0.100
    24.080,    -0.988,     1.099
    24.090,    -0.968,     2.064
    24.100,    -0.938,     2.971
    24.110,    -0.900,     3.797
    24.120,    -0.855,     4.526
    24.130,    -0.803,     5.151
    24.140,    -0.747,     5.669
    24.150,    -0.686,     6.085
    24.160,    -0.622,     6.408
    24.170,    -0.555,     6.648
    24.180,    -0.487,     6.820
    24.190,    -0.418,     6.935
    24.200,    -0.348,     7.008
    24.210,    -0.277,     7.050
    24.220,    -0.206,     7.071
    24.230,    -0.136,     7.080
    24.240,    -0.065,     7.083
    24.250,     0.006,     7.083
    24.260,     0.077,     7.083
    24.270,     0.148,     7.082
    24.280,     0.218,     7.079
    24.290,     0.289,     7.069
    24.300,     0.360,     7.045
    24.310,     0.430,     6.998
    24.320,     0.499,     6.919
    24.330,     0.567,     6.795
    24.340,     0.633,     6.613
    24.350,     0.696,     6.359
    24.360,     0.757,     6.021
    24.370,     0.813,     5.588
    24.380,     0.863,     5.052
    24.390,     0.907,     4.409
    24.400,     0.944,     3.662
    24.410,     0.972,     2.822
    24.420,     0.991,     1.903
    24.430,     1.000,     0.930
    24.440,     1.000,    -0.071
    24.450,     0.989,    -1.070
    24.460,     0.969,    -2.037
    24.470,     0.939,    -2.946
    24.480,     0.901,    -3.774
    24.490,     0.856,    -4.506
    24.500,     0.805,    -5.134
    24.510,     0.748,    -5.656
    24.520,     0.688,    -6.075
    24.530,     0.624,    -6.400
    24.540,     0.557,    -6.642
    24.550,     0.489,    -6.815
    24.560,     0.420,    -6.932
    24.570,     0.350,    -7.006
    24.580,     0.279,    -7.049
    24.590,     0.208,    -7.071
    24.600,     0.138,    -7.080
    24.610,     0.067,    -7.083
    24.620,    -0.004,    -7.083
    24.630,    -0.075,    -7.083
    24.640,    -0.146,    -7.082
    24.650,    -0.216,    -7.079
    24.660,    -0.287,    -7.069
    24.670,    -0.358,    -7.046
    24.680,    -0.428,    -7.000
    24.690,    -0.497,    -6.922
    24.700,    -0.565,    -6.799
    24.710,    -0.631,    -6.619
    24.720,    -0.695,    -6.368
    24.730,    -0.755,    -6.033
    24.740,    -0.811,    -5.602
    24.750,    -0.862,    -5.069
    24.760,    -0.906,    -4.429
    24.770,    -0.943,    -3.686
    24.780,    -0.971,    -2.847
    24.790,    -0.991,    -1.931
    24.800,    -1.000,    -0.959
    24.810,    -1.000,     0.042
    24.820,    -0.989,     1.041
    24.830,    -0.969,     2.009
    24.840,    -0.940,     2.920
    24.850,    -0.903,     3.751
    24.860,    -0.858,     4.486
    24.870,    -0.807,     5.117
    24.880,    -0.750,     5.642
    24.890,    -0.689,     6.064
    24.900,    -0.626,     6.392
    24.910,    -0.559,     6.636
    24.920,    -0.491,     6.811
    24.930,    -0.422,     6.930
    24.940,    -0.352,     7.005
    24.950,    -0.281,     7.048
    24.960,    -0.211,     7.071
    24.970,    -0.140,     7.080
    24.980,    -0.069,     7.083
    24.990,     0.002,     7.083
    25.000,     0.073,     7.083
    25.010,     0.144,     7.083
    25.020,     0.214,     7.080
    25.030,     0.285,     7.070
    25.040,     0.356,     7.047
    25.050,     0.426,     7.002
    25.060,     0.495,     6.925
    25.070,     0.563,     6.803
    25.080,     0.629,     6.625
    25.090,     0.693,     6.376
    25.100,     0.753,     6.044
    25.110,     0.809,     5.616
    25.120,     0.860,     5.086
    25.130,     0.905,     4.449
    25.140,     0.942,     3.709
    25.150,     0.971,     2.873
    25.160,     0.990,     1.959
    25.170,     1.000,     0.988
    25.180,     1.000,    -0.012
    25.190,     0.990,    -1.012
    25.200,     0.970,    -1.982
    25.210,     0.941,    -2.894
    25.220,     0.904,    -3.728
    25.230,     0.859,    -4.466
    25.240,     0.808,    -5.100
    25.250,     0.752,    -5.628
    25.260,     0.691,    -6.053
    25.270,     0.627,    -6.383
    25.280,     0.561,    -6.630
    25.290,     0.493,    -6.807
    25.300,     0.424,    -6.927
    25.310,     0.354,    -7.003
    25.320,     0.283,    -7.047
    25.330,     0.213,    -7.070
    25.340,     0.142,    -7.080
    25.350,     0.071,    -7.083
    25.360,     0.000,    -7.083
    25.370,    -0.071,    -7.083
    25.380,    -0.141,    -7.083
    25.390,    -0.212,    -7.080
    25.400,    -0.283,    -7.070
    25.410,    -0.353,    -7.048
    25.420,    -0.423,    -7.003
    25.430,    -0.493,    -6.927
    25.440,    -0.561,    -6.808
    25.450,    -0.627,    -6.631
    25.460,    -0.691,    -6.385
    25.470,    -0.752,    -6.055
    25.480,    -0.808,    -5.630
    25.490,    -0.859,    -5.103
    25.500,    -0.904,    -4.469
    25.510,    -0.941,    -3.732
    25.520,    -0.970,    -2.899
    25.530,    -0.990,    -1.986
    25.540,    -1.000,    -1.017
    25.550,    -1.000,    -0.017
    25.560,    -0.990,     0.983
    25.570,    -0.971,     1.954
    25.580,    -0.942,     2.869
    25.590,    -0.905,     3.705
    25.600,    -0.861,     4.446
    25.610,    -0.810,     5.083
    25.620,    -0.754,     5.614
    25.630,    -0.693,     6.042
    25.640,    -0.629,     6.375
    25.650,    -0.563,     6.624
    25.660,    -0.495,     6.803
    25.670,    -0.426,     6.924
    25.680,    -0.356,     7.001
    25.690,    -0.285,     7.046
    25.700,    -0.215,     7.070
    25.710,    -0.144,     7.080
    25.720,    -0.073,     7.083
    25.730,    -0.002,     7.083
    25.740,     0.069,     7.083
    25.750,     0.139,     7.083
    25.760,     0.210,     7.080
    25.770,     0.281,     7.071
    25.780,     0.351,     7.048
    25.790,     0.421,     7.005
    25.800,     0.491,     6.930
    25.810,     0.559,     6.812
    25.820,     0.625,     6.637
    25.830,     0.689,     6.393
    25.840,     0.750,     6.066
    25.850,     0.806,     5.644
    25.860,     0.857,     5.120
    25.870,     0.902,     4.489
    25.880,     0.940,     3.755
    25.890,     0.969,     2.924
    25.900,     0.989,     2.014
    25.910,     1.000,     1.046
    25.920,     1.000,     0.047
    25.930,     0.991,    -0.954
    25.940,     0.971,    -1.926
    25.950,     0.943,    -2.843
    25.960,     0.906,    -3.682
    25.970,     0.862,    -4.426
    25.980,     0.811,    -5.066
    25.990,     0.755,    -5.600
    26.000,     0.695,    -6.031
    26.010,     0.631,    -6.366
    26.020,     0.565,    -6.618
    26.030,     0.497,    -6.798
    26.040,     0.428,    -6.921
    26.050,     0.358,    -7.000
    26.060,     0.287,    -7.045
    26.070,     0.217,    -7.069
    26.080,     0.146,    -7.079
    26.090,     0.075,    -7.082
    26.100,     0.004,    -7.083
    26.110,    -0.067,    -7.083
    26.120,    -0.137,    -7.083
    26.130,    -0.208,    -7.080
    26.140,    -0.279,    -7.071
    26.150,    -0.349,    -7.049
    26.160,    -0.419,    -7.007
    26.170,    -0.489,    -6.933
    26.180,    -0.557,    -6.816
    26.190,    -0.623,    -6.643
    26.200,    -0.687,    -6.401
    26.210,    -0.748,    -6.077
    26.220,    -0.805,    -5.658
    26.230,    -0.856,    -5.137
    26.240,    -0.901,    -4.509
    26.250,    -0.939,    -3.778
    26.260,    -0.968,    -2.950
    26.270,    -0.989,    -2.042
    26.280,    -1.000,    -1.075
    26.290,    -1.000,    -0.076
    26.300,    -0.991,     0.925
    26.310,    -0.972,     1.899
    26.320,    -0.944,     2.817
    26.330,    -0.907,     3.658
    26.340,    -0.863,     4.405
    26.350,    -0.813,     5.049
    26.360,    -0.757,     5.586
    26.370,    -0.697,     6.020
    26.380,    -0.633,     6.358
    26.390,    -0.567,     6.612
    26.400,    -0.499,     6.794
    26.410,    -0.430,     6.918
    26.420,    -0.360,     6.998
    26.430,    -0.290,     7.044
    26.440,    -0.219,     7.069
    26.450,    -0.148,     7.079
    26.460,    -0.077,     7.082
    26.470,    -0.006,     7.083
    26.480,     0.064,     7.083
    26.490,     0.135,     7.083
    26.500,     0.206,     7.080
    26.510,     0.277,     7.071
    26.520,     0.347,     7.050
    26.530,     0.417,     7.008
    26.540,     0.487,     6.936
    26.550,     0.555,     6.820
    26.560,     0.621,     6.649
    26.570,     0.686,     6.409
    26.580,     0.746,     6.087
    26.590,     0.803,     5.671
    26.600,     0.855,     5.154
    26.610,     0.900,     4.529
    26.620,     0.938,     3.800
    26.630,     0.968,     2.975
    26.640,     0.988,     2.069
    26.650,     0.999,     1.104
    26.660,     1.000,     0.105
    26.670,     0.992,    -0.896
    26.680,     0.973,    -1.871
    26.690,     0.945,    -2.791
    26.700,     0.909,    -3.635
    26.710,     0.865,    -4.385
    26.720,     0.814,    -5.032
    26.730,     0.759,    -5.572
    26.740,     0.699,    -6.008
    26.750,     0.635,    -6.349
    26.760,     0.569,    -6.605
    26.770,     0.501,    -6.790
    26.780,     0.432,    -6.915
    26.790,     0.362,    -6.996
    26.800,     0.292,    -7.043
    26.810,     0.221,    -7.068
    26.820,     0.150,    -7.079
    26.830,     0.079,    -7.082
    26.840,     0.008,    -7.083
    26.850,    -0.062,    -7.083
    26.860,    -0.133,    -7.083
    26.870,    -0.204,    -7.080
    26.880,    -0.275,    -7.072
    26.890,    -0.345,    -7.051
    26.900,    -0.415,    -7.010
    26.910,    -0.485,    -6.938
    26.920,    -0.553,    -6.824
    26.930,    -0.620,    -6.655
    26.940,    -0.684,    -6.418
    26.950,    -0.745,    -6.098
    26.960,    -0.802,    -5.685
    26.970,    -0.853,    -5.170
    26.980,    -0.899,    -4.549
    26.990,    -0.937,    -3.823
    27.000,    -0.967,    -3.001
    27.010,    -0.988,    -2.097
    27.020,    -0.999,    -1.132
    27.030,    -1.001,    -0.135
    27.040,    -0.992,     0.867
    27.050,    -0.973,     1.843
    27.060,    -0.946,     2.766
    27.070,    -0.910,     3.612
    27.080,    -0.866,     4.365
    27.090,    -0.816,     5.014
    27.100,    -0.760,     5.557
    27.110,    -0.700,     5.997
    27.120,    -0.637,     6.340
    27.130,    -0.571,     6.599
    27.140,    -0.503,     6.785
    27.150,    -0.434,     6.912
    27.160,    -0.364,     6.994
    27.170,    -0.294,     7.042
    27.180,    -0.223,     7.068
    27.190,    -0.152,     7.079
    27.200,    -0.081,     7.082
    27.210,    -0.011,     7.083
    27.220,     0.060,     7.083
    27.230,     0.131,     7.083
    27.240,     0.202,     7.080
    27.250,     0.273,     7.072
    27.260,     0.343,     7.052
    27.270,     0.413,     7.012
    27.280,     0.483,     6.941
    27.290,     0.551,     6.828
    27.300,     0.618,     6.661
    27.310,     0.682,     6.426
    27.320,     0.743,     6.109
    27.330,     0.800,     5.699
    27.340,     0.852,     5.187
    27.350,     0.897,     4.569
    27.360,     0.936,     3.846
    27.370,     0.966,     3.026
    27.380,     0.987,     2.124
    27.390,     0.999,     1.161
    27.400,     1.001,     0.164
    27.410,     0.992,    -0.838
    27.420,     0.974,    -1.815
    27.430,     0.947,    -2.740
    27.440,     0.911,    -3.588
    27.450,     0.867,    -4.344
    27.460,     0.817,    -4.997
    27.470,     0.762,    -5.543
    27.480,     0.702,    -5.985
    27.490,     0.639,    -6.332
    27.500,     0.573,    -6.592
    27.510,     0.505,    -6.781
    27.520,     0.436,    -6.909
    27.530,     0.366,    -6.992
    27.540,     0.296,    -7.041
    27.550,     0.225,    -7.067
    27.560,     0.154,    -7.079
    27.570,     0.083,    -7.082
    27.580,     0.013,    -7.083
    27.590,    -0.058,    -7.083
    27.600,    -0.129,    -7.083
    27.610,    -0.200,    -7.081
    27.620,    -0.271,    -7.073
    27.630,    -0.341,    -7.053
    27.640,    -0.411,    -7.013
    27.650,    -0.481,    -6.944
    27.660,    -0.549,    -6.832
    27.670,    -0.616,    -6.667
    27.680,    -0.680,    -6.434
    27.690,    -0.741,    -6.119
    27.700,    -0.798,    -5.712
    27.710,    -0.850,    -5.203
    27.720,    -0.896,    -4.588
    27.730,    -0.935,    -3.868
    27.740,    -0.965,    -3.051
    27.750,    -0.987,    -2.151
    27.760,    -0.999,    -1.190
    27.770,    -1.001,    -0.193
    27.780,    -0.993,     0.809
    27.790,    -0.975,     1.787
    27.800,    -0.948,     2.714
    27.810,    -0.912,     3.565
    27.820,    -0.869,     4.323
    27.830,    -0.819,     4.979
    27.840,    -0.764,     5.528
    27.850,    -0.704,     5.974
    27.860,    -0.641,     6.323
    27.870,    -0.575,     6.586
    27.880,    -0.507,     6.776
    27.890,    -0.438,     6.906
    27.900,    -0.368,     6.990
    27.910,    -0.298,     7.040
    27.920,    -0.227,     7.067
    27.930,    -0.156,     7.078
    27.940,    -0.085,     7.082
    27.950,    -0.015,     7.083
    27.960,     0.056,     7.083
    27.970,     0.127,     7.083
    27.980,     0.198,     7.081
    27.990,     0.269,     7.073
    28.000,     0.339,     7.054
    28.010,     0.409,     7.015
    28.020,     0.479,     6.946
    28.030,     0.547,     6.836
    28.040,     0.614,     6.673
    28.050,     0.678,     6.442
    28.060,     0.739,     6.130
    28.070,     0.797,     5.725
    28.080,     0.849,     5.220
    28.090,     0.895,     4.608
    28.100,     0.934,     3.891
    28.110,     0.965,     3.076
    28.120,     0.986,     2.179
    28.130,     0.999,     1.219
    28.140,     1.001,     0.223
    28.150,     0.993,    -0.780
    28.160,     0.975,    -1.759
    28.170,     0.949,    -2.687
    28.180,     0.913,    -3.541
    28.190,     0.870,    -4.303
    28.200,     0.821,    -4.961
    28.210,     0.765,    -5.514
    28.220,     0.706,    -5.962
    28.230,     0.643,    -6.314
    28.240,     0.577,    -6.579
    28.250,     0.509,    -6.771
    28.260,     0.440,    -6.903
    28.270,     0.370,    -6.989
    28.280,     0.300,    -7.039
    28.290,     0.229,    -7.066
    28.300,     0.158,    -7.078
    28.310,     0.088,    -7.082
    28.320,     0.017,    -7.083
    28.330,    -0.054,    -7.083
    28.340,    -0.125,    -7.083
    28.350,    -0.196,    -7.081
    28.360,    -0.266,    -7.073
    28.370,    -0.337,    -7.054
    28.380,    -0.407,    -7.016
    28.390,    -0.477,    -6.949
    28.400,    -0.545,    -6.840
    28.410,    -0.612,    -6.678
    28.420,    -0.676,    -6.449
    28.430,    -0.738,    -6.140
    28.440,    -0.795,    -5.738
    28.450,    -0.847,    -5.236
    28.460,    -0.894,    -4.627
    28.470,    -0.933,    -3.913
    28.480,    -0.964,    -3.101
    28.490,    -0.986,    -2.206
    28.500,    -0.998,    -1.247
    28.510,    -1.001,    -0.252
    28.520,    -0.993,     0.751
    28.530,    -0.976,     1.731
    28.540,    -0.950,     2.661
    28.550,    -0.914,     3.517
    28.560,    -0.872,     4.282
    28.570,    -0.822,     4.944
    28.580,    -0.767,     5.499
    28.590,    -0.708,     5.951
    28.600,    -0.645,     6.305
    28.610,    -0.579,     6.573
    28.620,    -0.511,     6.767
    28.630,    -0.442,     6.900
    28.640,    -0.372,     6.987
    28.650,    -0.302,     7.038
    28.660,    -0.231,     7.066
    28.670,    -0.160,     7.078
    28.680,    -0.090,     7.082
    28.690,    -0.019,     7.083
    28.700,     0.052,     7.083
    28.710,     0.123,     7.083
    28.720,     0.194,     7.081
    28.730,     0.264,     7.074
    28.740,     0.335,     7.055
    28.750,     0.405,     7.018
    28.760,     0.475,     6.951
    28.770,     0.543,     6.844
    28.780,     0.610,     6.684
    28.790,     0.674,     6.457
    28.800,     0.736,     6.150
    28.810,     0.794,     5.752
    28.820,     0.846,     5.252
    28.830,     0.892,     4.646
    28.840,     0.932,     3.936
    28.850,     0.963,     3.126
    28.860,     0.985,     2.233
    28.870,     0.998,     1.276
    28.880,     1.001,     0.281
    28.890,     0.994,    -0.722
    28.900,     0.977,    -1.703
    28.910,     0.950,    -2.635
    28.920,     0.915,    -3.493
    28.930,     0.873,    -4.261
    28.940,     0.824,    -4.926
    28.950,     0.769,    -5.485
    28.960,     0.709,    -5.939
    28.970,     0.646,    -6.296
    28.980,     0.581,    -6.566
    28.990,     0.513,    -6.762
    29.000,     0.444,    -6.897
    29.010,     0.374,    -6.985
    29.020,     0.304,    -7.037
    29.030,     0.233,    -7.065
    29.040,     0.163,    -7.078
    29.050,     0.092,    -7.082
    29.060,     0.021,    -7.083
    29.070,    -0.050,    -7.083
    29.080,    -0.121,    -7.083
    29.090,    -0.192,    -7.081
    29.100,    -0.262,    -7.074
    29.110,    -0.333,    -7.056
    29.120,    -0.403,    -7.019
    29.130,    -0.473,    -6.954
    29.140,    -0.541,    -6.848
    29.150,    -0.608,    -6.690
    29.160,    -0.673,    -6.465
    29.170,    -0.734,    -6.161
    29.180,    -0.792,    -5.765
    29.190,    -0.845,    -5.268
    29.200,    -0.891,    -4.666
    29.210,    -0.931,    -3.958
    29.220,    -0.962,    -3.151
    29.230,    -0.985,    -2.260
    29.240,    -0.998,    -1.305
    29.250,    -1.001,    -0.311
    29.260,    -0.994,     0.692
    29.270,    -0.977,     1.675
    29.280,    -0.951,     2.609
    29.290,    -0.917,     3.470
    29.300,    -0.874,     4.240
    29.310,    -0.825,     4.908
    29.320,    -0.770,     5.470
    29.330,    -0.711,     5.927
    29.340,    -0.648,     6.287
    29.350,    -0.583,     6.559
    29.360,    -0.515,     6.757
    29.370,    -0.446,     6.894
    29.380,    -0.376,     6.983
    29.390,    -0.306,     7.036
    29.400,    -0.235,     7.065
    29.410,    -0.165,     7.078
    29.420,    -0.094,     7.082
    29.430,    -0.023,     7.083
    29.440,     0.048,     7.083
    29.450,     0.119,     7.083
    29.460,     0.190,     7.081
    29.470,     0.260,     7.074
    29.480,     0.331,     7.057
    29.490,     0.401,     7.020
    29.500,     0.471,     6.956
    29.510,     0.539,     6.852
    29.520,     0.606,     6.695
    29.530,     0.671,     6.472
    29.540,     0.732,     6.171
    29.550,     0.790,     5.778
    29.560,     0.843,     5.284
    29.570,     0.890,     4.685
    29.580,     0.930,     3.980
    29.590,     0.962,     3.176
    29.600,     0.984,     2.287
    29.610,     0.998,     1.333
    29.620,     1.001,     0.340
    29.630,     0.994,    -0.663
    29.640,     0.978,    -1.647
    29.650,     0.952,    -2.582
    29.660,     0.918,    -3.446
    29.670,     0.876,    -4.219
    29.680,     0.827,    -4.890
    29.690,     0.772,    -5.455
    29.700,     0.713,    -5.915
    29.710,     0.650,    -6.277
    29.720,     0.585,    -6.552
    29.730,     0.517,    -6.752
    29.740,     0.448,    -6.891
    29.750,     0.378,    -6.981
    29.760,     0.308,    -7.035
    29.770,     0.237,    -7.064
    29.780,     0.167,    -7.077
    29.790,     0.096,    -7.082
    29.800,     0.025,    -7.083
    29.810,    -0.046,    -7.083
    29.820,    -0.117,    -7.083
    29.830,    -0.187,    -7.081
    29.840,    -0.258,    -7.075
    29.850,    -0.329,    -7.057
    29.860,    -0.399,    -7.022
    29.870,    -0.469,    -6.958
    29.880,    -0.537,    -6.856
    29.890,    -0.604,    -6.701
    29.900,    -0.669,    -6.480
    29.910,    -0.731,    -6.181
    29.920,    -0.789,    -5.791
    29.930,    -0.842,    -5.300
    29.940,    -0.889,    -4.704
    29.950,    -0.929,    -4.002
    29.960,    -0.961,    -3.201
    29.970,    -0.984,    -2.314
    29.980,    -0.997,    -1.362
