     0.000,     0.000
     0.410,     0.287
     0.818,     0.572
     1.226,     0.856
     1.633,     1.138
     2.039,     1.418
     2.445,     1.697
     2.849,     1.974
     3.253,     2.250
     3.656,     2.525
     4.058,     2.797
     4.459,     3.068
     4.859,     3.338
     5.259,     3.606
     5.657,     3.873
     6.055,     4.138
     6.452,     4.401
     6.848,     4.663
     7.244,     4.924
     7.638,     5.183
     8.032,     5.440
     8.425,     5.696
     8.817,     5.950
     9.208,     6.203
     9.599,     6.455
     9.989,     6.704
    10.378,     6.953
    10.766,     7.200
    11.153,     7.445
    11.540,     7.689
    11.925,     7.932
    12.310,     8.172
    12.694,     8.412
    13.078,     8.650
    13.460,     8.886
    13.842,     9.122
    14.223,     9.355
    14.603,     9.587
    14.982,     9.818
    15.361,    10.047
    15.739,    10.275
    16.116,    10.501
    16.492,    10.726
    16.868,    10.949
    17.242,    11.171
    17.616,    11.392
    17.989,    11.611
    18.362,    11.829
    18.733,    12.045
    19.104,    12.260
    19.474,    12.473
    19.843,    12.685
    20.212,    12.895
    20.579,    13.104
    20.946,    13.312
    21.312,    13.518
    21.678,    13.723
    22.042,    13.926
    22.406,    14.128
    22.769,    14.329
    23.131,    14.528
    23.493,    14.726
    23.854,    14.922
    24.213,    15.117
    24.573,    15.310
    24.931,    15.503
    25.289,    15.693
    25.645,    15.883
    26.001,    16.071
    26.357,    16.257
    26.711,    16.442
    27.065,    16.626
    27.418,    16.809
    27.770,    16.990
    28.122,    17.169
    28.472,    17.347
    28.822,    17.524
    29.171,    17.700
    29.519,    17.874
    29.867,    18.047
    30.214,    18.218
    30.560,    18.388
    30.905,    18.557
    31.249,    18.724
    31.593,    18.890
    31.936,    19.055
    32.278,    19.218
    32.619,    19.380
    32.960,    19.540
    33.300,    19.700
    33.639,    19.858
    33.977,    20.014
    34.314,    20.169
    34.651,    20.323
    34.987,    20.476
    35.322,    20.627
    35.656,    20.777
    35.990,    20.925
    36.323,    21.072
    36.655,    21.218
    36.986,    21.363
    37.316,    21.506
    37.646,    21.648
    37.975,    21.788
    38.303,    21.928
    38.631,    22.066
    38.957,    22.202
    39.283,    22.338
    39.608,    22.472
    39.932,    22.605
    40.256,    22.736
    40.579,    22.866
    40.901,    22.995
    41.222,    23.123
    41.542,    23.249
    41.862,    23.374
    42.181,    23.498
    42.499,    23.620
    42.816,    23.741
    43.133,    23.861
    43.449,    23.980
    43.764,    24.097
    44.078,    24.213
    44.392,    24.328
    44.704,    24.442
    45.017,    24.554
    45.328,    24.665
    45.638,    24.775
    45.948,    24.884
    46.257,    24.991
    46.565,    25.097
    46.873,    25.202
    47.180,    25.306
    47.486,    25.408
    47.791,    25.509
    48.095,    25.609
    48.399,    25.708
    48.702,    25.805
    49.004,    25.901
    49.306,    25.996
    49.607,    26.090
    49.907,    26.183
    50.206,    26.274
    50.505,    26.364
    50.803,    26.453
    51.100,    26.541
    51.396,    26.628
    51.692,    26.713
    51.987,    26.797
    52.281,    26.880
    52.574,    26.962
    52.867,    27.043
    53.159,    27.122
    53.451,    27.201
    53.741,    27.278
    54.031,    27.354
    54.321,    27.429
    54.609,    27.502
    54.897,    27.575
    55.184,    27.646
    55.470,    27.716
    55.756,    27.785
    56.041,    27.853
    56.326,    27.920
    56.609,    27.985
    56.892,    28.050
    57.174,    28.113
    57.456,    28.175
    57.737,    28.236
    58.017,    28.296
    58.297,    28.355
    58.576,    28.413
    58.854,    28.469
    59.131,    28.525
    59.408,    28.579
    59.684,    28.632
    59.960,    28.684
    60.235,    28.735
    60.509,    28.785
    60.783,    28.834
    61.056,    28.882
    61.328,    28.928
    61.599,    28.974
    61.870,    29.018
    62.141,    29.061
    62.410,    29.104
    62.679,    29.145
    62.948,    29.185
    63.216,    29.224
    63.483,    29.262
    63.749,    29.299
    64.015,    29.334
    64.280,    29.369
    64.545,    29.403
    64.809,    29.435
    65.073,    29.467
    65.335,    29.497
    65.597,    29.527
    65.859,    29.555
    66.120,    29.582
    66.380,    29.609
    66.640,    29.634
    66.899,    29.658
    67.158,    29.681
    67.416,    29.704
    67.673,    29.725
    67.930,    29.745
    68.186,    29.764
    68.442,    29.782
    68.697,    29.799
    68.951,    29.815
    69.205,    29.830
    69.458,    29.844
    69.711,    29.857
    69.963,    29.869
    70.215,    29.879
    70.466,    29.889
    70.716,    29.898
    70.966,    29.906
    71.215,    29.913
    71.464,    29.919
    71.712,    29.924
    71.960,    29.928
    72.207,    29.931
    72.453,    29.933
    72.699,    29.934
    72.945,    29.934
    73.189,    29.933
    73.434,    29.931
    73.677,    29.928
    73.921,    29.924
    74.163,    29.919
    74.406,    29.913
    74.647,    29.906
    74.888,    29.898
    75.129,    29.890
    75.369,    29.880
    75.608,    29.869
    75.847,    29.858
    76.086,    29.845
    76.324,    29.831
    76.561,    29.817
    76.798,    29.802
    77.035,    29.785
    77.270,    29.768
    77.506,    29.749
    77.741,    29.730
    77.975,    29.710
    78.209,    29.689
    78.442,    29.667
    78.675,    29.644
    78.907,    29.620
    79.139,    29.595
    79.371,    29.569
    79.601,    29.543
    79.832,    29.515
    80.062,    29.487
    80.291,    29.457
    80.520,    29.427
    80.748,    29.395
    80.976,    29.363
    81.204,    29.330
    81.431,    29.296
    81.657,    29.261
    81.883,    29.225
    82.109,    29.188
    82.334,    29.151
    82.558,    29.112
    82.782,    29.073
    83.006,    29.032
    83.229,    28.991
    83.452,    28.949
    83.674,    28.906
    83.896,    28.862
    84.117,    28.817
    84.338,    28.772
    84.558,    28.725
    84.778,    28.677
    84.998,    28.629
    85.217,    28.580
    85.435,    28.530
    85.653,    28.479
    85.871,    28.427
    86.088,    28.374
    86.305,    28.321
    86.521,    28.266
    86.737,    28.211
    86.952,    28.154
    87.167,    28.097
    87.382,    28.039
    87.596,    27.981
    87.809,    27.921
    88.023,    27.860
    88.235,    27.799
    88.448,    27.737
    88.660,    27.674
    88.871,    27.610
    89.082,    27.545
    89.293,    27.479
    89.503,    27.413
    89.712,    27.345
    89.922,    27.277
    90.130,    27.208
    90.339,    27.138
    90.547,    27.068
    90.754,    26.996
    90.962,    26.924
    91.168,    26.851
    91.375,    26.777
    91.580,    26.702
    91.786,    26.626
    91.991,    26.550
    92.196,    26.472
    92.400,    26.394
    92.604,    26.315
    92.807,    26.235
    93.010,    26.155
    93.212,    26.073
    93.415,    25.991
    93.616,    25.908
    93.818,    25.824
    94.018,    25.739
    94.219,    25.654
    94.419,    25.567
    94.619,    25.480
    94.818,    25.392
    95.017,    25.304
    95.215,    25.214
    95.413,    25.124
    95.611,    25.033
    95.808,    24.941
    96.005,    24.848
    96.202,    24.755
    96.398,    24.660
    96.593,    24.565
    96.789,    24.469
    96.984,    24.373
    97.178,    24.275
    97.372,    24.177
    97.566,    24.078
    97.759,    23.978
    97.952,    23.878
    98.145,    23.776
    98.337,    23.674
    98.528,    23.571
    98.720,    23.467
    98.911,    23.363
    99.101,    23.258
    99.292,    23.152
    99.481,    23.045
    99.671,    22.938
    99.860,    22.829
   100.048,    22.720
   100.237,    22.610
   100.425,    22.500
   100.612,    22.389
   100.799,    22.277
   100.986,    22.164
   101.172,    22.050
   101.358,    21.936
   101.544,    21.821
   101.729,    21.705
   101.914,    21.588
   102.098,    21.471
   102.283,    21.353
   102.466,    21.234
   102.650,    21.115
   102.833,    20.994
   103.015,    20.873
   103.197,    20.752
   103.379,    20.629
   103.561,    20.506
   103.742,    20.382
   103.923,    20.257
   104.103,    20.132
   104.283,    20.006
   104.463,    19.879
   104.642,    19.752
   104.821,    19.623
   104.999,    19.494
   105.178,    19.365
   105.355,    19.234
   105.533,    19.103
   105.710,    18.971
   105.887,    18.839
   106.063,    18.705
   106.239,    18.571
   106.415,    18.437
   106.590,    18.301
   106.765,    18.165
   106.939,    18.028
   107.114,    17.891
   107.287,    17.753
   107.461,    17.614
   107.634,    17.474
   107.807,    17.334
   107.979,    17.193
   108.151,    17.051
   108.323,    16.909
   108.494,    16.766
   108.665,    16.622
   108.836,    16.478
   109.006,    16.333
   109.176,    16.187
   109.346,    16.041
   109.515,    15.894
   109.684,    15.746
   109.852,    15.597
   110.020,    15.448
   110.188,    15.298
   110.356,    15.148
   110.523,    14.997
   110.690,    14.845
   110.856,    14.693
   111.022,    14.539
   111.188,    14.386
   111.353,    14.231
   111.518,    14.076
   111.683,    13.920
   111.847,    13.764
   112.011,    13.607
   112.175,    13.449
   112.338,    13.291
   112.501,    13.132
   112.664,    12.972
   112.826,    12.812
   112.988,    12.651
   113.150,    12.489
   113.311,    12.327
   113.472,    12.164
   113.632,    12.001
   113.793,    11.836
   113.953,    11.672
   114.112,    11.506
   114.271,    11.340
   114.430,    11.173
   114.589,    11.006
   114.747,    10.838
   114.905,    10.670
   115.062,    10.501
   115.220,    10.331
   115.376,    10.160
   115.533,     9.989
   115.689,     9.818
   115.845,     9.645
   116.001,     9.472
   116.156,     9.299
   116.311,     9.125
   116.465,     8.950
   116.619,     8.775
   116.773,     8.599
   116.927,     8.422
   117.080,     8.245
   117.233,     8.068
   117.385,     7.889
   117.538,     7.710
   117.690,     7.531
   117.841,     7.351
   117.992,     7.170
   118.143,     6.989
   118.294,     6.807
   118.444,     6.624
   118.594,     6.441
   118.744,     6.258
   118.893,     6.073
   119.042,     5.889
   119.191,     5.703
   119.339,     5.517
   119.487,     5.331
   119.635,     5.144
   119.782,     4.956
   119.929,     4.768
   120.076,     4.579
   120.222,     4.390
   120.368,     4.200
   120.514,     4.009
   120.659,     3.818
   120.805,     3.626
   120.949,     3.434
   121.094,     3.241
   121.238,     3.048
   121.382,     2.854
   121.525,     2.660
   121.669,     2.465
   121.811,     2.269
   121.954,     2.073
   122.096,     1.876
   122.238,     1.679
   122.380,     1.481
   122.521,     1.283
   122.662,     1.084
   122.803,     0.885
   122.943,     0.685
   123.083,     0.485
   123.223,     0.284
   123.363,     0.082
