     0.000,     2.000
     0.010,     1.804
     0.020,     1.451
     0.030,     0.995
     0.040,     0.502
     0.050,     0.040
     0.060,    -0.327
     0.070,    -0.541
     0.080,    -0.562
     0.090,    -0.369
     0.100,     0.041
     0.110,     0.646
     0.120,     1.407
     0.130,     2.270
     0.140,     3.169
     0.150,     4.037
     0.160,     4.807
     0.170,     5.425
     0.180,     5.848
     0.190,     6.056
     0.200,     6.048
     0.210,     5.843
     0.220,     5.483
     0.230,     5.021
     0.240,     4.522
     0.250,     4.055
     0.260,     3.685
     0.270,     3.468
     0.280,     3.444
     0.290,     3.635
     0.300,     4.041
     0.310,     4.642
     0.320,     5.398
     0.330,     6.253
     0.340,     7.143
     0.350,     7.999
     0.360,     8.756
     0.370,     9.359
     0.380,     9.767
     0.390,     9.959
     0.400,     9.934
     0.410,     9.713
     0.420,     9.337
     0.430,     8.860
     0.440,     8.348
     0.450,     7.869
     0.460,     7.488
     0.470,     7.260
     0.480,     7.226
     0.490,     7.406
     0.500,     7.801
     0.510,     8.390
     0.520,     9.132
     0.530,     9.972
     0.540,    10.845
     0.550,    11.682
     0.560,    12.418
     0.570,    12.999
     0.580,    13.384
     0.590,    13.552
     0.600,    13.503
     0.610,    13.259
     0.620,    12.860
     0.630,    12.361
     0.640,    11.828
     0.650,    11.329
     0.660,    10.930
     0.670,    10.684
     0.680,    10.632
     0.690,    10.795
     0.700,    11.171
     0.710,    11.741
     0.720,    12.462
     0.730,    13.280
     0.740,    14.128
     0.750,    14.939
     0.760,    15.648
     0.770,    16.200
     0.780,    16.554
     0.790,    16.692
     0.800,    16.612
     0.810,    16.338
     0.820,    15.909
     0.830,    15.382
     0.840,    14.822
     0.850,    14.297
     0.860,    13.872
     0.870,    13.602
     0.880,    13.526
     0.890,    13.665
     0.900,    14.018
     0.910,    14.561
     0.920,    15.256
     0.930,    16.045
     0.940,    16.863
     0.950,    17.642
     0.960,    18.317
     0.970,    18.834
     0.980,    19.153
     0.990,    19.254
     1.000,    19.138
     1.010,    18.828
     1.020,    18.364
     1.030,    17.803
     1.040,    17.210
     1.050,    16.654
     1.060,    16.199
     1.070,    15.899
     1.080,    15.794
     1.090,    15.904
     1.100,    16.226
     1.110,    16.740
     1.120,    17.402
     1.130,    18.158
     1.140,    18.941
     1.150,    19.683
     1.160,    20.320
     1.170,    20.797
     1.180,    21.076
     1.190,    21.136
     1.200,    20.979
     1.210,    20.629
     1.220,    20.126
     1.230,    19.527
     1.240,    18.897
     1.250,    18.305
     1.260,    17.815
     1.270,    17.482
     1.280,    17.344
     1.290,    17.421
     1.300,    17.710
     1.310,    18.189
     1.320,    18.816
     1.330,    19.535
     1.340,    20.279
     1.350,    20.981
     1.360,    21.577
     1.370,    22.011
     1.380,    22.246
     1.390,    22.262
     1.400,    22.062
     1.410,    21.668
     1.420,    21.123
     1.430,    20.483
     1.440,    19.814
     1.450,    19.184
     1.460,    18.657
     1.470,    18.288
     1.480,    18.115
     1.490,    18.156
     1.500,    18.410
     1.510,    18.853
     1.520,    19.442
     1.530,    20.122
     1.540,    20.826
     1.550,    21.486
     1.560,    22.038
     1.570,    22.428
     1.580,    22.617
     1.590,    22.588
     1.600,    22.343
     1.610,    21.905
     1.620,    21.316
     1.630,    20.634
     1.640,    19.924
     1.650,    19.255
     1.660,    18.691
     1.670,    18.285
     1.680,    18.076
     1.690,    18.081
     1.700,    18.299
     1.710,    18.704
     1.720,    19.256
     1.730,    19.896
     1.740,    20.559
     1.750,    21.177
     1.760,    21.685
     1.770,    22.030
     1.780,    22.175
     1.790,    22.100
     1.800,    21.810
     1.810,    21.328
     1.820,    20.696
     1.830,    19.973
     1.840,    19.223
     1.850,    18.516
     1.860,    17.914
     1.870,    17.472
     1.880,    17.228
     1.890,    17.198
     1.900,    17.380
     1.910,    17.750
     1.920,    18.265
     1.930,    18.867
     1.940,    19.490
     1.950,    20.067
     1.960,    20.533
     1.970,    20.836
     1.980,    20.937
     1.990,    20.819
     2.000,    20.485
     2.010,    19.961
     2.020,    19.288
     2.030,    18.525
     2.040,    17.738
     2.050,    16.994
     2.060,    16.358
     2.070,    15.882
     2.080,    15.605
     2.090,    15.543
     2.100,    15.692
     2.110,    16.029
     2.120,    16.509
     2.130,    17.076
     2.140,    17.663
     2.150,    18.202
     2.160,    18.629
     2.170,    18.891
     2.180,    18.952
     2.190,    18.793
     2.200,    18.420
     2.210,    17.857
     2.220,    17.147
     2.230,    16.348
     2.240,    15.526
     2.250,    14.750
     2.260,    14.083
     2.270,    13.578
     2.280,    13.272
     2.290,    13.181
     2.300,    13.302
     2.310,    13.610
     2.320,    14.060
     2.330,    14.595
     2.340,    15.150
     2.350,    15.655
     2.360,    16.048
     2.370,    16.275
     2.380,    16.300
     2.390,    16.106
     2.400,    15.697
     2.410,    15.100
     2.420,    14.358
     2.430,    13.528
     2.440,    12.677
     2.450,    11.874
     2.460,    11.181
     2.470,    10.651
     2.480,    10.321
     2.490,    10.207
     2.500,    10.305
     2.510,    10.589
     2.520,    11.015
     2.530,    11.525
     2.540,    12.053
     2.550,    12.530
     2.560,    12.893
     2.570,    13.091
     2.580,    13.086
     2.590,    12.862
     2.600,    12.425
     2.610,    11.800
     2.620,    11.031
     2.630,    10.177
     2.640,     9.303
     2.650,     8.478
     2.660,     7.766
     2.670,     7.218
     2.680,     6.871
     2.690,     6.740
     2.700,     6.821
     2.710,     7.088
     2.720,     7.496
     2.730,     7.987
     2.740,     8.495
     2.750,     8.951
     2.760,     9.292
     2.770,     9.467
     2.780,     9.439
     2.790,     9.192
     2.800,     8.733
     2.810,     8.087
     2.820,     7.299
     2.830,     6.427
     2.840,     5.537
     2.850,     4.699
     2.860,     3.974
     2.870,     3.416
     2.880,     3.058
     2.890,     2.918
     2.900,     2.990
     2.910,     3.247
     2.920,     3.644
     2.930,     4.124
     2.940,     4.619
     2.950,     5.061
     2.960,     5.388
     2.970,     5.547
     2.980,     5.504
     2.990,     5.242
     3.000,     4.769
     3.010,     4.109
     3.020,     3.309
     3.030,     2.427
     3.040,     1.530
     3.050,     0.685
     3.060,    -0.044
     3.070,    -0.605
     3.080,    -0.964
     3.090,    -1.106
     3.100,    -1.036
     3.110,    -0.781
     3.120,    -0.386
     3.130,     0.089
     3.140,     0.580
     3.150,     1.016
     3.160,     1.336
     3.170,     1.488
     3.180,     1.438
     3.190,     1.169
     3.200,     0.689
     3.210,     0.025
     3.220,    -0.779
     3.230,    -1.662
     3.240,    -2.560
     3.250,    -3.402
     3.260,    -4.127
     3.270,    -4.684
     3.280,    -5.037
     3.290,    -5.172
     3.300,    -5.096
     3.310,    -4.834
     3.320,    -4.434
     3.330,    -3.954
     3.340,    -3.461
     3.350,    -3.022
     3.360,    -2.700
     3.370,    -2.547
     3.380,    -2.597
     3.390,    -2.865
     3.400,    -3.343
     3.410,    -4.004
     3.420,    -4.803
     3.430,    -5.680
     3.440,    -6.569
     3.450,    -7.402
     3.460,    -8.115
     3.470,    -8.659
     3.480,    -8.998
     3.490,    -9.118
     3.500,    -9.027
     3.510,    -8.752
     3.520,    -8.338
     3.530,    -7.845
     3.540,    -7.341
     3.550,    -6.892
     3.560,    -6.561
     3.570,    -6.399
     3.580,    -6.440
     3.590,    -6.699
     3.600,    -7.167
     3.610,    -7.818
     3.620,    -8.604
     3.630,    -9.467
     3.640,   -10.340
     3.650,   -11.154
     3.660,   -11.848
     3.670,   -12.371
     3.680,   -12.688
     3.690,   -12.786
     3.700,   -12.673
     3.710,   -12.376
     3.720,   -11.941
     3.730,   -11.428
     3.740,   -10.905
     3.750,   -10.438
     3.760,   -10.091
     3.770,    -9.913
     3.780,    -9.938
     3.790,   -10.180
     3.800,   -10.632
     3.810,   -11.264
     3.820,   -12.030
     3.830,   -12.872
     3.840,   -13.721
     3.850,   -14.511
     3.860,   -15.178
     3.870,   -15.673
     3.880,   -15.961
     3.890,   -16.030
     3.900,   -15.887
     3.910,   -15.561
     3.920,   -15.099
     3.930,   -14.560
     3.940,   -14.011
     3.950,   -13.520
     3.960,   -13.149
     3.970,   -12.948
     3.980,   -12.951
     3.990,   -13.170
     4.000,   -13.598
     4.010,   -14.206
     4.020,   -14.946
     4.030,   -15.760
     4.040,   -16.580
     4.050,   -17.338
     4.060,   -17.972
     4.070,   -18.433
     4.080,   -18.686
     4.090,   -18.720
     4.100,   -18.542
     4.110,   -18.182
     4.120,   -17.686
     4.130,   -17.114
     4.140,   -16.534
     4.150,   -16.013
     4.160,   -15.613
     4.170,   -15.384
     4.180,   -15.359
     4.190,   -15.550
     4.200,   -15.949
     4.210,   -16.527
     4.220,   -17.236
     4.230,   -18.016
     4.240,   -18.802
     4.250,   -19.523
     4.260,   -20.120
     4.270,   -20.541
     4.280,   -20.755
     4.290,   -20.749
     4.300,   -20.531
     4.310,   -20.132
     4.320,   -19.598
     4.330,   -18.989
     4.340,   -18.374
     4.350,   -17.818
     4.360,   -17.385
     4.370,   -17.123
     4.380,   -17.066
     4.390,   -17.225
     4.400,   -17.591
     4.410,   -18.135
     4.420,   -18.808
     4.430,   -19.552
     4.440,   -20.299
     4.450,   -20.980
     4.460,   -21.535
     4.470,   -21.914
     4.480,   -22.085
     4.490,   -22.035
     4.500,   -21.775
     4.510,   -21.333
     4.520,   -20.758
     4.530,   -20.110
     4.540,   -19.455
     4.550,   -18.863
     4.560,   -18.393
     4.570,   -18.096
     4.580,   -18.004
     4.590,   -18.128
     4.600,   -18.459
     4.610,   -18.966
     4.620,   -19.602
     4.630,   -20.307
     4.640,   -21.013
     4.650,   -21.652
     4.660,   -22.163
     4.670,   -22.498
     4.680,   -22.623
     4.690,   -22.528
     4.700,   -22.223
     4.710,   -21.737
     4.720,   -21.119
     4.730,   -20.430
     4.740,   -19.735
     4.750,   -19.104
     4.760,   -18.597
     4.770,   -18.264
     4.780,   -18.136
     4.790,   -18.224
     4.800,   -18.518
     4.810,   -18.988
     4.820,   -19.586
     4.830,   -20.250
     4.840,   -20.915
     4.850,   -21.511
     4.860,   -21.978
     4.870,   -22.268
     4.880,   -22.348
     4.890,   -22.208
     4.900,   -21.858
     4.910,   -21.328
     4.920,   -20.667
     4.930,   -19.936
     4.940,   -19.202
     4.950,   -18.533
     4.960,   -17.989
     4.970,   -17.620
     4.980,   -17.456
     4.990,   -17.509
     5.000,   -17.767
     5.010,   -18.200
     5.020,   -18.760
     5.030,   -19.386
     5.040,   -20.010
     5.050,   -20.564
     5.060,   -20.989
     5.070,   -21.234
     5.080,   -21.270
     5.090,   -21.086
     5.100,   -20.693
     5.110,   -20.121
     5.120,   -19.419
     5.130,   -18.648
     5.140,   -17.876
     5.150,   -17.171
     5.160,   -16.592
     5.170,   -16.189
     5.180,   -15.992
     5.190,   -16.011
     5.200,   -16.236
     5.210,   -16.635
     5.220,   -17.159
     5.230,   -17.749
     5.240,   -18.335
     5.250,   -18.850
     5.260,   -19.234
     5.270,   -19.439
     5.280,   -19.434
     5.290,   -19.208
     5.300,   -18.774
     5.310,   -18.163
     5.320,   -17.423
     5.330,   -16.617
     5.340,   -15.810
     5.350,   -15.072
     5.360,   -14.461
     5.370,   -14.028
     5.380,   -13.801
     5.390,   -13.791
     5.400,   -13.986
     5.410,   -14.355
     5.420,   -14.848
     5.430,   -15.404
     5.440,   -15.956
     5.450,   -16.437
     5.460,   -16.785
     5.470,   -16.953
     5.480,   -16.911
     5.490,   -16.649
     5.500,   -16.179
     5.510,   -15.533
     5.520,   -14.760
     5.530,   -13.922
     5.540,   -13.085
     5.550,   -12.319
     5.560,   -11.682
     5.570,   -11.223
     5.580,   -10.972
     5.590,   -10.937
     5.600,   -11.107
     5.610,   -11.451
     5.620,   -11.918
     5.630,   -12.447
     5.640,   -12.970
     5.650,   -13.421
     5.660,   -13.739
     5.670,   -13.875
     5.680,   -13.802
     5.690,   -13.509
     5.700,   -13.009
     5.710,   -12.335
     5.720,   -11.534
     5.730,   -10.670
     5.740,    -9.810
     5.750,    -9.022
     5.760,    -8.365
     5.770,    -7.886
     5.780,    -7.616
     5.790,    -7.563
     5.800,    -7.715
     5.810,    -8.040
     5.820,    -8.487
     5.830,    -8.995
     5.840,    -9.497
     5.850,    -9.924
     5.860,   -10.217
     5.870,   -10.330
     5.880,   -10.232
     5.890,    -9.915
     5.900,    -9.392
     5.910,    -8.695
     5.920,    -7.874
     5.930,    -6.991
     5.940,    -6.115
     5.950,    -5.311
     5.960,    -4.641
     5.970,    -4.150
     5.980,    -3.868
     5.990,    -3.805
     6.000,    -3.945
     6.010,    -4.258
     6.020,    -4.693
     6.030,    -5.187
     6.040,    -5.674
     6.050,    -6.085
     6.060,    -6.362
     6.070,    -6.458
     6.080,    -6.343
     6.090,    -6.009
     6.100,    -5.470
     6.110,    -4.758
     6.120,    -3.925
     6.130,    -3.031
     6.140,    -2.145
     6.150,    -1.334
     6.160,    -0.658
     6.170,    -0.163
     6.180,     0.122
     6.190,     0.189
     6.200,     0.052
     6.210,    -0.257
     6.220,    -0.687
     6.230,    -1.175
     6.240,    -1.655
     6.250,    -2.059
     6.260,    -2.327
     6.270,    -2.413
     6.280,    -2.289
     6.290,    -1.946
     6.300,    -1.400
     6.310,    -0.682
     6.320,     0.157
     6.330,     1.053
     6.340,     1.940
     6.350,     2.750
     6.360,     3.424
     6.370,     3.915
     6.380,     4.196
     6.390,     4.259
     6.400,     4.116
     6.410,     3.804
     6.420,     3.371
     6.430,     2.880
     6.440,     2.399
     6.450,     1.995
     6.460,     1.728
     6.470,     1.642
     6.480,     1.768
     6.490,     2.111
     6.500,     2.657
     6.510,     3.373
     6.520,     4.208
     6.530,     5.099
     6.540,     5.979
     6.550,     6.780
     6.560,     7.444
     6.570,     7.923
     6.580,     8.192
     6.590,     8.241
     6.600,     8.086
     6.610,     7.761
     6.620,     7.317
     6.630,     6.816
     6.640,     6.326
     6.650,     5.914
     6.660,     5.639
     6.670,     5.547
     6.680,     5.665
     6.690,     6.001
     6.700,     6.539
     6.710,     7.245
     6.720,     8.069
     6.730,     8.947
     6.740,     9.812
     6.750,    10.596
     6.760,    11.241
     6.770,    11.701
     6.780,    11.949
     6.790,    11.978
     6.800,    11.803
     6.810,    11.458
     6.820,    10.994
     6.830,    10.475
     6.840,     9.968
     6.850,     9.541
     6.860,     9.251
     6.870,     9.144
     6.880,     9.248
     6.890,     9.569
     6.900,    10.091
     6.910,    10.780
     6.920,    11.585
     6.930,    12.443
     6.940,    13.285
     6.950,    14.045
     6.960,    14.665
     6.970,    15.098
     6.980,    15.318
     6.990,    15.320
     7.000,    15.117
     7.010,    14.745
     7.020,    14.256
     7.030,    13.712
     7.040,    13.181
     7.050,    12.731
     7.060,    12.419
     7.070,    12.292
     7.080,    12.374
     7.090,    12.673
     7.100,    13.173
     7.110,    13.839
     7.120,    14.618
     7.130,    15.449
     7.140,    16.262
     7.150,    16.992
     7.160,    17.579
     7.170,    17.979
     7.180,    18.166
     7.190,    18.133
     7.200,    17.896
     7.210,    17.491
     7.220,    16.970
     7.230,    16.395
     7.240,    15.835
     7.250,    15.357
     7.260,    15.018
     7.270,    14.863
     7.280,    14.918
     7.290,    15.190
     7.300,    15.662
     7.310,    16.298
     7.320,    17.047
     7.330,    17.845
     7.340,    18.624
     7.350,    19.317
     7.360,    19.867
     7.370,    20.229
     7.380,    20.377
     7.390,    20.305
     7.400,    20.030
     7.410,    19.587
     7.420,    19.029
     7.430,    18.419
     7.440,    17.825
     7.450,    17.313
     7.460,    16.942
     7.470,    16.755
     7.480,    16.780
     7.490,    17.020
     7.500,    17.459
     7.510,    18.061
     7.520,    18.775
     7.530,    19.536
     7.540,    20.277
     7.550,    20.931
     7.560,    21.440
     7.570,    21.759
     7.580,    21.864
     7.590,    21.750
     7.600,    21.432
     7.610,    20.948
     7.620,    20.350
     7.630,    19.701
     7.640,    19.069
     7.650,    18.521
     7.660,    18.114
     7.670,    17.893
     7.680,    17.883
     7.690,    18.089
     7.700,    18.493
     7.710,    19.059
     7.720,    19.735
     7.730,    20.457
     7.740,    21.156
     7.750,    21.768
     7.760,    22.233
     7.770,    22.508
     7.780,    22.568
     7.790,    22.409
     7.800,    22.047
     7.810,    21.520
     7.820,    20.879
     7.830,    20.189
     7.840,    19.518
     7.850,    18.932
     7.860,    18.489
     7.870,    18.232
     7.880,    18.186
     7.890,    18.355
     7.900,    18.723
     7.910,    19.251
     7.920,    19.888
     7.930,    20.570
     7.940,    21.228
     7.950,    21.796
     7.960,    22.216
     7.970,    22.446
     7.980,    22.461
     7.990,    22.256
     8.000,    21.850
     8.010,    21.278
     8.020,    20.596
     8.030,    19.865
     8.040,    19.154
     8.050,    18.530
     8.060,    18.050
     8.070,    17.757
     8.080,    17.675
     8.090,    17.809
     8.100,    18.140
     8.110,    18.631
     8.120,    19.230
     8.130,    19.871
     8.140,    20.488
     8.150,    21.013
     8.160,    21.390
     8.170,    21.576
     8.180,    21.546
     8.190,    21.297
     8.200,    20.847
     8.210,    20.233
     8.220,    19.509
     8.230,    18.739
     8.240,    17.991
     8.250,    17.330
     8.260,    16.815
     8.270,    16.487
     8.280,    16.372
     8.290,    16.472
     8.300,    16.768
     8.310,    17.224
     8.320,    17.786
     8.330,    18.390
     8.340,    18.968
     8.350,    19.453
     8.360,    19.789
     8.370,    19.932
     8.380,    19.860
     8.390,    19.570
     8.400,    19.079
     8.410,    18.426
     8.420,    17.663
     8.430,    16.856
     8.440,    16.073
     8.450,    15.380
     8.460,    14.832
     8.470,    14.474
     8.480,    14.328
     8.490,    14.397
     8.500,    14.663
     8.510,    15.087
     8.520,    15.616
     8.530,    16.186
     8.540,    16.728
     8.550,    17.177
     8.560,    17.475
     8.570,    17.581
     8.580,    17.471
     8.590,    17.143
     8.600,    16.615
     8.610,    15.927
     8.620,    15.131
     8.630,    14.292
     8.640,    13.478
     8.650,    12.756
     8.660,    12.181
     8.670,    11.796
     8.680,    11.624
     8.690,    11.668
     8.700,    11.908
     8.710,    12.305
     8.720,    12.806
     8.730,    13.347
     8.740,    13.859
     8.750,    14.276
     8.760,    14.542
     8.770,    14.616
     8.780,    14.473
     8.790,    14.113
     8.800,    13.554
     8.810,    12.836
     8.820,    12.012
     8.830,    11.146
     8.840,    10.308
     8.850,     9.563
     8.860,     8.967
     8.870,     8.561
     8.880,     8.370
     8.890,     8.393
     8.900,     8.613
     8.910,     8.990
     8.920,     9.469
     8.930,     9.987
     8.940,    10.475
     8.950,    10.867
     8.960,    11.108
     8.970,    11.155
     8.980,    10.986
     8.990,    10.600
     9.000,    10.017
     9.010,     9.275
     9.020,     8.430
     9.030,     7.545
     9.040,     6.689
     9.050,     5.927
     9.060,     5.317
     9.070,     4.898
     9.080,     4.693
     9.090,     4.704
     9.100,     4.911
     9.110,     5.274
     9.120,     5.739
     9.130,     6.241
     9.140,     6.712
     9.150,     7.086
     9.160,     7.308
     9.170,     7.336
     9.180,     7.149
     9.190,     6.745
     9.200,     6.145
     9.210,     5.387
     9.220,     4.528
     9.230,     3.631
     9.240,     2.764
     9.250,     1.995
     9.260,     1.377
     9.270,     0.952
     9.280,     0.742
     9.290,     0.748
     9.300,     0.949
     9.310,     1.306
     9.320,     1.764
     9.330,     2.258
     9.340,     2.720
     9.350,     3.084
     9.360,     3.296
     9.370,     3.313
     9.380,     3.115
     9.390,     2.700
     9.400,     2.091
     9.410,     1.326
     9.420,     0.460
     9.430,    -0.441
     9.440,    -1.310
     9.450,    -2.080
     9.460,    -2.697
     9.470,    -3.119
     9.480,    -3.326
     9.490,    -3.317
     9.500,    -3.114
     9.510,    -2.754
     9.520,    -2.295
     9.530,    -1.801
     9.540,    -1.341
     9.550,    -0.978
     9.560,    -0.770
     9.570,    -0.755
     9.580,    -0.956
     9.590,    -1.373
     9.600,    -1.983
     9.610,    -2.748
     9.620,    -3.611
     9.630,    -4.509
     9.640,    -5.371
     9.650,    -6.134
     9.660,    -6.741
     9.670,    -7.154
     9.680,    -7.350
     9.690,    -7.330
     9.700,    -7.115
     9.710,    -6.746
     9.720,    -6.278
     9.730,    -5.775
     9.740,    -5.308
     9.750,    -4.939
     9.760,    -4.725
     9.770,    -4.706
     9.780,    -4.902
     9.790,    -5.312
     9.800,    -5.916
     9.810,    -6.672
     9.820,    -7.525
     9.830,    -8.410
     9.840,    -9.259
     9.850,   -10.006
     9.860,   -10.596
     9.870,   -10.990
     9.880,   -11.168
     9.890,   -11.129
     9.900,   -10.896
     9.910,   -10.508
     9.920,   -10.023
     9.930,    -9.505
     9.940,    -9.023
     9.950,    -8.641
     9.960,    -8.414
     9.970,    -8.381
     9.980,    -8.564
     9.990,    -8.961
    10.000,    -9.550
    10.010,   -10.290
    10.020,   -11.126
    10.030,   -11.991
    10.040,   -12.818
    10.050,   -13.542
    10.060,   -14.108
    10.070,   -14.477
    10.080,   -14.628
    10.090,   -14.563
    10.100,   -14.304
    10.110,   -13.891
    10.120,   -13.382
    10.130,   -12.841
    10.140,   -12.337
    10.150,   -11.934
    10.160,   -11.687
    10.170,   -11.635
    10.180,   -11.798
    10.190,   -12.174
    10.200,   -12.742
    10.210,   -13.459
    10.220,   -14.270
    10.230,   -15.109
    10.240,   -15.908
    10.250,   -16.602
    10.260,   -17.137
    10.270,   -17.473
    10.280,   -17.592
    10.290,   -17.494
    10.300,   -17.203
    10.310,   -16.759
    10.320,   -16.220
    10.330,   -15.650
    10.340,   -15.117
    10.350,   -14.688
    10.360,   -14.414
    10.370,   -14.337
    10.380,   -14.474
    10.390,   -14.824
    10.400,   -15.364
    10.410,   -16.053
    10.420,   -16.833
    10.430,   -17.640
    10.440,   -18.406
    10.450,   -19.064
    10.460,   -19.562
    10.470,   -19.862
    10.480,   -19.942
    10.490,   -19.807
    10.500,   -19.478
    10.510,   -18.998
    10.520,   -18.423
    10.530,   -17.818
    10.540,   -17.253
    10.550,   -16.792
    10.560,   -16.487
    10.570,   -16.379
    10.580,   -16.486
    10.590,   -16.805
    10.600,   -17.313
    10.610,   -17.968
    10.620,   -18.714
    10.630,   -19.485
    10.640,   -20.212
    10.650,   -20.831
    10.660,   -21.288
    10.670,   -21.546
    10.680,   -21.584
    10.690,   -21.407
    10.700,   -21.037
    10.710,   -20.516
    10.720,   -19.902
    10.730,   -19.260
    10.740,   -18.658
    10.750,   -18.161
    10.760,   -17.823
    10.770,   -17.681
    10.780,   -17.753
    10.790,   -18.038
    10.800,   -18.511
    10.810,   -19.130
    10.820,   -19.838
    10.830,   -20.569
    10.840,   -21.255
    10.850,   -21.832
    10.860,   -22.246
    10.870,   -22.459
    10.880,   -22.453
    10.890,   -22.231
    10.900,   -21.817
    10.910,   -21.254
    10.920,   -20.599
    10.930,   -19.916
    10.940,   -19.276
    10.950,   -18.742
    10.960,   -18.367
    10.970,   -18.189
    10.980,   -18.226
    10.990,   -18.475
    11.000,   -18.911
    11.010,   -19.492
    11.020,   -20.161
    11.030,   -20.851
    11.040,   -21.495
    11.050,   -22.028
    11.060,   -22.397
    11.070,   -22.565
    11.080,   -22.513
    11.090,   -22.246
    11.100,   -21.788
    11.110,   -21.181
    11.120,   -20.484
    11.130,   -19.761
    11.140,   -19.082
    11.150,   -18.510
    11.160,   -18.099
    11.170,   -17.885
    11.180,   -17.886
    11.190,   -18.098
    11.200,   -18.498
    11.210,   -19.041
    11.220,   -19.671
    11.230,   -20.320
    11.240,   -20.922
    11.250,   -21.411
    11.260,   -21.736
    11.270,   -21.859
    11.280,   -21.763
    11.290,   -21.451
    11.300,   -20.949
    11.310,   -20.300
    11.320,   -19.562
    11.330,   -18.800
    11.340,   -18.083
    11.350,   -17.474
    11.360,   -17.027
    11.370,   -16.779
    11.380,   -16.746
    11.390,   -16.924
    11.400,   -17.288
    11.410,   -17.795
    11.420,   -18.387
    11.430,   -18.998
    11.440,   -19.559
    11.450,   -20.007
    11.460,   -20.290
    11.470,   -20.370
    11.480,   -20.231
    11.490,   -19.878
    11.500,   -19.334
    11.510,   -18.645
    11.520,   -17.868
    11.530,   -17.070
    11.540,   -16.318
    11.550,   -15.676
    11.560,   -15.196
    11.570,   -14.916
    11.580,   -14.851
    11.590,   -14.998
    11.600,   -15.330
    11.610,   -15.804
    11.620,   -16.362
    11.630,   -16.937
    11.640,   -17.462
    11.650,   -17.872
    11.660,   -18.116
    11.670,   -18.158
    11.680,   -17.980
    11.690,   -17.588
    11.700,   -17.007
    11.710,   -16.282
    11.720,   -15.471
    11.730,   -14.640
    11.740,   -13.857
    11.750,   -13.185
    11.760,   -12.678
    11.770,   -12.370
    11.780,   -12.279
    11.790,   -12.398
    11.800,   -12.703
    11.810,   -13.148
    11.820,   -13.677
    11.830,   -14.221
    11.840,   -14.714
    11.850,   -15.092
    11.860,   -15.302
    11.870,   -15.309
    11.880,   -15.098
    11.890,   -14.673
    11.900,   -14.060
    11.910,   -13.304
    11.920,   -12.464
    11.930,   -11.606
    11.940,   -10.797
    11.950,   -10.102
    11.960,    -9.572
    11.970,    -9.243
    11.980,    -9.130
    11.990,    -9.228
    12.000,    -9.511
    12.010,    -9.934
    12.020,   -10.439
    12.030,   -10.959
    12.040,   -11.426
    12.050,   -11.777
    12.060,   -11.959
    12.070,   -11.939
    12.080,   -11.700
    12.090,   -11.248
    12.100,   -10.610
    12.110,    -9.830
    12.120,    -8.967
    12.130,    -8.088
    12.140,    -7.261
    12.150,    -6.549
    12.160,    -6.003
    12.170,    -5.659
    12.180,    -5.531
    12.190,    -5.615
    12.200,    -5.883
    12.210,    -6.291
    12.220,    -6.779
    12.230,    -7.281
    12.240,    -7.729
    12.250,    -8.060
    12.260,    -8.222
    12.270,    -8.181
    12.280,    -7.922
    12.290,    -7.450
    12.300,    -6.794
    12.310,    -5.997
    12.320,    -5.119
    12.330,    -4.227
    12.340,    -3.388
    12.350,    -2.666
    12.360,    -2.112
    12.370,    -1.760
    12.380,    -1.626
    12.390,    -1.703
    12.400,    -1.964
    12.410,    -2.363
    12.420,    -2.842
    12.430,    -3.334
    12.440,    -3.771
    12.450,    -4.090
    12.460,    -4.239
    12.470,    -4.186
    12.480,    -3.914
    12.490,    -3.430
    12.500,    -2.763
    12.510,    -1.957
    12.520,    -1.072
    12.530,    -0.175
    12.540,     0.667
    12.550,     1.391
    12.560,     1.945
    12.570,     2.296
    12.580,     2.429
    12.590,     2.351
    12.600,     2.090
    12.610,     1.691
    12.620,     1.213
    12.630,     0.723
    12.640,     0.290
    12.650,    -0.025
    12.660,    -0.170
    12.670,    -0.112
    12.680,     0.165
    12.690,     0.652
    12.700,     1.321
    12.710,     2.128
    12.720,     3.012
    12.730,     3.907
    12.740,     4.744
    12.750,     5.461
    12.760,     6.008
    12.770,     6.350
    12.780,     6.474
    12.790,     6.387
    12.800,     6.116
    12.810,     5.709
    12.820,     5.224
    12.830,     4.729
    12.840,     4.290
    12.850,     3.972
    12.860,     3.823
    12.870,     3.878
    12.880,     4.151
    12.890,     4.633
    12.900,     5.297
    12.910,     6.097
    12.920,     6.972
    12.930,     7.855
    12.940,     8.680
    12.950,     9.383
    12.960,     9.914
    12.970,    10.239
    12.980,    10.346
    12.990,    10.242
    13.000,     9.955
    13.010,     9.531
    13.020,     9.032
    13.030,     8.522
    13.040,     8.071
    13.050,     7.741
    13.060,     7.581
    13.070,     7.625
    13.080,     7.886
    13.090,     8.357
    13.100,     9.007
    13.110,     9.791
    13.120,    10.650
    13.130,    11.515
    13.140,    12.319
    13.150,    13.000
    13.160,    13.507
    13.170,    13.809
    13.180,    13.891
    13.190,    13.762
    13.200,    13.451
    13.210,    13.004
    13.220,    12.482
    13.230,    11.952
    13.240,    11.481
    13.250,    11.132
    13.260,    10.953
    13.270,    10.979
    13.280,    11.222
    13.290,    11.673
    13.300,    12.303
    13.310,    13.065
    13.320,    13.900
    13.330,    14.740
    13.340,    15.516
    13.350,    16.168
    13.360,    16.646
    13.370,    16.916
    13.380,    16.967
    13.390,    16.807
    13.400,    16.465
    13.410,    15.989
    13.420,    15.438
    13.430,    14.881
    13.440,    14.384
    13.450,    14.009
    13.460,    13.806
    13.470,    13.807
    13.480,    14.025
    13.490,    14.451
    13.500,    15.054
    13.510,    15.789
    13.520,    16.594
    13.530,    17.402
    13.540,    18.145
    13.550,    18.762
    13.560,    19.204
    13.570,    19.438
    13.580,    19.452
    13.590,    19.255
    13.600,    18.877
    13.610,    18.366
    13.620,    17.781
    13.630,    17.191
    13.640,    16.662
    13.650,    16.257
    13.660,    16.024
    13.670,    15.996
    13.680,    16.184
    13.690,    16.579
    13.700,    17.152
    13.710,    17.853
    13.720,    18.624
    13.730,    19.395
    13.740,    20.101
    13.750,    20.679
    13.760,    21.081
    13.770,    21.274
    13.780,    21.246
    13.790,    21.008
    13.800,    20.590
    13.810,    20.040
    13.820,    19.417
    13.830,    18.790
    13.840,    18.226
    13.850,    17.786
    13.860,    17.520
    13.870,    17.458
    13.880,    17.613
    13.890,    17.975
    13.900,    18.512
    13.910,    19.177
    13.920,    19.910
    13.930,    20.642
    13.940,    21.307
    13.950,    21.843
    13.960,    22.201
    13.970,    22.349
    13.980,    22.278
    13.990,    21.996
    14.000,    21.535
    14.010,    20.943
    14.020,    20.280
    14.030,    19.613
    14.040,    19.012
    14.050,    18.535
    14.060,    18.233
    14.070,    18.136
    14.080,    18.256
    14.090,    18.581
    14.100,    19.081
    14.110,    19.709
    14.120,    20.401
    14.130,    21.093
    14.140,    21.715
    14.150,    22.206
    14.160,    22.519
    14.170,    22.623
    14.180,    22.506
    14.190,    22.179
    14.200,    21.674
    14.210,    21.039
    14.220,    20.334
    14.230,    19.628
    14.240,    18.988
    14.250,    18.474
    14.260,    18.135
    14.270,    18.003
    14.280,    18.086
    14.290,    18.375
    14.300,    18.838
    14.310,    19.427
    14.320,    20.080
    14.330,    20.729
    14.340,    21.309
    14.350,    21.757
    14.360,    22.025
    14.370,    22.083
    14.380,    21.921
    14.390,    21.550
    14.400,    21.001
    14.410,    20.324
    14.420,    19.578
    14.430,    18.833
    14.440,    18.154
    14.450,    17.604
    14.460,    17.230
    14.470,    17.062
    14.480,    17.111
    14.490,    17.365
    14.500,    17.792
    14.510,    18.343
    14.520,    18.958
    14.530,    19.568
    14.540,    20.106
    14.550,    20.511
    14.560,    20.737
    14.570,    20.752
    14.580,    20.547
    14.590,    20.133
    14.600,    19.542
    14.610,    18.825
    14.620,    18.041
    14.630,    17.258
    14.640,    16.545
    14.650,    15.961
    14.660,    15.554
    14.670,    15.354
    14.680,    15.370
    14.690,    15.591
    14.700,    15.985
    14.710,    16.502
    14.720,    17.081
    14.730,    17.654
    14.740,    18.154
    14.750,    18.521
    14.760,    18.707
    14.770,    18.682
    14.780,    18.437
    14.790,    17.984
    14.800,    17.356
    14.810,    16.601
    14.820,    15.783
    14.830,    14.967
    14.840,    14.222
    14.850,    13.608
    14.860,    13.172
    14.870,    12.944
    14.880,    12.932
    14.890,    13.125
    14.900,    13.490
    14.910,    13.977
    14.920,    14.525
    14.930,    15.066
    14.940,    15.533
    14.950,    15.865
    14.960,    16.015
    14.970,    15.955
    14.980,    15.675
    14.990,    15.189
    15.000,    14.527
    15.010,    13.742
    15.020,    12.893
    15.030,    12.050
    15.040,    11.279
    15.050,    10.640
    15.060,    10.181
    15.070,     9.930
    15.080,     9.896
    15.090,    10.066
    15.100,    10.407
    15.110,    10.870
    15.120,    11.393
    15.130,    11.907
    15.140,    12.346
    15.150,    12.649
    15.160,    12.771
    15.170,    12.681
    15.180,    12.373
    15.190,    11.858
    15.200,    11.170
    15.210,    10.359
    15.220,     9.487
    15.230,     8.622
    15.240,     7.832
    15.250,     7.175
    15.260,     6.698
    15.270,     6.431
    15.280,     6.381
    15.290,     6.535
    15.300,     6.860
    15.310,     7.305
    15.320,     7.809
    15.330,     8.303
    15.340,     8.721
    15.350,     9.003
    15.360,     9.102
    15.370,     8.991
    15.380,     8.660
    15.390,     8.124
    15.400,     7.417
    15.410,     6.588
    15.420,     5.700
    15.430,     4.821
    15.440,     4.018
    15.450,     3.350
    15.460,     2.863
    15.470,     2.587
    15.480,     2.528
    15.490,     2.674
    15.500,     2.989
    15.510,     3.424
    15.520,     3.917
    15.530,     4.399
    15.540,     4.804
    15.550,     5.071
    15.560,     5.156
    15.570,     5.030
    15.580,     4.685
    15.590,     4.136
    15.600,     3.417
    15.610,     2.578
    15.620,     1.682
    15.630,     0.796
    15.640,    -0.012
    15.650,    -0.683
    15.660,    -1.171
    15.670,    -1.448
    15.680,    -1.508
    15.690,    -1.363
    15.700,    -1.049
    15.710,    -0.616
    15.720,    -0.127
    15.730,     0.351
    15.740,     0.750
    15.750,     1.012
    15.760,     1.090
    15.770,     0.957
    15.780,     0.607
    15.790,     0.053
    15.800,    -0.671
    15.810,    -1.512
    15.820,    -2.408
    15.830,    -3.292
    15.840,    -4.097
    15.850,    -4.762
    15.860,    -5.244
    15.870,    -5.514
    15.880,    -5.566
    15.890,    -5.415
    15.900,    -5.094
    15.910,    -4.655
    15.920,    -4.161
    15.930,    -3.679
    15.940,    -3.277
    15.950,    -3.014
    15.960,    -2.934
    15.970,    -3.065
    15.980,    -3.414
    15.990,    -3.965
    16.000,    -4.683
    16.010,    -5.518
    16.020,    -6.407
    16.030,    -7.281
    16.040,    -8.074
    16.050,    -8.727
    16.060,    -9.194
    16.070,    -9.449
    16.080,    -9.486
    16.090,    -9.319
    16.100,    -8.983
    16.110,    -8.530
    16.120,    -8.023
    16.130,    -7.530
    16.140,    -7.118
    16.150,    -6.844
    16.160,    -6.755
    16.170,    -6.877
    16.180,    -7.215
    16.190,    -7.756
    16.200,    -8.462
    16.210,    -9.283
    16.220,   -10.156
    16.230,   -11.013
    16.240,   -11.786
    16.250,   -12.418
    16.260,   -12.863
    16.270,   -13.096
    16.280,   -13.109
    16.290,   -12.919
    16.300,   -12.562
    16.310,   -12.088
    16.320,   -11.560
    16.330,   -11.048
    16.340,   -10.618
    16.350,   -10.327
    16.360,   -10.221
    16.370,   -10.326
    16.380,   -10.647
    16.390,   -11.169
    16.400,   -11.856
    16.410,   -12.657
    16.420,   -13.507
    16.430,   -14.338
    16.440,   -15.086
    16.450,   -15.689
    16.460,   -16.106
    16.470,   -16.309
    16.480,   -16.292
    16.490,   -16.073
    16.500,   -15.686
    16.510,   -15.184
    16.520,   -14.630
    16.530,   -14.092
    16.540,   -13.637
    16.550,   -13.323
    16.560,   -13.193
    16.570,   -13.275
    16.580,   -13.573
    16.590,   -14.070
    16.600,   -14.732
    16.610,   -15.504
    16.620,   -16.326
    16.630,   -17.127
    16.640,   -17.841
    16.650,   -18.411
    16.660,   -18.792
    16.670,   -18.960
    16.680,   -18.907
    16.690,   -18.652
    16.700,   -18.231
    16.710,   -17.695
    16.720,   -17.109
    16.730,   -16.540
    16.740,   -16.055
    16.750,   -15.711
    16.760,   -15.553
    16.770,   -15.607
    16.780,   -15.875
    16.790,   -16.343
    16.800,   -16.974
    16.810,   -17.714
    16.820,   -18.501
    16.830,   -19.266
    16.840,   -19.943
    16.850,   -20.475
    16.860,   -20.816
    16.870,   -20.943
    16.880,   -20.851
    16.890,   -20.556
    16.900,   -20.095
    16.910,   -19.521
    16.920,   -18.898
    16.930,   -18.294
    16.940,   -17.774
    16.950,   -17.398
    16.960,   -17.207
    16.970,   -17.228
    16.980,   -17.464
    16.990,   -17.898
    17.000,   -18.494
    17.010,   -19.198
    17.020,   -19.947
    17.030,   -20.673
    17.040,   -21.309
    17.050,   -21.798
    17.060,   -22.097
    17.070,   -22.180
    17.080,   -22.044
    17.090,   -21.706
    17.100,   -21.203
    17.110,   -20.588
    17.120,   -19.926
    17.130,   -19.283
    17.140,   -18.727
    17.150,   -18.314
    17.160,   -18.088
    17.170,   -18.074
    17.180,   -18.274
    17.190,   -18.673
    17.200,   -19.231
    17.210,   -19.897
    17.220,   -20.606
    17.230,   -21.291
    17.240,   -21.884
    17.250,   -22.329
    17.260,   -22.583
    17.270,   -22.620
    17.280,   -22.439
    17.290,   -22.057
    17.300,   -21.510
    17.310,   -20.853
    17.320,   -20.150
    17.330,   -19.468
    17.340,   -18.873
    17.350,   -18.423
    17.360,   -18.161
    17.370,   -18.111
    17.380,   -18.276
    17.390,   -18.637
    17.400,   -19.158
    17.410,   -19.785
    17.420,   -20.454
    17.430,   -21.096
    17.440,   -21.646
    17.450,   -22.046
    17.460,   -22.255
    17.470,   -22.248
    17.480,   -22.021
    17.490,   -21.594
    17.500,   -21.004
    17.510,   -20.305
    17.520,   -19.561
    17.530,   -18.840
    17.540,   -18.208
    17.550,   -17.721
    17.560,   -17.424
    17.570,   -17.338
    17.580,   -17.468
    17.590,   -17.793
    17.600,   -18.277
    17.610,   -18.866
    17.620,   -19.495
    17.630,   -20.097
    17.640,   -20.605
    17.650,   -20.962
    17.660,   -21.127
    17.670,   -21.076
    17.680,   -20.806
    17.690,   -20.336
    17.700,   -19.704
    17.710,   -18.965
    17.720,   -18.182
    17.730,   -17.424
    17.740,   -16.756
    17.750,   -16.236
    17.760,   -15.905
    17.770,   -15.786
    17.780,   -15.883
    17.790,   -16.175
    17.800,   -16.625
    17.810,   -17.178
    17.820,   -17.770
    17.830,   -18.334
    17.840,   -18.802
    17.850,   -19.120
    17.860,   -19.244
    17.870,   -19.152
    17.880,   -18.841
    17.890,   -18.332
    17.900,   -17.662
    17.910,   -16.885
    17.920,   -16.067
    17.930,   -15.276
    17.940,   -14.576
    17.950,   -14.025
    17.960,   -13.664
    17.970,   -13.517
    17.980,   -13.584
    17.990,   -13.847
    18.000,   -14.266
    18.010,   -14.788
    18.020,   -15.348
    18.030,   -15.878
    18.040,   -16.311
    18.050,   -16.593
    18.060,   -16.680
    18.070,   -16.552
    18.080,   -16.206
    18.090,   -15.661
    18.100,   -14.958
    18.110,   -14.149
    18.120,   -13.301
    18.130,   -12.481
    18.140,   -11.754
    18.150,   -11.178
    18.160,   -10.792
    18.170,   -10.621
    18.180,   -10.664
    18.190,   -10.903
    18.200,   -11.297
    18.210,   -11.793
    18.220,   -12.326
    18.230,   -12.827
    18.240,   -13.231
    18.250,   -13.482
    18.260,   -13.539
    18.270,   -13.380
    18.280,   -13.004
    18.290,   -12.430
    18.300,   -11.699
    18.310,   -10.865
    18.320,    -9.992
    18.330,    -9.149
    18.340,    -8.402
    18.350,    -7.806
    18.360,    -7.403
    18.370,    -7.213
    18.380,    -7.239
    18.390,    -7.460
    18.400,    -7.836
    18.410,    -8.312
    18.420,    -8.824
    18.430,    -9.303
    18.440,    -9.685
    18.450,    -9.912
    18.460,    -9.946
    18.470,    -9.763
    18.480,    -9.363
    18.490,    -8.768
    18.500,    -8.015
    18.510,    -7.162
    18.520,    -6.272
    18.530,    -5.414
    18.540,    -4.653
    18.550,    -4.045
    18.560,    -3.631
    18.570,    -3.431
    18.580,    -3.446
    18.590,    -3.656
    18.600,    -4.021
    18.610,    -4.485
    18.620,    -4.984
    18.630,    -5.449
    18.640,    -5.814
    18.650,    -6.026
    18.660,    -6.043
    18.670,    -5.844
    18.680,    -5.429
    18.690,    -4.818
    18.700,    -4.053
    18.710,    -3.188
    18.720,    -2.289
    18.730,    -1.424
    18.740,    -0.657
    18.750,    -0.044
    18.760,     0.374
    18.770,     0.576
    18.780,     0.563
    18.790,     0.356
    18.800,    -0.005
    18.810,    -0.465
    18.820,    -0.958
    18.830,    -1.416
    18.840,    -1.775
    18.850,    -1.978
    18.860,    -1.987
    18.870,    -1.779
    18.880,    -1.357
    18.890,    -0.740
    18.900,     0.030
    18.910,     0.898
    18.920,     1.799
    18.930,     2.664
    18.940,     3.429
    18.950,     4.037
    18.960,     4.450
    18.970,     4.648
    18.980,     4.629
    18.990,     4.416
    19.000,     4.051
    19.010,     3.587
    19.020,     3.091
    19.030,     2.632
    19.040,     2.272
    19.050,     2.069
    19.060,     2.061
    19.070,     2.268
    19.080,     2.691
    19.090,     3.306
    19.100,     4.073
    19.110,     4.936
    19.120,     5.830
    19.130,     6.686
    19.140,     7.440
    19.150,     8.037
    19.160,     8.438
    19.170,     8.621
    19.180,     8.589
    19.190,     8.363
    19.200,     7.985
    19.210,     7.509
    19.220,     7.003
    19.230,     6.534
    19.240,     6.166
    19.250,     5.955
    19.260,     5.939
    19.270,     6.138
    19.280,     6.552
    19.290,     7.158
    19.300,     7.914
    19.310,     8.764
    19.320,     9.644
    19.330,    10.483
    19.340,    11.219
    19.350,    11.797
    19.360,    12.176
    19.370,    12.338
    19.380,    12.285
    19.390,    12.038
    19.400,    11.639
    19.410,    11.145
    19.420,    10.620
    19.430,    10.134
    19.440,     9.750
    19.450,     9.523
    19.460,     9.492
    19.470,     9.676
    19.480,    10.074
    19.490,    10.663
    19.500,    11.401
    19.510,    12.231
    19.520,    13.088
    19.530,    13.904
    19.540,    14.615
    19.550,    15.165
    19.560,    15.517
    19.570,    15.651
    19.580,    15.569
    19.590,    15.294
    19.600,    14.868
    19.610,    14.347
    19.620,    13.798
    19.630,    13.287
    19.640,    12.881
    19.650,    12.632
    19.660,    12.579
    19.670,    12.742
    19.680,    13.117
    19.690,    13.682
    19.700,    14.395
    19.710,    15.198
    19.720,    16.027
    19.730,    16.813
    19.740,    17.492
    19.750,    18.009
    19.760,    18.327
    19.770,    18.427
    19.780,    18.310
    19.790,    18.001
    19.800,    17.542
    19.810,    16.989
    19.820,    16.409
    19.830,    15.869
    19.840,    15.434
    19.850,    15.157
    19.860,    15.077
    19.870,    15.212
    19.880,    15.559
    19.890,    16.095
    19.900,    16.777
    19.910,    17.549
    19.920,    18.345
    19.930,    19.095
    19.940,    19.737
    19.950,    20.216
    19.960,    20.495
    19.970,    20.555
    19.980,    20.399
    19.990,    20.051
    20.000,    19.554
    20.010,    18.965
    20.020,    18.349
    20.030,    17.775
    20.040,    17.306
    20.050,    16.997
    20.060,    16.885
    20.070,    16.988
    20.080,    17.303
    20.090,    17.806
    20.100,    18.454
    20.110,    19.190
    20.120,    19.948
    20.130,    20.659
    20.140,    21.260
    20.150,    21.697
    20.160,    21.933
    20.170,    21.950
    20.180,    21.752
    20.190,    21.362
    20.200,    20.823
    20.210,    20.194
    20.220,    19.539
    20.230,    18.928
    20.240,    18.423
    20.250,    18.079
    20.260,    17.933
    20.270,    18.001
    20.280,    18.281
    20.290,    18.748
    20.300,    19.359
    20.310,    20.056
    20.320,    20.774
    20.330,    21.443
    20.340,    22.001
    20.350,    22.394
    20.360,    22.585
    20.370,    22.558
    20.380,    22.314
    20.390,    21.880
    20.400,    21.299
    20.410,    20.627
    20.420,    19.933
    20.430,    19.282
    20.440,    18.740
    20.450,    18.360
    20.460,    18.177
    20.470,    18.209
    20.480,    18.453
    20.490,    18.883
    20.500,    19.456
    20.510,    20.114
    20.520,    20.790
    20.530,    21.417
    20.540,    21.931
    20.550,    22.280
    20.560,    22.425
    20.570,    22.352
    20.580,    22.063
    20.590,    21.585
    20.600,    20.960
    20.610,    20.247
    20.620,    19.512
    20.630,    18.823
    20.640,    18.244
    20.650,    17.827
    20.660,    17.608
    20.670,    17.605
    20.680,    17.813
    20.690,    18.207
    20.700,    18.742
    20.710,    19.361
    20.720,    19.997
    20.730,    20.582
    20.740,    21.053
    20.750,    21.358
    20.760,    21.460
    20.770,    21.342
    20.780,    21.009
    20.790,    20.488
    20.800,    19.822
    20.810,    19.068
    20.820,    18.294
    20.830,    17.568
    20.840,    16.953
    20.850,    16.502
    20.860,    16.249
    20.870,    16.213
    20.880,    16.387
    20.890,    16.746
    20.900,    17.246
    20.910,    17.828
    20.920,    18.426
    20.930,    18.972
    20.940,    19.403
    20.950,    19.667
    20.960,    19.727
    20.970,    19.567
    20.980,    19.194
    20.990,    18.632
    21.000,    17.927
    21.010,    17.136
    21.020,    16.327
    21.030,    15.567
    21.040,    14.920
    21.050,    14.437
    21.060,    14.154
    21.070,    14.088
    21.080,    14.232
    21.090,    14.560
    21.100,    15.028
    21.110,    15.577
    21.120,    16.142
    21.130,    16.652
    21.140,    17.047
    21.150,    17.273
    21.160,    17.295
    21.170,    17.099
    21.180,    16.688
    21.190,    16.091
    21.200,    15.352
    21.210,    14.529
    21.220,    13.688
    21.230,    12.899
    21.240,    12.224
    21.250,    11.715
    21.260,    11.407
    21.270,    11.315
    21.280,    11.434
    21.290,    11.736
    21.300,    12.178
    21.310,    12.699
    21.320,    13.234
    21.330,    13.715
    21.340,    14.078
    21.350,    14.273
    21.360,    14.263
    21.370,    14.035
    21.380,    13.593
    21.390,    12.966
    21.400,    12.198
    21.410,    11.348
    21.420,    10.482
    21.430,     9.670
    21.440,     8.973
    21.450,     8.444
    21.460,     8.116
    21.470,     8.005
    21.480,     8.105
    21.490,     8.388
    21.500,     8.808
    21.510,     9.309
    21.520,     9.821
    21.530,    10.278
    21.540,    10.617
    21.550,    10.786
    21.560,    10.751
    21.570,    10.497
    21.580,    10.031
    21.590,     9.380
    21.600,     8.590
    21.610,     7.720
    21.620,     6.837
    21.630,     6.008
    21.640,     5.296
    21.650,     4.753
    21.660,     4.413
    21.670,     4.290
    21.680,     4.378
    21.690,     4.648
    21.700,     5.056
    21.710,     5.541
    21.720,     6.039
    21.730,     6.479
    21.740,     6.800
    21.750,     6.951
    21.760,     6.898
    21.770,     6.626
    21.780,     6.143
    21.790,     5.477
    21.800,     4.673
    21.810,     3.790
    21.820,     2.896
    21.830,     2.058
    21.840,     1.340
    21.850,     0.791
    21.860,     0.446
    21.870,     0.318
    21.880,     0.402
    21.890,     0.667
    21.900,     1.069
    21.910,     1.549
    21.920,     2.038
    21.930,     2.470
    21.940,     2.781
    21.950,     2.922
    21.960,     2.859
    21.970,     2.577
    21.980,     2.085
    21.990,     1.411
    22.000,     0.600
    22.010,    -0.287
    22.020,    -1.183
    22.030,    -2.022
    22.040,    -2.739
    22.050,    -3.286
    22.060,    -3.628
    22.070,    -3.751
    22.080,    -3.664
    22.090,    -3.396
    22.100,    -2.991
    22.110,    -2.510
    22.120,    -2.020
    22.130,    -1.589
    22.140,    -1.279
    22.150,    -1.140
    22.160,    -1.205
    22.170,    -1.489
    22.180,    -1.982
    22.190,    -2.656
    22.200,    -3.465
    22.210,    -4.348
    22.220,    -5.239
    22.230,    -6.070
    22.240,    -6.779
    22.250,    -7.315
    22.260,    -7.645
    22.270,    -7.757
    22.280,    -7.658
    22.290,    -7.378
    22.300,    -6.963
    22.310,    -6.472
    22.320,    -5.974
    22.330,    -5.536
    22.340,    -5.219
    22.350,    -5.074
    22.360,    -5.133
    22.370,    -5.410
    22.380,    -5.896
    22.390,    -6.562
    22.400,    -7.361
    22.410,    -8.233
    22.420,    -9.110
    22.430,    -9.926
    22.440,   -10.617
    22.450,   -11.135
    22.460,   -11.447
    22.470,   -11.539
    22.480,   -11.420
    22.490,   -11.121
    22.500,   -10.687
    22.510,   -10.180
    22.520,    -9.665
    22.530,    -9.212
    22.540,    -8.881
    22.550,    -8.722
    22.560,    -8.768
    22.570,    -9.031
    22.580,    -9.503
    22.590,   -10.153
    22.600,   -10.934
    22.610,   -11.787
    22.620,   -12.643
    22.630,   -13.436
    22.640,   -14.103
    22.650,   -14.595
    22.660,   -14.880
    22.670,   -14.945
    22.680,   -14.800
    22.690,   -14.474
    22.700,   -14.015
    22.710,   -13.484
    22.720,   -12.946
    22.730,   -12.470
    22.740,   -12.118
    22.750,   -11.939
    22.760,   -11.965
    22.770,   -12.207
    22.780,   -12.657
    22.790,   -13.285
    22.800,   -14.042
    22.810,   -14.869
    22.820,   -15.698
    22.830,   -16.461
    22.840,   -17.097
    22.850,   -17.557
    22.860,   -17.809
    22.870,   -17.841
    22.880,   -17.663
    22.890,   -17.305
    22.900,   -16.814
    22.910,   -16.252
    22.920,   -15.685
    22.930,   -15.181
    22.940,   -14.802
    22.950,   -14.596
    22.960,   -14.595
    22.970,   -14.812
    22.980,   -15.234
    22.990,   -15.833
    23.000,   -16.561
    23.010,   -17.356
    23.020,   -18.152
    23.030,   -18.880
    23.040,   -19.480
    23.050,   -19.903
    23.060,   -20.117
    23.070,   -20.110
    23.080,   -19.894
    23.090,   -19.498
    23.100,   -18.971
    23.110,   -18.373
    23.120,   -17.772
    23.130,   -17.235
    23.140,   -16.824
    23.150,   -16.587
    23.160,   -16.556
    23.170,   -16.741
    23.180,   -17.132
    23.190,   -17.698
    23.200,   -18.392
    23.210,   -19.151
    23.220,   -19.909
    23.230,   -20.599
    23.240,   -21.158
    23.250,   -21.539
    23.260,   -21.711
    23.270,   -21.662
    23.280,   -21.403
    23.290,   -20.966
    23.300,   -20.399
    23.310,   -19.762
    23.320,   -19.124
    23.330,   -18.551
    23.340,   -18.105
    23.350,   -17.833
    23.360,   -17.768
    23.370,   -17.918
    23.380,   -18.275
    23.390,   -18.805
    23.400,   -19.461
    23.410,   -20.182
    23.420,   -20.900
    23.430,   -21.548
    23.440,   -22.064
    23.450,   -22.401
    23.460,   -22.528
    23.470,   -22.434
    23.480,   -22.132
    23.490,   -21.651
    23.500,   -21.041
    23.510,   -20.364
    23.520,   -19.686
    23.530,   -19.074
    23.540,   -18.591
    23.550,   -18.284
    23.560,   -18.182
    23.570,   -18.297
    23.580,   -18.617
    23.590,   -19.111
    23.600,   -19.728
    23.610,   -20.409
    23.620,   -21.086
    23.630,   -21.690
    23.640,   -22.162
    23.650,   -22.454
    23.660,   -22.536
    23.670,   -22.397
    23.680,   -22.049
    23.690,   -21.524
    23.700,   -20.872
    23.710,   -20.153
    23.720,   -19.435
    23.730,   -18.785
    23.740,   -18.265
    23.750,   -17.921
    23.760,   -17.784
    23.770,   -17.863
    23.780,   -18.147
    23.790,   -18.603
    23.800,   -19.182
    23.810,   -19.824
    23.820,   -20.459
    23.830,   -21.021
    23.840,   -21.450
    23.850,   -21.697
    23.860,   -21.734
    23.870,   -21.550
    23.880,   -21.158
    23.890,   -20.590
    23.900,   -19.896
    23.910,   -19.137
    23.920,   -18.380
    23.930,   -17.694
    23.940,   -17.137
    23.950,   -16.759
    23.960,   -16.587
    23.970,   -16.632
    23.980,   -16.882
    23.990,   -17.302
    24.000,   -17.846
    24.010,   -18.449
    24.020,   -19.045
    24.030,   -19.567
    24.040,   -19.954
    24.050,   -20.160
    24.060,   -20.154
    24.070,   -19.928
    24.080,   -19.495
    24.090,   -18.886
    24.100,   -18.153
    24.110,   -17.356
    24.120,   -16.564
    24.130,   -15.843
    24.140,   -15.254
    24.150,   -14.844
    24.160,   -14.641
    24.170,   -14.655
    24.180,   -14.873
    24.190,   -15.262
    24.200,   -15.772
    24.210,   -16.341
    24.220,   -16.902
    24.230,   -17.387
    24.240,   -17.736
    24.250,   -17.903
    24.260,   -17.859
    24.270,   -17.595
    24.280,   -17.124
    24.290,   -16.479
    24.300,   -15.711
    24.310,   -14.881
    24.320,   -14.057
    24.330,   -13.307
    24.340,   -12.689
    24.350,   -12.252
    24.360,   -12.023
    24.370,   -12.010
    24.380,   -12.202
    24.390,   -12.563
    24.400,   -13.045
    24.410,   -13.585
    24.420,   -14.115
    24.430,   -14.568
    24.440,   -14.885
    24.450,   -15.019
    24.460,   -14.941
    24.470,   -14.644
    24.480,   -14.141
    24.490,   -13.465
    24.500,   -12.667
    24.510,   -11.810
    24.520,   -10.960
    24.530,   -10.185
    24.540,    -9.545
    24.550,    -9.086
    24.560,    -8.836
    24.570,    -8.803
    24.580,    -8.974
    24.590,    -9.314
    24.600,    -9.774
    24.610,   -10.290
    24.620,   -10.796
    24.630,   -11.223
    24.640,   -11.514
    24.650,   -11.620
    24.660,   -11.516
    24.670,   -11.192
    24.680,   -10.663
    24.690,    -9.963
    24.700,    -9.142
    24.710,    -8.264
    24.720,    -7.395
    24.730,    -6.603
    24.740,    -5.947
    24.750,    -5.473
    24.760,    -5.209
    24.770,    -5.163
    24.780,    -5.319
    24.790,    -5.645
    24.800,    -6.089
    24.810,    -6.589
    24.820,    -7.077
    24.830,    -7.487
    24.840,    -7.757
    24.850,    -7.844
    24.860,    -7.720
    24.870,    -7.377
    24.880,    -6.830
    24.890,    -6.112
    24.900,    -5.276
    24.910,    -4.384
    24.920,    -3.503
    24.930,    -2.701
    24.940,    -2.037
    24.950,    -1.556
    24.960,    -1.286
    24.970,    -1.233
    24.980,    -1.384
    24.990,    -1.703
    25.000,    -2.139
    25.010,    -2.631
    25.020,    -3.109
    25.030,    -3.507
    25.040,    -3.766
    25.050,    -3.841
    25.060,    -3.705
    25.070,    -3.350
    25.080,    -2.792
    25.090,    -2.066
    25.100,    -1.223
    25.110,    -0.324
    25.120,     0.560
    25.130,     1.364
    25.140,     2.029
    25.150,     2.509
    25.160,     2.777
    25.170,     2.828
    25.180,     2.676
    25.190,     2.355
    25.200,     1.919
    25.210,     1.428
    25.220,     0.951
    25.230,     0.556
    25.240,     0.300
    25.250,     0.229
    25.260,     0.369
    25.270,     0.727
    25.280,     1.288
    25.290,     2.015
    25.300,     2.858
    25.310,     3.754
    25.320,     4.633
    25.330,     5.431
    25.340,     6.088
    25.350,     6.559
    25.360,     6.818
    25.370,     6.859
    25.380,     6.697
    25.390,     6.367
    25.400,     5.922
    25.410,     5.424
    25.420,     4.941
    25.430,     4.540
    25.440,     4.280
    25.450,     4.204
    25.460,     4.341
    25.470,     4.694
    25.480,     5.248
    25.490,     5.969
    25.500,     6.803
    25.510,     7.688
    25.520,     8.556
    25.530,     9.339
    25.540,     9.980
    25.550,    10.435
    25.560,    10.676
    25.570,    10.698
    25.580,    10.518
    25.590,    10.172
    25.600,     9.710
    25.610,     9.197
    25.620,     8.700
    25.630,     8.286
    25.640,     8.013
    25.650,     7.926
    25.660,     8.050
    25.670,     8.391
    25.680,     8.932
    25.690,     9.638
    25.700,    10.456
    25.710,    11.323
    25.720,    12.170
    25.730,    12.932
    25.740,    13.550
    25.750,    13.980
    25.760,    14.196
    25.770,    14.193
    25.780,    13.988
    25.790,    13.617
    25.800,    13.132
    25.810,    12.596
    25.820,    12.078
    25.830,    11.644
    25.840,    11.352
    25.850,    11.245
    25.860,    11.351
    25.870,    11.672
    25.880,    12.193
    25.890,    12.877
    25.900,    13.672
    25.910,    14.514
    25.920,    15.334
    25.930,    16.067
    25.940,    16.655
    25.950,    17.054
    25.960,    17.238
    25.970,    17.204
    25.980,    16.967
    25.990,    16.565
    26.000,    16.050
    26.010,    15.485
    26.020,    14.940
    26.030,    14.479
    26.040,    14.161
    26.050,    14.030
    26.060,    14.110
    26.070,    14.406
    26.080,    14.901
    26.090,    15.557
    26.100,    16.323
    26.110,    17.134
    26.120,    17.922
    26.130,    18.621
    26.140,    19.173
    26.150,    19.535
    26.160,    19.682
    26.170,    19.610
    26.180,    19.336
    26.190,    18.898
    26.200,    18.347
    26.210,    17.749
    26.220,    17.171
    26.230,    16.679
    26.240,    16.330
    26.250,    16.169
    26.260,    16.219
    26.270,    16.485
    26.280,    16.948
    26.290,    17.572
    26.300,    18.304
    26.310,    19.079
    26.320,    19.830
    26.330,    20.490
    26.340,    21.002
    26.350,    21.324
    26.360,    21.429
    26.370,    21.316
    26.380,    21.001
    26.390,    20.522
    26.400,    19.933
    26.410,    19.296
    26.420,    18.682
    26.430,    18.154
    26.440,    17.772
    26.450,    17.577
    26.460,    17.593
    26.470,    17.825
    26.480,    18.254
    26.490,    18.843
    26.500,    19.537
    26.510,    20.274
    26.520,    20.984
    26.530,    21.602
    26.540,    22.072
    26.550,    22.349
    26.560,    22.410
    26.570,    22.252
    26.580,    21.894
    26.590,    21.372
    26.600,    20.741
    26.610,    20.065
    26.620,    19.411
    26.630,    18.847
    26.640,    18.428
    26.650,    18.197
    26.660,    18.178
    26.670,    18.374
    26.680,    18.767
    26.690,    19.318
    26.700,    19.973
    26.710,    20.670
    26.720,    21.338
    26.730,    21.913
    26.740,    22.338
    26.750,    22.570
    26.760,    22.586
    26.770,    22.382
    26.780,    21.979
    26.790,    21.414
    26.800,    20.741
    26.810,    20.023
    26.820,    19.330
    26.830,    18.727
    26.840,    18.271
    26.850,    18.005
    26.860,    17.950
    26.870,    18.110
    26.880,    18.466
    26.890,    18.979
    26.900,    19.596
    26.910,    20.252
    26.920,    20.879
    26.930,    21.410
    26.940,    21.791
    26.950,    21.978
    26.960,    21.949
    26.970,    21.701
    26.980,    21.253
    26.990,    20.645
    27.000,    19.930
    27.010,    19.173
    27.020,    18.441
    27.030,    17.801
    27.040,    17.310
    27.050,    17.008
    27.060,    16.918
    27.070,    17.044
    27.080,    17.364
    27.090,    17.841
    27.100,    18.420
    27.110,    19.038
    27.120,    19.624
    27.130,    20.115
    27.140,    20.453
    27.150,    20.597
    27.160,    20.525
    27.170,    20.234
    27.180,    19.745
    27.190,    19.096
    27.200,    18.342
    27.210,    17.546
    27.220,    16.779
    27.230,    16.105
    27.240,    15.580
    27.250,    15.245
    27.260,    15.124
    27.270,    15.218
    27.280,    15.506
    27.290,    15.950
    27.300,    16.495
    27.310,    17.076
    27.320,    17.626
    27.330,    18.078
    27.340,    18.378
    27.350,    18.482
    27.360,    18.370
    27.370,    18.041
    27.380,    17.513
    27.390,    16.827
    27.400,    16.037
    27.410,    15.209
    27.420,    14.409
    27.430,    13.705
    27.440,    13.151
    27.450,    12.788
    27.460,    12.639
    27.470,    12.705
    27.480,    12.965
    27.490,    13.381
    27.500,    13.896
    27.510,    14.446
    27.520,    14.964
    27.530,    15.383
    27.540,    15.648
    27.550,    15.718
    27.560,    15.571
    27.570,    15.208
    27.580,    14.647
    27.590,    13.929
    27.600,    13.109
    27.610,    12.252
    27.620,    11.426
    27.630,    10.696
    27.640,    10.119
    27.650,     9.734
    27.660,     9.563
    27.670,     9.607
    27.680,     9.845
    27.690,    10.237
    27.700,    10.728
    27.710,    11.253
    27.720,    11.744
    27.730,    12.136
    27.740,    12.373
    27.750,    12.414
    27.760,    12.239
    27.770,    11.848
    27.780,    11.260
    27.790,    10.517
    27.800,     9.673
    27.810,     8.794
    27.820,     7.948
    27.830,     7.200
    27.840,     6.605
    27.850,     6.204
    27.860,     6.018
    27.870,     6.046
    27.880,     6.269
    27.890,     6.644
    27.900,     7.118
    27.910,     7.625
    27.920,     8.096
    27.930,     8.468
    27.940,     8.683
    27.950,     8.703
    27.960,     8.507
    27.970,     8.094
    27.980,     7.487
    27.990,     6.726
    28.000,     5.865
    28.010,     4.971
    28.020,     4.112
    28.030,     3.353
    28.040,     2.749
    28.050,     2.339
    28.060,     2.145
    28.070,     2.166
    28.080,     2.380
    28.090,     2.747
    28.100,     3.211
    28.110,     3.707
    28.120,     4.166
    28.130,     4.525
    28.140,     4.727
    28.150,     4.733
    28.160,     4.523
    28.170,     4.097
    28.180,     3.478
    28.190,     2.706
    28.200,     1.837
    28.210,     0.936
    28.220,     0.072
    28.230,    -0.690
    28.240,    -1.296
    28.250,    -1.706
    28.260,    -1.901
    28.270,    -1.880
    28.280,    -1.666
    28.290,    -1.300
    28.300,    -0.838
    28.310,    -0.345
    28.320,     0.111
    28.330,     0.464
    28.340,     0.661
    28.350,     0.661
    28.360,     0.446
    28.370,     0.015
    28.380,    -0.608
    28.390,    -1.382
    28.400,    -2.252
    28.410,    -3.151
    28.420,    -4.012
    28.430,    -4.769
    28.440,    -5.369
    28.450,    -5.772
    28.460,    -5.958
    28.470,    -5.929
    28.480,    -5.707
    28.490,    -5.334
    28.500,    -4.865
    28.510,    -4.367
    28.520,    -3.907
    28.530,    -3.551
    28.540,    -3.351
    28.550,    -3.349
    28.560,    -3.562
    28.570,    -3.989
    28.580,    -4.608
    28.590,    -5.376
    28.600,    -6.238
    28.610,    -7.128
    28.620,    -7.978
    28.630,    -8.722
    28.640,    -9.307
    28.650,    -9.695
    28.660,    -9.865
    28.670,    -9.820
    28.680,    -9.582
    28.690,    -9.193
    28.700,    -8.711
    28.710,    -8.199
    28.720,    -7.727
    28.730,    -7.360
    28.740,    -7.150
    28.750,    -7.137
    28.760,    -7.340
    28.770,    -7.756
    28.780,    -8.363
    28.790,    -9.118
    28.800,    -9.965
    28.810,   -10.837
    28.820,   -11.668
    28.830,   -12.392
    28.840,   -12.955
    28.850,   -13.319
    28.860,   -13.466
    28.870,   -13.397
    28.880,   -13.135
    28.890,   -12.724
    28.900,   -12.220
    28.910,   -11.688
    28.920,   -11.197
    28.930,   -10.811
    28.940,   -10.584
    28.950,   -10.554
    28.960,   -10.739
    28.970,   -11.137
    28.980,   -11.724
    28.990,   -12.459
    29.000,   -13.283
    29.010,   -14.131
    29.020,   -14.936
    29.030,   -15.632
    29.040,   -16.166
    29.050,   -16.501
    29.060,   -16.617
    29.070,   -16.517
    29.080,   -16.226
    29.090,   -15.786
    29.100,   -15.253
    29.110,   -14.694
    29.120,   -14.177
    29.130,   -13.766
    29.140,   -13.515
    29.150,   -13.461
    29.160,   -13.622
    29.170,   -13.996
    29.180,   -14.558
    29.190,   -15.265
    29.200,   -16.061
    29.210,   -16.879
    29.220,   -17.652
    29.230,   -18.314
    29.240,   -18.814
    29.250,   -19.112
    29.260,   -19.192
    29.270,   -19.056
    29.280,   -18.729
    29.290,   -18.254
    29.300,   -17.688
    29.310,   -17.097
    29.320,   -16.549
    29.330,   -16.108
    29.340,   -15.827
    29.350,   -15.744
    29.360,   -15.876
    29.370,   -16.220
    29.380,   -16.751
    29.390,   -17.427
    29.400,   -18.189
    29.410,   -18.972
    29.420,   -19.708
    29.430,   -20.332
    29.440,   -20.792
    29.450,   -21.050
    29.460,   -21.089
    29.470,   -20.913
    29.480,   -20.546
    29.490,   -20.031
    29.500,   -19.427
    29.510,   -18.799
    29.520,   -18.216
    29.530,   -17.741
    29.540,   -17.427
    29.550,   -17.311
    29.560,   -17.410
    29.570,   -17.721
    29.580,   -18.218
    29.590,   -18.858
    29.600,   -19.583
    29.610,   -20.328
    29.620,   -21.023
    29.630,   -21.605
    29.640,   -22.022
    29.650,   -22.237
    29.660,   -22.232
    29.670,   -22.012
    29.680,   -21.602
    29.690,   -21.046
    29.700,   -20.401
    29.710,   -19.734
    29.720,   -19.112
    29.730,   -18.600
    29.740,   -18.251
    29.750,   -18.099
    29.760,   -18.164
    29.770,   -18.439
    29.780,   -18.899
    29.790,   -19.502
    29.800,   -20.188
    29.810,   -20.891
    29.820,   -21.545
    29.830,   -22.083
    29.840,   -22.456
    29.850,   -22.625
    29.860,   -22.575
    29.870,   -22.310
    29.880,   -21.856
    29.890,   -21.256
    29.900,   -20.569
    29.910,   -19.862
    29.920,   -19.202
    29.930,   -18.652
    29.940,   -18.266
    29.950,   -18.078
    29.960,   -18.106
    29.970,   -18.345
    29.980,   -18.769
