     0.000,    40.000
     0.100,    39.788
     0.200,    39.578
     0.300,    39.371
     0.400,    39.167
     0.500,    38.964
     0.600,    38.764
     0.700,    38.566
     0.800,    38.371
     0.900,    38.178
     1.000,    37.986
     1.100,    37.797
     1.200,    37.610
     1.300,    37.426
     1.400,    37.243
     1.500,    37.062
     1.600,    36.883
     1.700,    36.706
     1.800,    36.531
     1.900,    36.358
     2.000,    36.187
     2.100,    36.017
     2.200,    35.850
     2.300,    35.684
     2.400,    35.520
     2.500,    35.358
     2.600,    35.197
     2.700,    35.038
     2.800,    34.881
     2.900,    34.725
     3.000,    34.571
     3.100,    34.418
     3.200,    34.267
     3.300,    34.118
     3.400,    33.970
     3.500,    33.824
     3.600,    33.679
     3.700,    33.535
     3.800,    33.393
     3.900,    33.253
     4.000,    33.114
     4.100,    32.976
     4.200,    32.839
     4.300,    32.704
     4.400,    32.570
     4.500,    32.438
     4.600,    32.307
     4.700,    32.177
     4.800,    32.048
     4.900,    31.921
     5.000,    31.795
     5.100,    31.670
     5.200,    31.546
     5.300,    31.423
     5.400,    31.302
     5.500,    31.181
     5.600,    31.062
     5.700,    30.944
     5.800,    30.827
     5.900,    30.711
     6.000,    30.596
     6.100,    30.483
     6.200,    30.370
     6.300,    30.258
     6.400,    30.148
     6.500,    30.038
     6.600,    29.930
     6.700,    29.822
     6.800,    29.715
     6.900,    29.610
     7.000,    29.505
     7.100,    29.401
     7.200,    29.299
     7.300,    29.197
     7.400,    29.096
     7.500,    28.996
     7.600,    28.896
     7.700,    28.798
     7.800,    28.701
     7.900,    28.604
     8.000,    28.508
     8.100,    28.413
     8.200,    28.319
     8.300,    28.226
     8.400,    28.134
     8.500,    28.042
     8.600,    27.951
     8.700,    27.861
     8.800,    27.772
     8.900,    27.683
     9.000,    27.596
     9.100,    27.509
     9.200,    27.422
     9.300,    27.337
     9.400,    27.252
     9.500,    27.168
     9.600,    27.085
     9.700,    27.002
     9.800,    26.920
     9.900,    26.839
    10.000,    26.758
    10.100,    26.678
    10.200,    26.599
    10.300,    26.520
    10.400,    26.443
    10.500,    26.365
    10.600,    26.289
    10.700,    26.213
    10.800,    26.137
    10.900,    26.062
    11.000,    25.988
    11.100,    25.915
    11.200,    25.842
    11.300,    25.770
    11.400,    25.698
    11.500,    25.627
    11.600,    25.556
    11.700,    25.486
    11.800,    25.417
    11.900,    25.348
    12.000,    25.279
    12.100,    25.212
    12.200,    25.144
    12.300,    25.078
    12.400,    25.012
    12.500,    24.946
    12.600,    24.881
    12.700,    24.816
    12.800,    24.752
    12.900,    24.689
    13.000,    24.626
    13.100,    24.563
    13.200,    24.501
    13.300,    24.439
    13.400,    24.378
    13.500,    24.318
    13.600,    24.257
    13.700,    24.198
    13.800,    24.139
    13.900,    24.080
    14.000,    24.022
    14.100,    23.964
    14.200,    23.906
    14.300,    23.849
    14.400,    23.793
    14.500,    23.737
    14.600,    23.681
    14.700,    23.626
    14.800,    23.571
    14.900,    23.517
    15.000,    23.463
    15.100,    23.410
    15.200,    23.357
    15.300,    23.304
    15.400,    23.252
    15.500,    23.200
    15.600,    23.148
    15.700,    23.097
    15.800,    23.046
    15.900,    22.996
    16.000,    22.946
    16.100,    22.897
    16.200,    22.847
    16.300,    22.799
    16.400,    22.750
    16.500,    22.702
    16.600,    22.654
    16.700,    22.607
    16.800,    22.560
    16.900,    22.513
    17.000,    22.467
    17.100,    22.421
    17.200,    22.375
    17.300,    22.330
    17.400,    22.285
    17.500,    22.241
    17.600,    22.196
    17.700,    22.152
    17.800,    22.109
    17.900,    22.066
    18.000,    22.023
    18.100,    21.980
    18.200,    21.938
    18.300,    21.896
    18.400,    21.854
    18.500,    21.812
    18.600,    21.771
    18.700,    21.731
    18.800,    21.690
    18.900,    21.650
    19.000,    21.610
    19.100,    21.570
    19.200,    21.531
    19.300,    21.492
    19.400,    21.453
    19.500,    21.415
    19.600,    21.377
    19.700,    21.339
    19.800,    21.301
    19.900,    21.264
    20.000,    21.227
    20.100,    21.190
    20.200,    21.153
    20.300,    21.117
    20.400,    21.081
    20.500,    21.045
    20.600,    21.010
    20.700,    20.975
    20.800,    20.940
    20.900,    20.905
    21.000,    20.871
    21.100,    20.836
    21.200,    20.802
    21.300,    20.769
    21.400,    20.735
    21.500,    20.702
    21.600,    20.669
    21.700,    20.636
    21.800,    20.604
    21.900,    20.571
    22.000,    20.539
    22.100,    20.507
    22.200,    20.476
    22.300,    20.444
    22.400,    20.413
    22.500,    20.382
    22.600,    20.352
    22.700,    20.321
    22.800,    20.291
    22.900,    20.261
    23.000,    20.231
    23.100,    20.201
    23.200,    20.172
    23.300,    20.143
    23.400,    20.114
    23.500,    20.085
    23.600,    20.056
    23.700,    20.028
    23.800,    20.000
    23.900,    19.972
    24.000,    19.944
    24.100,    19.916
    24.200,    19.889
    24.300,    19.861
    24.400,    19.834
    24.500,    19.808
    24.600,    19.781
    24.700,    19.755
    24.800,    19.728
    24.900,    19.702
    25.000,    19.676
    25.100,    19.651
    25.200,    19.625
    25.300,    19.600
    25.400,    19.575
    25.500,    19.550
    25.600,    19.525
    25.700,    19.500
    25.800,    19.476
    25.900,    19.451
    26.000,    19.427
    26.100,    19.403
    26.200,    19.379
    26.300,    19.356
    26.400,    19.332
    26.500,    19.309
    26.600,    19.286
    26.700,    19.263
    26.800,    19.240
    26.900,    19.217
    27.000,    19.195
    27.100,    19.173
    27.200,    19.150
    27.300,    19.128
    27.400,    19.107
    27.500,    19.085
    27.600,    19.063
    27.700,    19.042
    27.800,    19.021
    27.900,    18.999
    28.000,    18.978
    28.100,    18.958
    28.200,    18.937
    28.300,    18.916
    28.400,    18.896
    28.500,    18.876
    28.600,    18.856
    28.700,    18.836
    28.800,    18.816
    28.900,    18.796
    29.000,    18.777
    29.100,    18.757
    29.200,    18.738
    29.300,    18.719
    29.400,    18.700
    29.500,    18.681
    29.600,    18.662
    29.700,    18.643
    29.800,    18.625
    29.900,    18.606
    30.000,    18.588
    30.100,    18.570
    30.200,    18.552
    30.300,    18.534
    30.400,    18.516
    30.500,    18.499
    30.600,    18.481
    30.700,    18.464
    30.800,    18.447
    30.900,    18.429
    31.000,    18.412
    31.100,    18.396
    31.200,    18.379
    31.300,    18.362
    31.400,    18.346
    31.500,    18.329
    31.600,    18.313
    31.700,    18.296
    31.800,    18.280
    31.900,    18.264
    32.000,    18.248
    32.100,    18.233
    32.200,    18.217
    32.300,    18.201
    32.400,    18.186
    32.500,    18.171
    32.600,    18.155
    32.700,    18.140
    32.800,    18.125
    32.900,    18.110
    33.000,    18.095
    33.100,    18.081
    33.200,    18.066
    33.300,    18.052
    33.400,    18.037
    33.500,    18.023
    33.600,    18.009
    33.700,    17.994
    33.800,    17.980
    33.900,    17.966
    34.000,    17.953
    34.100,    17.939
    34.200,    17.925
    34.300,    17.912
    34.400,    17.898
    34.500,    17.885
    34.600,    17.871
    34.700,    17.858
    34.800,    17.845
    34.900,    17.832
    35.000,    17.819
    35.100,    17.806
    35.200,    17.794
    35.300,    17.781
    35.400,    17.768
    35.500,    17.756
    35.600,    17.744
    35.700,    17.731
    35.800,    17.719
    35.900,    17.707
    36.000,    17.695
    36.100,    17.683
    36.200,    17.671
    36.300,    17.659
    36.400,    17.647
    36.500,    17.636
    36.600,    17.624
    36.700,    17.613
    36.800,    17.601
    36.900,    17.590
    37.000,    17.578
    37.100,    17.567
    37.200,    17.556
    37.300,    17.545
    37.400,    17.534
    37.500,    17.523
    37.600,    17.512
    37.700,    17.502
    37.800,    17.491
    37.900,    17.480
    38.000,    17.470
    38.100,    17.459
    38.200,    17.449
    38.300,    17.439
    38.400,    17.428
    38.500,    17.418
    38.600,    17.408
    38.700,    17.398
    38.800,    17.388
    38.900,    17.378
    39.000,    17.368
    39.100,    17.359
    39.200,    17.349
    39.300,    17.339
    39.400,    17.330
    39.500,    17.320
    39.600,    17.311
    39.700,    17.302
    39.800,    17.292
    39.900,    17.283
    40.000,    17.274
    40.100,    17.265
    40.200,    17.256
    40.300,    17.247
    40.400,    17.238
    40.500,    17.229
    40.600,    17.220
    40.700,    17.211
    40.800,    17.203
    40.900,    17.194
    41.000,    17.185
    41.100,    17.177
    41.200,    17.168
    41.300,    17.160
    41.400,    17.152
    41.500,    17.143
    41.600,    17.135
    41.700,    17.127
    41.800,    17.119
    41.900,    17.111
    42.000,    17.103
    42.100,    17.095
    42.200,    17.087
    42.300,    17.079
    42.400,    17.071
    42.500,    17.063
    42.600,    17.056
    42.700,    17.048
    42.800,    17.041
    42.900,    17.033
    43.000,    17.026
    43.100,    17.018
    43.200,    17.011
    43.300,    17.003
    43.400,    16.996
    43.500,    16.989
    43.600,    16.982
    43.700,    16.975
    43.800,    16.967
    43.900,    16.960
    44.000,    16.953
    44.100,    16.946
    44.200,    16.940
    44.300,    16.933
    44.400,    16.926
    44.500,    16.919
    44.600,    16.912
    44.700,    16.906
    44.800,    16.899
    44.900,    16.893
    45.000,    16.886
    45.100,    16.880
    45.200,    16.873
    45.300,    16.867
    45.400,    16.860
    45.500,    16.854
    45.600,    16.848
    45.700,    16.842
    45.800,    16.835
    45.900,    16.829
    46.000,    16.823
    46.100,    16.817
    46.200,    16.811
    46.300,    16.805
    46.400,    16.799
    46.500,    16.793
    46.600,    16.787
    46.700,    16.782
    46.800,    16.776
    46.900,    16.770
    47.000,    16.764
    47.100,    16.759
    47.200,    16.753
    47.300,    16.748
    47.400,    16.742
    47.500,    16.736
    47.600,    16.731
    47.700,    16.726
    47.800,    16.720
    47.900,    16.715
    48.000,    16.709
    48.100,    16.704
    48.200,    16.699
    48.300,    16.694
    48.400,    16.689
    48.500,    16.683
    48.600,    16.678
    48.700,    16.673
    48.800,    16.668
    48.900,    16.663
    49.000,    16.658
    49.100,    16.653
    49.200,    16.648
    49.300,    16.643
    49.400,    16.639
    49.500,    16.634
    49.600,    16.629
    49.700,    16.624
    49.800,    16.620
    49.900,    16.615
    50.000,    16.610
    50.100,    16.606
    50.200,    16.601
    50.300,    16.596
    50.400,    16.592
    50.500,    16.587
    50.600,    16.583
    50.700,    16.579
    50.800,    16.574
    50.900,    16.570
    51.000,    16.565
    51.100,    16.561
    51.200,    16.557
    51.300,    16.553
    51.400,    16.548
    51.500,    16.544
    51.600,    16.540
    51.700,    16.536
    51.800,    16.532
    51.900,    16.528
    52.000,    16.524
    52.100,    16.520
    52.200,    16.516
    52.300,    16.512
    52.400,    16.508
    52.500,    16.504
    52.600,    16.500
    52.700,    16.496
    52.800,    16.492
    52.900,    16.488
    53.000,    16.484
    53.100,    16.481
    53.200,    16.477
    53.300,    16.473
    53.400,    16.470
    53.500,    16.466
    53.600,    16.462
    53.700,    16.459
    53.800,    16.455
    53.900,    16.451
    54.000,    16.448
    54.100,    16.444
    54.200,    16.441
    54.300,    16.437
    54.400,    16.434
    54.500,    16.431
    54.600,    16.427
    54.700,    16.424
    54.800,    16.420
    54.900,    16.417
    55.000,    16.414
    55.100,    16.410
    55.200,    16.407
    55.300,    16.404
    55.400,    16.401
    55.500,    16.398
    55.600,    16.394
    55.700,    16.391
    55.800,    16.388
    55.900,    16.385
    56.000,    16.382
    56.100,    16.379
    56.200,    16.376
    56.300,    16.373
    56.400,    16.370
    56.500,    16.367
    56.600,    16.364
    56.700,    16.361
    56.800,    16.358
    56.900,    16.355
    57.000,    16.352
    57.100,    16.349
    57.200,    16.346
    57.300,    16.343
    57.400,    16.341
    57.500,    16.338
    57.600,    16.335
    57.700,    16.332
    57.800,    16.330
    57.900,    16.327
    58.000,    16.324
    58.100,    16.322
    58.200,    16.319
    58.300,    16.316
    58.400,    16.314
    58.500,    16.311
    58.600,    16.308
    58.700,    16.306
    58.800,    16.303
    58.900,    16.301
    59.000,    16.298
    59.100,    16.296
    59.200,    16.293
    59.300,    16.291
    59.400,    16.288
    59.500,    16.286
    59.600,    16.283
    59.700,    16.281
    59.800,    16.279
    59.900,    16.276
    60.000,    16.274
    60.100,    16.272
    60.200,    16.269
    60.300,    16.267
    60.400,    16.265
    60.500,    16.262
    60.600,    16.260
    60.700,    16.258
    60.800,    16.256
    60.900,    16.253
    61.000,    16.251
    61.100,    16.249
    61.200,    16.247
    61.300,    16.245
    61.400,    16.242
    61.500,    16.240
    61.600,    16.238
    61.700,    16.236
    61.800,    16.234
    61.900,    16.232
    62.000,    16.230
    62.100,    16.228
    62.200,    16.226
    62.300,    16.224
    62.400,    16.222
    62.500,    16.220
    62.600,    16.218
    62.700,    16.216
    62.800,    16.214
    62.900,    16.212
    63.000,    16.210
    63.100,    16.208
    63.200,    16.206
    63.300,    16.204
    63.400,    16.202
    63.500,    16.201
    63.600,    16.199
    63.700,    16.197
    63.800,    16.195
    63.900,    16.193
    64.000,    16.192
    64.100,    16.190
    64.200,    16.188
    64.300,    16.186
    64.400,    16.184
    64.500,    16.183
    64.600,    16.181
    64.700,    16.179
    64.800,    16.178
    64.900,    16.176
    65.000,    16.174
    65.100,    16.173
    65.200,    16.171
    65.300,    16.169
    65.400,    16.168
    65.500,    16.166
    65.600,    16.164
    65.700,    16.163
    65.800,    16.161
    65.900,    16.160
    66.000,    16.158
    66.100,    16.156
    66.200,    16.155
    66.300,    16.153
    66.400,    16.152
    66.500,    16.150
    66.600,    16.149
    66.700,    16.147
    66.800,    16.146
    66.900,    16.144
    67.000,    16.143
    67.100,    16.141
    67.200,    16.140
    67.300,    16.139
    67.400,    16.137
    67.500,    16.136
    67.600,    16.134
    67.700,    16.133
    67.800,    16.131
    67.900,    16.130
    68.000,    16.129
    68.100,    16.127
    68.200,    16.126
    68.300,    16.125
    68.400,    16.123
    68.500,    16.122
    68.600,    16.121
    68.700,    16.119
    68.800,    16.118
    68.900,    16.117
    69.000,    16.116
    69.100,    16.114
    69.200,    16.113
    69.300,    16.112
    69.400,    16.110
    69.500,    16.109
    69.600,    16.108
    69.700,    16.107
    69.800,    16.106
    69.900,    16.104
    70.000,    16.103
    70.100,    16.102
    70.200,    16.101
    70.300,    16.100
    70.400,    16.098
    70.500,    16.097
    70.600,    16.096
    70.700,    16.095
    70.800,    16.094
    70.900,    16.093
    71.000,    16.092
    71.100,    16.091
    71.200,    16.089
    71.300,    16.088
    71.400,    16.087
    71.500,    16.086
    71.600,    16.085
    71.700,    16.084
    71.800,    16.083
    71.900,    16.082
    72.000,    16.081
    72.100,    16.080
    72.200,    16.079
    72.300,    16.078
    72.400,    16.077
    72.500,    16.076
    72.600,    16.075
    72.700,    16.074
    72.800,    16.073
    72.900,    16.072
    73.000,    16.071
    73.100,    16.070
    73.200,    16.069
    73.300,    16.068
    73.400,    16.067
    73.500,    16.066
    73.600,    16.065
    73.700,    16.064
    73.800,    16.063
    73.900,    16.062
    74.000,    16.061
    74.100,    16.060
    74.200,    16.060
    74.300,    16.059
    74.400,    16.058
    74.500,    16.057
    74.600,    16.056
    74.700,    16.055
    74.800,    16.054
    74.900,    16.053
    75.000,    16.053
    75.100,    16.052
    75.200,    16.051
    75.300,    16.050
    75.400,    16.049
    75.500,    16.048
    75.600,    16.048
    75.700,    16.047
    75.800,    16.046
    75.900,    16.045
    76.000,    16.044
    76.100,    16.044
    76.200,    16.043
    76.300,    16.042
    76.400,    16.041
    76.500,    16.040
    76.600,    16.040
    76.700,    16.039
    76.800,    16.038
    76.900,    16.037
    77.000,    16.037
    77.100,    16.036
    77.200,    16.035
    77.300,    16.035
    77.400,    16.034
    77.500,    16.033
    77.600,    16.032
    77.700,    16.032
    77.800,    16.031
    77.900,    16.030
    78.000,    16.030
    78.100,    16.029
    78.200,    16.028
    78.300,    16.027
    78.400,    16.027
    78.500,    16.026
    78.600,    16.025
    78.700,    16.025
    78.800,    16.024
    78.900,    16.023
    79.000,    16.023
    79.100,    16.022
    79.200,    16.022
    79.300,    16.021
    79.400,    16.020
    79.500,    16.020
    79.600,    16.019
    79.700,    16.018
    79.800,    16.018
    79.900,    16.017
    80.000,    16.017
    80.100,    16.016
    80.200,    16.015
    80.300,    16.015
    80.400,    16.014
    80.500,    16.014
    80.600,    16.013
    80.700,    16.012
    80.800,    16.012
    80.900,    16.011
    81.000,    16.011
    81.100,    16.010
    81.200,    16.010
    81.300,    16.009
    81.400,    16.008
    81.500,    16.008
    81.600,    16.007
    81.700,    16.007
    81.800,    16.006
    81.900,    16.006
    82.000,    16.005
    82.100,    16.005
    82.200,    16.004
    82.300,    16.004
    82.400,    16.003
    82.500,    16.003
    82.600,    16.002
    82.700,    16.002
    82.800,    16.001
    82.900,    16.001
    83.000,    16.000
    83.100,    16.000
    83.200,    15.999
    83.300,    15.999
    83.400,    15.998
    83.500,    15.998
    83.600,    15.997
    83.700,    15.997
    83.800,    15.996
    83.900,    15.996
    84.000,    15.995
    84.100,    15.995
    84.200,    15.994
    84.300,    15.994
    84.400,    15.994
    84.500,    15.993
    84.600,    15.993
    84.700,    15.992
    84.800,    15.992
    84.900,    15.991
    85.000,    15.991
    85.100,    15.990
    85.200,    15.990
    85.300,    15.990
    85.400,    15.989
    85.500,    15.989
    85.600,    15.988
    85.700,    15.988
    85.800,    15.988
    85.900,    15.987
    86.000,    15.987
    86.100,    15.986
    86.200,    15.986
    86.300,    15.986
    86.400,    15.985
    86.500,    15.985
    86.600,    15.984
    86.700,    15.984
    86.800,    15.984
    86.900,    15.983
    87.000,    15.983
    87.100,    15.982
    87.200,    15.982
    87.300,    15.982
    87.400,    15.981
    87.500,    15.981
    87.600,    15.981
    87.700,    15.980
    87.800,    15.980
    87.900,    15.980
    88.000,    15.979
    88.100,    15.979
    88.200,    15.978
    88.300,    15.978
    88.400,    15.978
    88.500,    15.977
    88.600,    15.977
    88.700,    15.977
    88.800,    15.976
    88.900,    15.976
    89.000,    15.976
    89.100,    15.975
    89.200,    15.975
    89.300,    15.975
    89.400,    15.974
    89.500,    15.974
    89.600,    15.974
    89.700,    15.974
    89.800,    15.973
    89.900,    15.973
    90.000,    15.973
    90.100,    15.972
    90.200,    15.972
    90.300,    15.972
    90.400,    15.971
    90.500,    15.971
    90.600,    15.971
    90.700,    15.971
    90.800,    15.970
    90.900,    15.970
    91.000,    15.970
    91.100,    15.969
    91.200,    15.969
    91.300,    15.969
    91.400,    15.968
    91.500,    15.968
    91.600,    15.968
    91.700,    15.968
    91.800,    15.967
    91.900,    15.967
    92.000,    15.967
    92.100,    15.967
    92.200,    15.966
    92.300,    15.966
    92.400,    15.966
    92.500,    15.966
    92.600,    15.965
    92.700,    15.965
    92.800,    15.965
    92.900,    15.965
    93.000,    15.964
    93.100,    15.964
    93.200,    15.964
    93.300,    15.964
    93.400,    15.963
    93.500,    15.963
    93.600,    15.963
    93.700,    15.963
    93.800,    15.962
    93.900,    15.962
    94.000,    15.962
    94.100,    15.962
    94.200,    15.961
    94.300,    15.961
    94.400,    15.961
    94.500,    15.961
    94.600,    15.960
    94.700,    15.960
    94.800,    15.960
    94.900,    15.960
    95.000,    15.960
    95.100,    15.959
    95.200,    15.959
    95.300,    15.959
    95.400,    15.959
    95.500,    15.958
    95.600,    15.958
    95.700,    15.958
    95.800,    15.958
    95.900,    15.958
    96.000,    15.957
    96.100,    15.957
    96.200,    15.957
    96.300,    15.957
    96.400,    15.957
    96.500,    15.956
    96.600,    15.956
    96.700,    15.956
    96.800,    15.956
    96.900,    15.956
    97.000,    15.955
    97.100,    15.955
    97.200,    15.955
    97.300,    15.955
    97.400,    15.955
    97.500,    15.955
    97.600,    15.954
    97.700,    15.954
    97.800,    15.954
    97.900,    15.954
    98.000,    15.954
    98.100,    15.953
    98.200,    15.953
    98.300,    15.953
    98.400,    15.953
    98.500,    15.953
    98.600,    15.953
    98.700,    15.952
    98.800,    15.952
    98.900,    15.952
    99.000,    15.952
    99.100,    15.952
    99.200,    15.952
    99.300,    15.951
    99.400,    15.951
    99.500,    15.951
    99.600,    15.951
    99.700,    15.951
    99.800,    15.951
    99.900,    15.950
   100.000,    15.950
   100.100,    15.950
   100.200,    15.950
   100.300,    15.950
   100.400,    15.950
   100.500,    15.950
   100.600,    15.949
   100.700,    15.949
   100.800,    15.949
   100.900,    15.949
   101.000,    15.949
   101.100,    15.949
   101.200,    15.948
   101.300,    15.948
   101.400,    15.948
   101.500,    15.948
   101.600,    15.948
   101.700,    15.948
   101.800,    15.948
   101.900,    15.948
   102.000,    15.947
   102.100,    15.947
   102.200,    15.947
   102.300,    15.947
   102.400,    15.947
   102.500,    15.947
   102.600,    15.947
   102.700,    15.946
   102.800,    15.946
   102.900,    15.946
   103.000,    15.946
   103.100,    15.946
   103.200,    15.946
   103.300,    15.946
   103.400,    15.946
   103.500,    15.945
   103.600,    15.945
   103.700,    15.945
   103.800,    15.945
   103.900,    15.945
   104.000,    15.945
   104.100,    15.945
   104.200,    15.945
   104.300,    15.944
   104.400,    15.944
   104.500,    15.944
   104.600,    15.944
   104.700,    15.944
   104.800,    15.944
   104.900,    15.944
   105.000,    15.944
   105.100,    15.944
   105.200,    15.943
   105.300,    15.943
   105.400,    15.943
   105.500,    15.943
   105.600,    15.943
   105.700,    15.943
   105.800,    15.943
   105.900,    15.943
   106.000,    15.943
   106.100,    15.942
   106.200,    15.942
   106.300,    15.942
   106.400,    15.942
   106.500,    15.942
   106.600,    15.942
   106.700,    15.942
   106.800,    15.942
   106.900,    15.942
   107.000,    15.942
   107.100,    15.941
   107.200,    15.941
   107.300,    15.941
   107.400,    15.941
   107.500,    15.941
   107.600,    15.941
   107.700,    15.941
   107.800,    15.941
   107.900,    15.941
   108.000,    15.941
   108.100,    15.941
   108.200,    15.940
   108.300,    15.940
   108.400,    15.940
   108.500,    15.940
   108.600,    15.940
   108.700,    15.940
   108.800,    15.940
   108.900,    15.940
   109.000,    15.940
   109.100,    15.940
   109.200,    15.940
   109.300,    15.940
   109.400,    15.939
   109.500,    15.939
   109.600,    15.939
   109.700,    15.939
   109.800,    15.939
   109.900,    15.939
   110.000,    15.939
   110.100,    15.939
   110.200,    15.939
   110.300,    15.939
   110.400,    15.939
   110.500,    15.939
   110.600,    15.938
   110.700,    15.938
   110.800,    15.938
   110.900,    15.938
   111.000,    15.938
   111.100,    15.938
   111.200,    15.938
   111.300,    15.938
   111.400,    15.938
   111.500,    15.938
   111.600,    15.938
   111.700,    15.938
   111.800,    15.938
   111.900,    15.938
   112.000,    15.937
   112.100,    15.937
   112.200,    15.937
   112.300,    15.937
   112.400,    15.937
   112.500,    15.937
   112.600,    15.937
   112.700,    15.937
   112.800,    15.937
   112.900,    15.937
   113.000,    15.937
   113.100,    15.937
   113.200,    15.937
   113.300,    15.937
   113.400,    15.937
   113.500,    15.936
   113.600,    15.936
   113.700,    15.936
   113.800,    15.936
   113.900,    15.936
   114.000,    15.936
   114.100,    15.936
   114.200,    15.936
   114.300,    15.936
   114.400,    15.936
   114.500,    15.936
   114.600,    15.936
   114.700,    15.936
   114.800,    15.936
   114.900,    15.936
   115.000,    15.936
   115.100,    15.936
   115.200,    15.935
   115.300,    15.935
   115.400,    15.935
   115.500,    15.935
   115.600,    15.935
   115.700,    15.935
   115.800,    15.935
   115.900,    15.935
   116.000,    15.935
   116.100,    15.935
   116.200,    15.935
   116.300,    15.935
   116.400,    15.935
   116.500,    15.935
   116.600,    15.935
   116.700,    15.935
   116.800,    15.935
   116.900,    15.935
   117.000,    15.935
   117.100,    15.934
   117.200,    15.934
   117.300,    15.934
   117.400,    15.934
   117.500,    15.934
   117.600,    15.934
   117.700,    15.934
   117.800,    15.934
   117.900,    15.934
   118.000,    15.934
   118.100,    15.934
   118.200,    15.934
   118.300,    15.934
   118.400,    15.934
   118.500,    15.934
   118.600,    15.934
   118.700,    15.934
   118.800,    15.934
   118.900,    15.934
   119.000,    15.934
   119.100,    15.934
   119.200,    15.934
   119.300,    15.933
   119.400,    15.933
   119.500,    15.933
   119.600,    15.933
   119.700,    15.933
   119.800,    15.933
   119.900,    15.933
   120.000,    15.933
   120.100,    15.933
   120.200,    15.933
   120.300,    15.933
   120.400,    15.933
   120.500,    15.933
   120.600,    15.933
   120.700,    15.933
   120.800,    15.933
   120.900,    15.933
   121.000,    15.933
   121.100,    15.933
   121.200,    15.933
   121.300,    15.933
   121.400,    15.933
   121.500,    15.933
   121.600,    15.933
   121.700,    15.933
   121.800,    15.933
   121.900,    15.932
   122.000,    15.932
   122.100,    15.932
   122.200,    15.932
   122.300,    15.932
   122.400,    15.932
   122.500,    15.932
   122.600,    15.932
   122.700,    15.932
   122.800,    15.932
   122.900,    15.932
   123.000,    15.932
   123.100,    15.932
   123.200,    15.932
   123.300,    15.932
   123.400,    15.932
   123.500,    15.932
   123.600,    15.932
   123.700,    15.932
   123.800,    15.932
   123.900,    15.932
   124.000,    15.932
   124.100,    15.932
   124.200,    15.932
   124.300,    15.932
   124.400,    15.932
   124.500,    15.932
   124.600,    15.932
   124.700,    15.932
   124.800,    15.932
   124.900,    15.932
   125.000,    15.932
   125.100,    15.931
   125.200,    15.931
   125.300,    15.931
   125.400,    15.931
   125.500,    15.931
   125.600,    15.931
   125.700,    15.931
   125.800,    15.931
   125.900,    15.931
   126.000,    15.931
   126.100,    15.931
   126.200,    15.931
   126.300,    15.931
   126.400,    15.931
   126.500,    15.931
   126.600,    15.931
   126.700,    15.931
   126.800,    15.931
   126.900,    15.931
   127.000,    15.931
   127.100,    15.931
   127.200,    15.931
   127.300,    15.931
   127.400,    15.931
   127.500,    15.931
   127.600,    15.931
   127.700,    15.931
   127.800,    15.931
   127.900,    15.931
   128.000,    15.931
   128.100,    15.931
   128.200,    15.931
   128.300,    15.931
   128.400,    15.931
   128.500,    15.931
   128.600,    15.931
   128.700,    15.931
   128.800,    15.931
   128.900,    15.931
   129.000,    15.930
   129.100,    15.930
   129.200,    15.930
   129.300,    15.930
   129.400,    15.930
   129.500,    15.930
   129.600,    15.930
   129.700,    15.930
   129.800,    15.930
   129.900,    15.930
   130.000,    15.930
   130.100,    15.930
   130.200,    15.930
   130.300,    15.930
   130.400,    15.930
   130.500,    15.930
   130.600,    15.930
   130.700,    15.930
   130.800,    15.930
   130.900,    15.930
   131.000,    15.930
   131.100,    15.930
   131.200,    15.930
   131.300,    15.930
   131.400,    15.930
   131.500,    15.930
   131.600,    15.930
   131.700,    15.930
   131.800,    15.930
   131.900,    15.930
   132.000,    15.930
   132.100,    15.930
   132.200,    15.930
   132.300,    15.930
   132.400,    15.930
   132.500,    15.930
   132.600,    15.930
   132.700,    15.930
   132.800,    15.930
   132.900,    15.930
   133.000,    15.930
   133.100,    15.930
   133.200,    15.930
   133.300,    15.930
   133.400,    15.930
   133.500,    15.930
   133.600,    15.930
   133.700,    15.930
   133.800,    15.930
   133.900,    15.930
   134.000,    15.930
   134.100,    15.930
   134.200,    15.930
   134.300,    15.930
   134.400,    15.930
   134.500,    15.929
   134.600,    15.929
   134.700,    15.929
   134.800,    15.929
   134.900,    15.929
   135.000,    15.929
   135.100,    15.929
   135.200,    15.929
   135.300,    15.929
   135.400,    15.929
   135.500,    15.929
   135.600,    15.929
   135.700,    15.929
   135.800,    15.929
   135.900,    15.929
   136.000,    15.929
   136.100,    15.929
   136.200,    15.929
   136.300,    15.929
   136.400,    15.929
   136.500,    15.929
   136.600,    15.929
   136.700,    15.929
   136.800,    15.929
   136.900,    15.929
   137.000,    15.929
   137.100,    15.929
   137.200,    15.929
   137.300,    15.929
   137.400,    15.929
   137.500,    15.929
   137.600,    15.929
   137.700,    15.929
   137.800,    15.929
   137.900,    15.929
   138.000,    15.929
   138.100,    15.929
   138.200,    15.929
   138.300,    15.929
   138.400,    15.929
   138.500,    15.929
   138.600,    15.929
   138.700,    15.929
   138.800,    15.929
   138.900,    15.929
   139.000,    15.929
   139.100,    15.929
   139.200,    15.929
   139.300,    15.929
   139.400,    15.929
   139.500,    15.929
   139.600,    15.929
   139.700,    15.929
   139.800,    15.929
   139.900,    15.929
   140.000,    15.929
   140.100,    15.929
   140.200,    15.929
   140.300,    15.929
   140.400,    15.929
   140.500,    15.929
   140.600,    15.929
   140.700,    15.929
   140.800,    15.929
   140.900,    15.929
   141.000,    15.929
   141.100,    15.929
   141.200,    15.929
   141.300,    15.929
   141.400,    15.929
   141.500,    15.929
   141.600,    15.929
   141.700,    15.929
   141.800,    15.929
   141.900,    15.929
   142.000,    15.929
   142.100,    15.929
   142.200,    15.929
   142.300,    15.929
   142.400,    15.929
   142.500,    15.929
   142.600,    15.929
   142.700,    15.929
   142.800,    15.929
   142.900,    15.929
   143.000,    15.929
   143.100,    15.929
   143.200,    15.929
   143.300,    15.929
   143.400,    15.928
   143.500,    15.928
   143.600,    15.928
   143.700,    15.928
   143.800,    15.928
   143.900,    15.928
   144.000,    15.928
   144.100,    15.928
   144.200,    15.928
   144.300,    15.928
   144.400,    15.928
   144.500,    15.928
   144.600,    15.928
   144.700,    15.928
   144.800,    15.928
   144.900,    15.928
   145.000,    15.928
   145.100,    15.928
   145.200,    15.928
   145.300,    15.928
   145.400,    15.928
   145.500,    15.928
   145.600,    15.928
   145.700,    15.928
   145.800,    15.928
   145.900,    15.928
   146.000,    15.928
   146.100,    15.928
   146.200,    15.928
   146.300,    15.928
   146.400,    15.928
   146.500,    15.928
   146.600,    15.928
   146.700,    15.928
   146.800,    15.928
   146.900,    15.928
   147.000,    15.928
   147.100,    15.928
   147.200,    15.928
   147.300,    15.928
   147.400,    15.928
   147.500,    15.928
   147.600,    15.928
   147.700,    15.928
   147.800,    15.928
   147.900,    15.928
   148.000,    15.928
   148.100,    15.928
   148.200,    15.928
   148.300,    15.928
   148.400,    15.928
   148.500,    15.928
   148.600,    15.928
   148.700,    15.928
   148.800,    15.928
   148.900,    15.928
   149.000,    15.928
   149.100,    15.928
   149.200,    15.928
   149.300,    15.928
   149.400,    15.928
   149.500,    15.928
   149.600,    15.928
   149.700,    15.928
   149.800,    15.928
   149.900,    15.928
   150.000,    15.928
   150.100,    15.928
   150.200,    15.928
   150.300,    15.928
   150.400,    15.928
   150.500,    15.928
   150.600,    15.928
   150.700,    15.928
   150.800,    15.928
   150.900,    15.928
   151.000,    15.928
   151.100,    15.928
   151.200,    15.928
   151.300,    15.928
   151.400,    15.928
   151.500,    15.928
   151.600,    15.928
   151.700,    15.928
   151.800,    15.928
   151.900,    15.928
   152.000,    15.928
   152.100,    15.928
   152.200,    15.928
   152.300,    15.928
   152.400,    15.928
   152.500,    15.928
   152.600,    15.928
   152.700,    15.928
   152.800,    15.928
   152.900,    15.928
   153.000,    15.928
   153.100,    15.928
   153.200,    15.928
   153.300,    15.928
   153.400,    15.928
   153.500,    15.928
   153.600,    15.928
   153.700,    15.928
   153.800,    15.928
   153.900,    15.928
   154.000,    15.928
   154.100,    15.928
   154.200,    15.928
   154.300,    15.928
   154.400,    15.928
   154.500,    15.928
   154.600,    15.928
   154.700,    15.928
   154.800,    15.928
   154.900,    15.928
   155.000,    15.928
   155.100,    15.928
   155.200,    15.928
   155.300,    15.928
   155.400,    15.928
   155.500,    15.928
   155.600,    15.928
   155.700,    15.928
   155.800,    15.928
   155.900,    15.928
   156.000,    15.928
   156.100,    15.928
   156.200,    15.928
   156.300,    15.928
   156.400,    15.928
   156.500,    15.928
   156.600,    15.928
   156.700,    15.928
   156.800,    15.928
   156.900,    15.928
   157.000,    15.928
   157.100,    15.928
   157.200,    15.928
   157.300,    15.928
   157.400,    15.928
   157.500,    15.928
   157.600,    15.928
   157.700,    15.928
   157.800,    15.928
   157.900,    15.928
   158.000,    15.928
   158.100,    15.928
   158.200,    15.928
   158.300,    15.928
   158.400,    15.928
   158.500,    15.928
   158.600,    15.928
   158.700,    15.928
   158.800,    15.928
   158.900,    15.928
   159.000,    15.928
   159.100,    15.928
   159.200,    15.928
   159.300,    15.928
   159.400,    15.928
   159.500,    15.928
   159.600,    15.928
   159.700,    15.928
   159.800,    15.928
   159.900,    15.928
   160.000,    15.928
   160.100,    15.928
   160.200,    15.928
   160.300,    15.928
   160.400,    15.928
   160.500,    15.928
   160.600,    15.928
   160.700,    15.928
   160.800,    15.928
   160.900,    15.928
   161.000,    15.928
   161.100,    15.928
   161.200,    15.928
   161.300,    15.928
   161.400,    15.928
   161.500,    15.928
   161.600,    15.928
   161.700,    15.928
   161.800,    15.928
   161.900,    15.928
   162.000,    15.928
   162.100,    15.928
   162.200,    15.928
   162.300,    15.928
   162.400,    15.928
   162.500,    15.928
   162.600,    15.928
   162.700,    15.928
   162.800,    15.928
   162.900,    15.928
   163.000,    15.928
   163.100,    15.928
   163.200,    15.928
   163.300,    15.928
   163.400,    15.928
   163.500,    15.928
   163.600,    15.928
   163.700,    15.928
   163.800,    15.928
   163.900,    15.928
   164.000,    15.928
   164.100,    15.928
   164.200,    15.928
   164.300,    15.928
   164.400,    15.928
   164.500,    15.928
   164.600,    15.928
   164.700,    15.928
   164.800,    15.928
   164.900,    15.928
   165.000,    15.928
   165.100,    15.928
   165.200,    15.928
   165.300,    15.928
   165.400,    15.928
   165.500,    15.928
   165.600,    15.928
   165.700,    15.928
   165.800,    15.928
   165.900,    15.928
   166.000,    15.928
   166.100,    15.928
   166.200,    15.928
   166.300,    15.928
   166.400,    15.928
   166.500,    15.928
   166.600,    15.928
   166.700,    15.928
   166.800,    15.928
   166.900,    15.928
   167.000,    15.928
   167.100,    15.928
   167.200,    15.928
   167.300,    15.928
   167.400,    15.928
   167.500,    15.928
   167.600,    15.928
   167.700,    15.928
   167.800,    15.928
   167.900,    15.928
   168.000,    15.928
   168.100,    15.928
   168.200,    15.928
   168.300,    15.928
   168.400,    15.928
   168.500,    15.928
   168.600,    15.927
   168.700,    15.927
   168.800,    15.927
   168.900,    15.927
   169.000,    15.927
   169.100,    15.927
   169.200,    15.927
   169.300,    15.927
   169.400,    15.927
   169.500,    15.927
   169.600,    15.927
   169.700,    15.927
   169.800,    15.927
   169.900,    15.927
   170.000,    15.927
   170.100,    15.927
   170.200,    15.927
   170.300,    15.927
   170.400,    15.927
   170.500,    15.927
   170.600,    15.927
   170.700,    15.927
   170.800,    15.927
   170.900,    15.927
   171.000,    15.927
   171.100,    15.927
   171.200,    15.927
   171.300,    15.927
   171.400,    15.927
   171.500,    15.927
   171.600,    15.927
   171.700,    15.927
   171.800,    15.927
   171.900,    15.927
   172.000,    15.927
   172.100,    15.927
   172.200,    15.927
   172.300,    15.927
   172.400,    15.927
   172.500,    15.927
   172.600,    15.927
   172.700,    15.927
   172.800,    15.927
   172.900,    15.927
   173.000,    15.927
   173.100,    15.927
   173.200,    15.927
   173.300,    15.927
   173.400,    15.927
   173.500,    15.927
   173.600,    15.927
   173.700,    15.927
   173.800,    15.927
   173.900,    15.927
   174.000,    15.927
   174.100,    15.927
   174.200,    15.927
   174.300,    15.927
   174.400,    15.927
   174.500,    15.927
   174.600,    15.927
   174.700,    15.927
   174.800,    15.927
   174.900,    15.927
   175.000,    15.927
   175.100,    15.927
   175.200,    15.927
   175.300,    15.927
   175.400,    15.927
   175.500,    15.927
   175.600,    15.927
   175.700,    15.927
   175.800,    15.927
   175.900,    15.927
   176.000,    15.927
   176.100,    15.927
   176.200,    15.927
   176.300,    15.927
   176.400,    15.927
   176.500,    15.927
   176.600,    15.927
   176.700,    15.927
   176.800,    15.927
   176.900,    15.927
   177.000,    15.927
   177.100,    15.927
   177.200,    15.927
   177.300,    15.927
   177.400,    15.927
   177.500,    15.927
   177.600,    15.927
   177.700,    15.927
   177.800,    15.927
   177.900,    15.927
   178.000,    15.927
   178.100,    15.927
   178.200,    15.927
   178.300,    15.927
   178.400,    15.927
   178.500,    15.927
   178.600,    15.927
   178.700,    15.927
   178.800,    15.927
   178.900,    15.927
   179.000,    15.927
   179.100,    15.927
   179.200,    15.927
   179.300,    15.927
   179.400,    15.927
   179.500,    15.927
   179.600,    15.927
   179.700,    15.927
   179.800,    15.927
   179.900,    15.927
   180.000,    15.927
   180.100,    15.927
   180.200,    15.927
   180.300,    15.927
   180.400,    15.927
   180.500,    15.927
   180.600,    15.927
   180.700,    15.927
   180.800,    15.927
   180.900,    15.927
   181.000,    15.927
   181.100,    15.927
   181.200,    15.927
   181.300,    15.927
   181.400,    15.927
   181.500,    15.927
   181.600,    15.927
   181.700,    15.927
   181.800,    15.927
   181.900,    15.927
   182.000,    15.927
   182.100,    15.927
   182.200,    15.927
   182.300,    15.927
   182.400,    15.927
   182.500,    15.927
   182.600,    15.927
   182.700,    15.927
   182.800,    15.927
   182.900,    15.927
   183.000,    15.927
   183.100,    15.927
   183.200,    15.927
   183.300,    15.927
   183.400,    15.927
   183.500,    15.927
   183.600,    15.927
   183.700,    15.927
   183.800,    15.927
   183.900,    15.927
   184.000,    15.927
   184.100,    15.927
   184.200,    15.927
   184.300,    15.927
   184.400,    15.927
   184.500,    15.927
   184.600,    15.927
   184.700,    15.927
   184.800,    15.927
   184.900,    15.927
   185.000,    15.927
   185.100,    15.927
   185.200,    15.927
   185.300,    15.927
   185.400,    15.927
   185.500,    15.927
   185.600,    15.927
   185.700,    15.927
   185.800,    15.927
   185.900,    15.927
   186.000,    15.927
   186.100,    15.927
   186.200,    15.927
   186.300,    15.927
   186.400,    15.927
   186.500,    15.927
   186.600,    15.927
   186.700,    15.927
   186.800,    15.927
   186.900,    15.927
   187.000,    15.927
   187.100,    15.927
   187.200,    15.927
   187.300,    15.927
   187.400,    15.927
   187.500,    15.927
   187.600,    15.927
   187.700,    15.927
   187.800,    15.927
   187.900,    15.927
   188.000,    15.927
   188.100,    15.927
   188.200,    15.927
   188.300,    15.927
   188.400,    15.927
   188.500,    15.927
   188.600,    15.927
   188.700,    15.927
   188.800,    15.927
   188.900,    15.927
   189.000,    15.927
   189.100,    15.927
   189.200,    15.927
   189.300,    15.927
   189.400,    15.927
   189.500,    15.927
   189.600,    15.927
   189.700,    15.927
   189.800,    15.927
   189.900,    15.927
   190.000,    15.927
   190.100,    15.927
   190.200,    15.927
   190.300,    15.927
   190.400,    15.927
   190.500,    15.927
   190.600,    15.927
   190.700,    15.927
   190.800,    15.927
   190.900,    15.927
   191.000,    15.927
   191.100,    15.927
   191.200,    15.927
   191.300,    15.927
   191.400,    15.927
   191.500,    15.927
   191.600,    15.927
   191.700,    15.927
   191.800,    15.927
   191.900,    15.927
   192.000,    15.927
   192.100,    15.927
   192.200,    15.927
   192.300,    15.927
   192.400,    15.927
   192.500,    15.927
   192.600,    15.927
   192.700,    15.927
   192.800,    15.927
   192.900,    15.927
   193.000,    15.927
   193.100,    15.927
   193.200,    15.927
   193.300,    15.927
   193.400,    15.927
   193.500,    15.927
   193.600,    15.927
   193.700,    15.927
   193.800,    15.927
   193.900,    15.927
   194.000,    15.927
   194.100,    15.927
   194.200,    15.927
   194.300,    15.927
   194.400,    15.927
   194.500,    15.927
   194.600,    15.927
   194.700,    15.927
   194.800,    15.927
   194.900,    15.927
   195.000,    15.927
   195.100,    15.927
   195.200,    15.927
   195.300,    15.927
   195.400,    15.927
   195.500,    15.927
   195.600,    15.927
   195.700,    15.927
   195.800,    15.927
   195.900,    15.927
   196.000,    15.927
   196.100,    15.927
   196.200,    15.927
   196.300,    15.927
   196.400,    15.927
   196.500,    15.927
   196.600,    15.927
   196.700,    15.927
   196.800,    15.927
   196.900,    15.927
   197.000,    15.927
   197.100,    15.927
   197.200,    15.927
   197.300,    15.927
   197.400,    15.927
   197.500,    15.927
   197.600,    15.927
   197.700,    15.927
   197.800,    15.927
   197.900,    15.927
   198.000,    15.927
   198.100,    15.927
   198.200,    15.927
   198.300,    15.927
   198.400,    15.927
   198.500,    15.927
   198.600,    15.927
   198.700,    15.927
   198.800,    15.927
   198.900,    15.927
   199.000,    15.927
   199.100,    15.927
   199.200,    15.927
   199.300,    15.927
   199.400,    15.927
   199.500,    15.927
   199.600,    15.927
   199.700,    15.927
   199.800,    15.927
   199.900,    15.927
   200.000,    15.927
   200.100,    15.927
   200.200,    15.927
   200.300,    15.927
   200.400,    15.927
   200.500,    15.927
   200.600,    15.927
   200.700,    15.927
   200.800,    15.927
   200.900,    15.927
   201.000,    15.927
   201.100,    15.927
   201.200,    15.927
   201.300,    15.927
   201.400,    15.927
   201.500,    15.927
   201.600,    15.927
   201.700,    15.927
   201.800,    15.927
   201.900,    15.927
   202.000,    15.927
   202.100,    15.927
   202.200,    15.927
   202.300,    15.927
   202.400,    15.927
   202.500,    15.927
   202.600,    15.927
   202.700,    15.927
   202.800,    15.927
   202.900,    15.927
   203.000,    15.927
   203.100,    15.927
   203.200,    15.927
   203.300,    15.927
   203.400,    15.927
   203.500,    15.927
   203.600,    15.927
   203.700,    15.927
   203.800,    15.927
   203.900,    15.927
   204.000,    15.927
   204.100,    15.927
   204.200,    15.927
   204.300,    15.927
   204.400,    15.927
   204.500,    15.927
   204.600,    15.927
   204.700,    15.927
   204.800,    15.927
   204.900,    15.927
   205.000,    15.927
   205.100,    15.927
   205.200,    15.927
   205.300,    15.927
   205.400,    15.927
   205.500,    15.927
   205.600,    15.927
   205.700,    15.927
   205.800,    15.927
   205.900,    15.927
   206.000,    15.927
   206.100,    15.927
   206.200,    15.927
   206.300,    15.927
   206.400,    15.927
   206.500,    15.927
   206.600,    15.927
   206.700,    15.927
   206.800,    15.927
   206.900,    15.927
   207.000,    15.927
   207.100,    15.927
   207.200,    15.927
   207.300,    15.927
   207.400,    15.927
   207.500,    15.927
   207.600,    15.927
   207.700,    15.927
   207.800,    15.927
   207.900,    15.927
   208.000,    15.927
   208.100,    15.927
   208.200,    15.927
   208.300,    15.927
   208.400,    15.927
   208.500,    15.927
   208.600,    15.927
   208.700,    15.927
   208.800,    15.927
   208.900,    15.927
   209.000,    15.927
   209.100,    15.927
   209.200,    15.927
   209.300,    15.927
   209.400,    15.927
   209.500,    15.927
   209.600,    15.927
   209.700,    15.927
   209.800,    15.927
   209.900,    15.927
   210.000,    15.927
   210.100,    15.927
   210.200,    15.927
   210.300,    15.927
   210.400,    15.927
   210.500,    15.927
   210.600,    15.927
   210.700,    15.927
   210.800,    15.927
   210.900,    15.927
   211.000,    15.927
   211.100,    15.927
   211.200,    15.927
   211.300,    15.927
   211.400,    15.927
   211.500,    15.927
   211.600,    15.927
   211.700,    15.927
   211.800,    15.927
   211.900,    15.927
   212.000,    15.927
   212.100,    15.927
   212.200,    15.927
   212.300,    15.927
   212.400,    15.927
   212.500,    15.927
   212.600,    15.927
   212.700,    15.927
   212.800,    15.927
   212.900,    15.927
   213.000,    15.927
   213.100,    15.927
   213.200,    15.927
   213.300,    15.927
   213.400,    15.927
   213.500,    15.927
   213.600,    15.927
   213.700,    15.927
   213.800,    15.927
   213.900,    15.927
   214.000,    15.927
   214.100,    15.927
   214.200,    15.927
   214.300,    15.927
   214.400,    15.927
   214.500,    15.927
   214.600,    15.927
   214.700,    15.927
   214.800,    15.927
   214.900,    15.927
   215.000,    15.927
   215.100,    15.927
   215.200,    15.927
   215.300,    15.927
   215.400,    15.927
   215.500,    15.927
   215.600,    15.927
   215.700,    15.927
   215.800,    15.927
   215.900,    15.927
   216.000,    15.927
   216.100,    15.927
   216.200,    15.927
   216.300,    15.927
   216.400,    15.927
   216.500,    15.927
   216.600,    15.927
   216.700,    15.927
   216.800,    15.927
   216.900,    15.927
   217.000,    15.927
   217.100,    15.927
   217.200,    15.927
   217.300,    15.927
   217.400,    15.927
   217.500,    15.927
   217.600,    15.927
   217.700,    15.927
   217.800,    15.927
   217.900,    15.927
   218.000,    15.927
   218.100,    15.927
   218.200,    15.927
   218.300,    15.927
   218.400,    15.927
   218.500,    15.927
   218.600,    15.927
   218.700,    15.927
   218.800,    15.927
   218.900,    15.927
   219.000,    15.927
   219.100,    15.927
   219.200,    15.927
   219.300,    15.927
   219.400,    15.927
   219.500,    15.927
   219.600,    15.927
   219.700,    15.927
   219.800,    15.927
   219.900,    15.927
   220.000,    15.927
   220.100,    15.927
   220.200,    15.927
   220.300,    15.927
   220.400,    15.927
   220.500,    15.927
   220.600,    15.927
   220.700,    15.927
   220.800,    15.927
   220.900,    15.927
   221.000,    15.927
   221.100,    15.927
   221.200,    15.927
   221.300,    15.927
   221.400,    15.927
   221.500,    15.927
   221.600,    15.927
   221.700,    15.927
   221.800,    15.927
   221.900,    15.927
   222.000,    15.927
   222.100,    15.927
   222.200,    15.927
   222.300,    15.927
   222.400,    15.927
   222.500,    15.927
   222.600,    15.927
   222.700,    15.927
   222.800,    15.927
   222.900,    15.927
   223.000,    15.927
   223.100,    15.927
   223.200,    15.927
   223.300,    15.927
   223.400,    15.927
   223.500,    15.927
   223.600,    15.927
   223.700,    15.927
   223.800,    15.927
   223.900,    15.927
   224.000,    15.927
   224.100,    15.927
   224.200,    15.927
   224.300,    15.927
   224.400,    15.927
   224.500,    15.927
   224.600,    15.927
   224.700,    15.927
   224.800,    15.927
   224.900,    15.927
   225.000,    15.927
   225.100,    15.927
   225.200,    15.927
   225.300,    15.927
   225.400,    15.927
   225.500,    15.927
   225.600,    15.927
   225.700,    15.927
   225.800,    15.927
   225.900,    15.927
   226.000,    15.927
   226.100,    15.927
   226.200,    15.927
   226.300,    15.927
   226.400,    15.927
   226.500,    15.927
   226.600,    15.927
   226.700,    15.927
   226.800,    15.927
   226.900,    15.927
   227.000,    15.927
   227.100,    15.927
   227.200,    15.927
   227.300,    15.927
   227.400,    15.927
   227.500,    15.927
   227.600,    15.927
   227.700,    15.927
   227.800,    15.927
   227.900,    15.927
   228.000,    15.927
   228.100,    15.927
   228.200,    15.927
   228.300,    15.927
   228.400,    15.927
   228.500,    15.927
   228.600,    15.927
   228.700,    15.927
   228.800,    15.927
   228.900,    15.927
   229.000,    15.927
   229.100,    15.927
   229.200,    15.927
   229.300,    15.927
   229.400,    15.927
   229.500,    15.927
   229.600,    15.927
   229.700,    15.927
   229.800,    15.927
   229.900,    15.927
   230.000,    15.927
   230.100,    15.927
   230.200,    15.927
   230.300,    15.927
   230.400,    15.927
   230.500,    15.927
   230.600,    15.927
   230.700,    15.927
   230.800,    15.927
   230.900,    15.927
   231.000,    15.927
   231.100,    15.927
   231.200,    15.927
   231.300,    15.927
   231.400,    15.927
   231.500,    15.927
   231.600,    15.927
   231.700,    15.927
   231.800,    15.927
   231.900,    15.927
   232.000,    15.927
   232.100,    15.927
   232.200,    15.927
   232.300,    15.927
   232.400,    15.927
   232.500,    15.927
   232.600,    15.927
   232.700,    15.927
   232.800,    15.927
   232.900,    15.927
   233.000,    15.927
   233.100,    15.927
   233.200,    15.927
   233.300,    15.927
   233.400,    15.927
   233.500,    15.927
   233.600,    15.927
   233.700,    15.927
   233.800,    15.927
   233.900,    15.927
   234.000,    15.927
   234.100,    15.927
   234.200,    15.927
   234.300,    15.927
   234.400,    15.927
   234.500,    15.927
   234.600,    15.927
   234.700,    15.927
   234.800,    15.927
   234.900,    15.927
   235.000,    15.927
   235.100,    15.927
   235.200,    15.927
   235.300,    15.927
   235.400,    15.927
   235.500,    15.927
   235.600,    15.927
   235.700,    15.927
   235.800,    15.927
   235.900,    15.927
   236.000,    15.927
   236.100,    15.927
   236.200,    15.927
   236.300,    15.927
   236.400,    15.927
   236.500,    15.927
   236.600,    15.927
   236.700,    15.927
   236.800,    15.927
   236.900,    15.927
   237.000,    15.927
   237.100,    15.927
   237.200,    15.927
   237.300,    15.927
   237.400,    15.927
   237.500,    15.927
   237.600,    15.927
   237.700,    15.927
   237.800,    15.927
   237.900,    15.927
   238.000,    15.927
   238.100,    15.927
   238.200,    15.927
   238.300,    15.927
   238.400,    15.927
   238.500,    15.927
   238.600,    15.927
   238.700,    15.927
   238.800,    15.927
   238.900,    15.927
   239.000,    15.927
   239.100,    15.927
   239.200,    15.927
   239.300,    15.927
   239.400,    15.927
   239.500,    15.927
   239.600,    15.927
   239.700,    15.927
   239.800,    15.927
   239.900,    15.927
   240.000,    15.927
   240.100,    15.927
   240.200,    15.927
   240.300,    15.927
   240.400,    15.927
   240.500,    15.927
   240.600,    15.927
   240.700,    15.927
   240.800,    15.927
   240.900,    15.927
   241.000,    15.927
   241.100,    15.927
   241.200,    15.927
   241.300,    15.927
   241.400,    15.927
   241.500,    15.927
   241.600,    15.927
   241.700,    15.927
   241.800,    15.927
   241.900,    15.927
   242.000,    15.927
   242.100,    15.927
   242.200,    15.927
   242.300,    15.927
   242.400,    15.927
   242.500,    15.927
   242.600,    15.927
   242.700,    15.927
   242.800,    15.927
   242.900,    15.927
   243.000,    15.927
   243.100,    15.927
   243.200,    15.927
   243.300,    15.927
   243.400,    15.927
   243.500,    15.927
   243.600,    15.927
   243.700,    15.927
   243.800,    15.927
   243.900,    15.927
   244.000,    15.927
   244.100,    15.927
   244.200,    15.927
   244.300,    15.927
   244.400,    15.927
   244.500,    15.927
   244.600,    15.927
   244.700,    15.927
   244.800,    15.927
   244.900,    15.927
   245.000,    15.927
   245.100,    15.927
   245.200,    15.927
   245.300,    15.927
   245.400,    15.927
   245.500,    15.927
   245.600,    15.927
   245.700,    15.927
   245.800,    15.927
   245.900,    15.927
   246.000,    15.927
   246.100,    15.927
   246.200,    15.927
   246.300,    15.927
   246.400,    15.927
   246.500,    15.927
   246.600,    15.927
   246.700,    15.927
   246.800,    15.927
   246.900,    15.927
   247.000,    15.927
   247.100,    15.927
   247.200,    15.927
   247.300,    15.927
   247.400,    15.927
   247.500,    15.927
   247.600,    15.927
   247.700,    15.927
   247.800,    15.927
   247.900,    15.927
   248.000,    15.927
   248.100,    15.927
   248.200,    15.927
   248.300,    15.927
   248.400,    15.927
   248.500,    15.927
   248.600,    15.927
   248.700,    15.927
   248.800,    15.927
   248.900,    15.927
   249.000,    15.927
   249.100,    15.927
   249.200,    15.927
   249.300,    15.927
   249.400,    15.927
   249.500,    15.927
   249.600,    15.927
   249.700,    15.927
   249.800,    15.927
   249.900,    15.927
   250.000,    15.927
   250.100,    15.927
   250.200,    15.927
   250.300,    15.927
   250.400,    15.927
   250.500,    15.927
   250.600,    15.927
   250.700,    15.927
   250.800,    15.927
   250.900,    15.927
   251.000,    15.927
   251.100,    15.927
   251.200,    15.927
   251.300,    15.927
   251.400,    15.927
   251.500,    15.927
   251.600,    15.927
   251.700,    15.927
   251.800,    15.927
   251.900,    15.927
   252.000,    15.927
   252.100,    15.927
   252.200,    15.927
   252.300,    15.927
   252.400,    15.927
   252.500,    15.927
   252.600,    15.927
   252.700,    15.927
   252.800,    15.927
   252.900,    15.927
   253.000,    15.927
   253.100,    15.927
   253.200,    15.927
   253.300,    15.927
   253.400,    15.927
   253.500,    15.927
   253.600,    15.927
   253.700,    15.927
   253.800,    15.927
   253.900,    15.927
   254.000,    15.927
   254.100,    15.927
   254.200,    15.927
   254.300,    15.927
   254.400,    15.927
   254.500,    15.927
   254.600,    15.927
   254.700,    15.927
   254.800,    15.927
   254.900,    15.927
   255.000,    15.927
   255.100,    15.927
   255.200,    15.927
   255.300,    15.927
   255.400,    15.927
   255.500,    15.927
   255.600,    15.927
   255.700,    15.927
   255.800,    15.927
   255.900,    15.927
   256.000,    15.927
   256.100,    15.927
   256.200,    15.927
   256.300,    15.927
   256.400,    15.927
   256.500,    15.927
   256.600,    15.927
   256.700,    15.927
   256.800,    15.927
   256.900,    15.927
   257.000,    15.927
   257.100,    15.927
   257.200,    15.927
   257.300,    15.927
   257.400,    15.927
   257.500,    15.927
   257.600,    15.927
   257.700,    15.927
   257.800,    15.927
   257.900,    15.927
   258.000,    15.927
   258.100,    15.927
   258.200,    15.927
   258.300,    15.927
   258.400,    15.927
   258.500,    15.927
   258.600,    15.927
   258.700,    15.927
   258.800,    15.927
   258.900,    15.927
   259.000,    15.927
   259.100,    15.927
   259.200,    15.927
   259.300,    15.927
   259.400,    15.927
   259.500,    15.927
   259.600,    15.927
   259.700,    15.927
   259.800,    15.927
   259.900,    15.927
   260.000,    15.927
   260.100,    15.927
   260.200,    15.927
   260.300,    15.927
   260.400,    15.927
   260.500,    15.927
   260.600,    15.927
   260.700,    15.927
   260.800,    15.927
   260.900,    15.927
   261.000,    15.927
   261.100,    15.927
   261.200,    15.927
   261.300,    15.927
   261.400,    15.927
   261.500,    15.927
   261.600,    15.927
   261.700,    15.927
   261.800,    15.927
   261.900,    15.927
   262.000,    15.927
   262.100,    15.927
   262.200,    15.927
   262.300,    15.927
   262.400,    15.927
   262.500,    15.927
   262.600,    15.927
   262.700,    15.927
   262.800,    15.927
   262.900,    15.927
   263.000,    15.927
   263.100,    15.927
   263.200,    15.927
   263.300,    15.927
   263.400,    15.927
   263.500,    15.927
   263.600,    15.927
   263.700,    15.927
   263.800,    15.927
   263.900,    15.927
   264.000,    15.927
   264.100,    15.927
   264.200,    15.927
   264.300,    15.927
   264.400,    15.927
   264.500,    15.927
   264.600,    15.927
   264.700,    15.927
   264.800,    15.927
   264.900,    15.927
   265.000,    15.927
   265.100,    15.927
   265.200,    15.927
   265.300,    15.927
   265.400,    15.927
   265.500,    15.927
   265.600,    15.927
   265.700,    15.927
   265.800,    15.927
   265.900,    15.927
   266.000,    15.927
   266.100,    15.927
   266.200,    15.927
   266.300,    15.927
   266.400,    15.927
   266.500,    15.927
   266.600,    15.927
   266.700,    15.927
   266.800,    15.927
   266.900,    15.927
   267.000,    15.927
   267.100,    15.927
   267.200,    15.927
   267.300,    15.927
   267.400,    15.927
   267.500,    15.927
   267.600,    15.927
   267.700,    15.927
   267.800,    15.927
   267.900,    15.927
   268.000,    15.927
   268.100,    15.927
   268.200,    15.927
   268.300,    15.927
   268.400,    15.927
   268.500,    15.927
   268.600,    15.927
   268.700,    15.927
   268.800,    15.927
   268.900,    15.927
   269.000,    15.927
   269.100,    15.927
   269.200,    15.927
   269.300,    15.927
   269.400,    15.927
   269.500,    15.927
   269.600,    15.927
   269.700,    15.927
   269.800,    15.927
   269.900,    15.927
   270.000,    15.927
   270.100,    15.927
   270.200,    15.927
   270.300,    15.927
   270.400,    15.927
   270.500,    15.927
   270.600,    15.927
   270.700,    15.927
   270.800,    15.927
   270.900,    15.927
   271.000,    15.927
   271.100,    15.927
   271.200,    15.927
   271.300,    15.927
   271.400,    15.927
   271.500,    15.927
   271.600,    15.927
   271.700,    15.927
   271.800,    15.927
   271.900,    15.927
   272.000,    15.927
   272.100,    15.927
   272.200,    15.927
   272.300,    15.927
   272.400,    15.927
   272.500,    15.927
   272.600,    15.927
   272.700,    15.927
   272.800,    15.927
   272.900,    15.927
   273.000,    15.927
   273.100,    15.927
   273.200,    15.927
   273.300,    15.927
   273.400,    15.927
   273.500,    15.927
   273.600,    15.927
   273.700,    15.927
   273.800,    15.927
   273.900,    15.927
   274.000,    15.927
   274.100,    15.927
   274.200,    15.927
   274.300,    15.927
   274.400,    15.927
   274.500,    15.927
   274.600,    15.927
   274.700,    15.927
   274.800,    15.927
   274.900,    15.927
   275.000,    15.927
   275.100,    15.927
   275.200,    15.927
   275.300,    15.927
   275.400,    15.927
   275.500,    15.927
   275.600,    15.927
   275.700,    15.927
   275.800,    15.927
   275.900,    15.927
   276.000,    15.927
   276.100,    15.927
   276.200,    15.927
   276.300,    15.927
   276.400,    15.927
   276.500,    15.927
   276.600,    15.927
   276.700,    15.927
   276.800,    15.927
   276.900,    15.927
   277.000,    15.927
   277.100,    15.927
   277.200,    15.927
   277.300,    15.927
   277.400,    15.927
   277.500,    15.927
   277.600,    15.927
   277.700,    15.927
   277.800,    15.927
   277.900,    15.927
   278.000,    15.927
   278.100,    15.927
   278.200,    15.927
   278.300,    15.927
   278.400,    15.927
   278.500,    15.927
   278.600,    15.927
   278.700,    15.927
   278.800,    15.927
   278.900,    15.927
   279.000,    15.927
   279.100,    15.927
   279.200,    15.927
   279.300,    15.927
   279.400,    15.927
   279.500,    15.927
   279.600,    15.927
   279.700,    15.927
   279.800,    15.927
   279.900,    15.927
   280.000,    15.927
   280.100,    15.927
   280.200,    15.927
   280.300,    15.927
   280.400,    15.927
   280.500,    15.927
   280.600,    15.927
   280.700,    15.927
   280.800,    15.927
   280.900,    15.927
   281.000,    15.927
   281.100,    15.927
   281.200,    15.927
   281.300,    15.927
   281.400,    15.927
   281.500,    15.927
   281.600,    15.927
   281.700,    15.927
   281.800,    15.927
   281.900,    15.927
   282.000,    15.927
   282.100,    15.927
   282.200,    15.927
   282.300,    15.927
   282.400,    15.927
   282.500,    15.927
   282.600,    15.927
   282.700,    15.927
   282.800,    15.927
   282.900,    15.927
   283.000,    15.927
   283.100,    15.927
   283.200,    15.927
   283.300,    15.927
   283.400,    15.927
   283.500,    15.927
   283.600,    15.927
   283.700,    15.927
   283.800,    15.927
   283.900,    15.927
   284.000,    15.927
   284.100,    15.927
   284.200,    15.927
   284.300,    15.927
   284.400,    15.927
   284.500,    15.927
   284.600,    15.927
   284.700,    15.927
   284.800,    15.927
   284.900,    15.927
   285.000,    15.927
   285.100,    15.927
   285.200,    15.927
   285.300,    15.927
   285.400,    15.927
   285.500,    15.927
   285.600,    15.927
   285.700,    15.927
   285.800,    15.927
   285.900,    15.927
   286.000,    15.927
   286.100,    15.927
   286.200,    15.927
   286.300,    15.927
   286.400,    15.927
   286.500,    15.927
   286.600,    15.927
   286.700,    15.927
   286.800,    15.927
   286.900,    15.927
   287.000,    15.927
   287.100,    15.927
   287.200,    15.927
   287.300,    15.927
   287.400,    15.927
   287.500,    15.927
   287.600,    15.927
   287.700,    15.927
   287.800,    15.927
   287.900,    15.927
   288.000,    15.927
   288.100,    15.927
   288.200,    15.927
   288.300,    15.927
   288.400,    15.927
   288.500,    15.927
   288.600,    15.927
   288.700,    15.927
   288.800,    15.927
   288.900,    15.927
   289.000,    15.927
   289.100,    15.927
   289.200,    15.927
   289.300,    15.927
   289.400,    15.927
   289.500,    15.927
   289.600,    15.927
   289.700,    15.927
   289.800,    15.927
   289.900,    15.927
   290.000,    15.927
   290.100,    15.927
   290.200,    15.927
   290.300,    15.927
   290.400,    15.927
   290.500,    15.927
   290.600,    15.927
   290.700,    15.927
   290.800,    15.927
   290.900,    15.927
   291.000,    15.927
   291.100,    15.927
   291.200,    15.927
   291.300,    15.927
   291.400,    15.927
   291.500,    15.927
   291.600,    15.927
   291.700,    15.927
   291.800,    15.927
   291.900,    15.927
   292.000,    15.927
   292.100,    15.927
   292.200,    15.927
   292.300,    15.927
   292.400,    15.927
   292.500,    15.927
   292.600,    15.927
   292.700,    15.927
   292.800,    15.927
   292.900,    15.927
   293.000,    15.927
   293.100,    15.927
   293.200,    15.927
   293.300,    15.927
   293.400,    15.927
   293.500,    15.927
   293.600,    15.927
   293.700,    15.927
   293.800,    15.927
   293.900,    15.927
   294.000,    15.927
   294.100,    15.927
   294.200,    15.927
   294.300,    15.927
   294.400,    15.927
   294.500,    15.927
   294.600,    15.927
   294.700,    15.927
   294.800,    15.927
   294.900,    15.927
   295.000,    15.927
   295.100,    15.927
   295.200,    15.927
   295.300,    15.927
   295.400,    15.927
   295.500,    15.927
   295.600,    15.927
   295.700,    15.927
   295.800,    15.927
   295.900,    15.927
   296.000,    15.927
   296.100,    15.927
   296.200,    15.927
   296.300,    15.927
   296.400,    15.927
   296.500,    15.927
   296.600,    15.927
   296.700,    15.927
   296.800,    15.927
   296.900,    15.927
   297.000,    15.927
   297.100,    15.927
   297.200,    15.927
   297.300,    15.927
   297.400,    15.927
   297.500,    15.927
   297.600,    15.927
   297.700,    15.927
   297.800,    15.927
   297.900,    15.927
   298.000,    15.927
   298.100,    15.927
   298.200,    15.927
   298.300,    15.927
   298.400,    15.927
   298.500,    15.927
   298.600,    15.927
   298.700,    15.927
   298.800,    15.927
   298.900,    15.927
   299.000,    15.927
   299.100,    15.927
   299.200,    15.927
   299.300,    15.927
   299.400,    15.927
   299.500,    15.927
   299.600,    15.927
   299.700,    15.927
   299.800,    15.927
