     0.000,    60.451
     0.010,    60.687
     0.020,    60.922
     0.030,    61.155
     0.040,    61.385
     0.050,    61.611
     0.060,    61.832
     0.070,    62.047
     0.080,    62.255
     0.090,    62.455
     0.100,    62.647
     0.110,    62.828
     0.120,    62.999
     0.130,    63.159
     0.140,    63.305
     0.150,    63.439
     0.160,    63.559
     0.170,    63.664
     0.180,    63.754
     0.190,    63.829
     0.200,    63.888
     0.210,    63.930
     0.220,    63.956
     0.230,    63.965
     0.240,    63.958
     0.250,    63.933
     0.260,    63.893
     0.270,    63.835
     0.280,    63.762
     0.290,    63.674
     0.300,    63.570
     0.310,    63.451
     0.320,    63.319
     0.330,    63.173
     0.340,    63.015
     0.350,    62.845
     0.360,    62.665
     0.370,    62.474
     0.380,    62.275
     0.390,    62.067
     0.400,    61.853
     0.410,    61.632
     0.420,    61.407
     0.430,    61.177
     0.440,    60.944
     0.450,    60.710
     0.460,    60.474
     0.470,    60.238
     0.480,    60.003
     0.490,    59.770
     0.500,    59.540
     0.510,    59.313
     0.520,    59.090
     0.530,    58.872
     0.540,    58.660
     0.550,    58.455
     0.560,    58.257
     0.570,    58.067
     0.580,    57.885
     0.590,    57.713
     0.600,    57.550
     0.610,    57.397
     0.620,    57.254
     0.630,    57.122
     0.640,    57.002
     0.650,    56.893
     0.660,    56.796
     0.670,    56.712
     0.680,    56.639
     0.690,    56.579
     0.700,    56.532
     0.710,    56.498
     0.720,    56.477
     0.730,    56.469
     0.740,    56.473
     0.750,    56.491
     0.760,    56.522
     0.770,    56.565
     0.780,    56.621
     0.790,    56.690
     0.800,    56.772
     0.810,    56.865
     0.820,    56.971
     0.830,    57.088
     0.840,    57.216
     0.850,    57.356
     0.860,    57.506
     0.870,    57.667
     0.880,    57.837
     0.890,    58.016
     0.900,    58.204
     0.910,    58.399
     0.920,    58.603
     0.930,    58.813
     0.940,    59.029
     0.950,    59.250
     0.960,    59.476
     0.970,    59.706
     0.980,    59.938
     0.990,    60.173
     1.000,    60.409
     1.010,    60.644
     1.020,    60.879
     1.030,    61.113
     1.040,    61.343
     1.050,    61.570
     1.060,    61.792
     1.070,    62.008
     1.080,    62.218
     1.090,    62.420
     1.100,    62.613
     1.110,    62.796
     1.120,    62.969
     1.130,    63.131
     1.140,    63.280
     1.150,    63.416
     1.160,    63.538
     1.170,    63.646
     1.180,    63.739
     1.190,    63.817
     1.200,    63.878
     1.210,    63.924
     1.220,    63.953
     1.230,    63.965
     1.240,    63.960
     1.250,    63.939
     1.260,    63.901
     1.270,    63.847
     1.280,    63.777
     1.290,    63.691
     1.300,    63.590
     1.310,    63.474
     1.320,    63.344
     1.330,    63.201
     1.340,    63.045
     1.350,    62.877
     1.360,    62.698
     1.370,    62.509
     1.380,    62.312
     1.390,    62.105
     1.400,    61.892
     1.410,    61.673
     1.420,    61.448
     1.430,    61.219
     1.440,    60.987
     1.450,    60.752
     1.460,    60.517
     1.470,    60.281
     1.480,    60.046
     1.490,    59.812
     1.500,    59.581
     1.510,    59.353
     1.520,    59.130
     1.530,    58.911
     1.540,    58.698
     1.550,    58.492
     1.560,    58.292
     1.570,    58.101
     1.580,    57.918
     1.590,    57.743
     1.600,    57.579
     1.610,    57.424
     1.620,    57.279
     1.630,    57.146
     1.640,    57.023
     1.650,    56.912
     1.660,    56.813
     1.670,    56.726
     1.680,    56.651
     1.690,    56.589
     1.700,    56.540
     1.710,    56.503
     1.720,    56.480
     1.730,    56.469
     1.740,    56.471
     1.750,    56.487
     1.760,    56.515
     1.770,    56.556
     1.780,    56.610
     1.790,    56.677
     1.800,    56.756
     1.810,    56.847
     1.820,    56.951
     1.830,    57.066
     1.840,    57.192
     1.850,    57.330
     1.860,    57.478
     1.870,    57.637
     1.880,    57.805
     1.890,    57.983
     1.900,    58.169
     1.910,    58.363
     1.920,    58.565
     1.930,    58.774
     1.940,    58.989
     1.950,    59.210
     1.960,    59.435
     1.970,    59.664
     1.980,    59.896
     1.990,    60.130
     2.000,    60.366
     2.010,    60.602
     2.020,    60.837
     2.030,    61.071
     2.040,    61.302
     2.050,    61.529
     2.060,    61.752
     2.070,    61.970
     2.080,    62.180
     2.090,    62.384
     2.100,    62.578
     2.110,    62.764
     2.120,    62.939
     2.130,    63.102
     2.140,    63.254
     2.150,    63.392
     2.160,    63.517
     2.170,    63.628
     2.180,    63.724
     2.190,    63.804
     2.200,    63.868
     2.210,    63.917
     2.220,    63.949
     2.230,    63.964
     2.240,    63.962
     2.250,    63.944
     2.260,    63.909
     2.270,    63.858
     2.280,    63.791
     2.290,    63.708
     2.300,    63.609
     2.310,    63.496
     2.320,    63.368
     2.330,    63.227
     2.340,    63.074
     2.350,    62.908
     2.360,    62.731
     2.370,    62.544
     2.380,    62.348
     2.390,    62.143
     2.400,    61.931
     2.410,    61.713
     2.420,    61.489
     2.430,    61.261
     2.440,    61.029
     2.450,    60.795
     2.460,    60.560
     2.470,    60.324
     2.480,    60.088
     2.490,    59.854
     2.500,    59.623
     2.510,    59.394
     2.520,    59.170
     2.530,    58.950
     2.540,    58.736
     2.550,    58.529
     2.560,    58.328
     2.570,    58.135
     2.580,    57.950
     2.590,    57.774
     2.600,    57.608
     2.610,    57.451
     2.620,    57.305
     2.630,    57.169
     2.640,    57.044
     2.650,    56.931
     2.660,    56.830
     2.670,    56.741
     2.680,    56.664
     2.690,    56.600
     2.700,    56.548
     2.710,    56.509
     2.720,    56.483
     2.730,    56.470
     2.740,    56.470
     2.750,    56.483
     2.760,    56.509
     2.770,    56.548
     2.780,    56.600
     2.790,    56.664
     2.800,    56.741
     2.810,    56.830
     2.820,    56.931
     2.830,    57.044
     2.840,    57.169
     2.850,    57.304
     2.860,    57.451
     2.870,    57.607
     2.880,    57.774
     2.890,    57.950
     2.900,    58.135
     2.910,    58.328
     2.920,    58.528
     2.930,    58.736
     2.940,    58.950
     2.950,    59.169
     2.960,    59.394
     2.970,    59.622
     2.980,    59.854
     2.990,    60.088
     3.000,    60.323
     3.010,    60.559
     3.020,    60.794
     3.030,    61.028
     3.040,    61.260
     3.050,    61.488
     3.060,    61.712
     3.070,    61.931
     3.080,    62.143
     3.090,    62.348
     3.100,    62.544
     3.110,    62.731
     3.120,    62.908
     3.130,    63.073
     3.140,    63.227
     3.150,    63.368
     3.160,    63.496
     3.170,    63.609
     3.180,    63.707
     3.190,    63.790
     3.200,    63.858
     3.210,    63.909
     3.220,    63.944
     3.230,    63.962
     3.240,    63.964
     3.250,    63.949
     3.260,    63.917
     3.270,    63.869
     3.280,    63.804
     3.290,    63.724
     3.300,    63.628
     3.310,    63.517
     3.320,    63.393
     3.330,    63.254
     3.340,    63.103
     3.350,    62.939
     3.360,    62.764
     3.370,    62.579
     3.380,    62.384
     3.390,    62.181
     3.400,    61.970
     3.410,    61.753
     3.420,    61.530
     3.430,    61.302
     3.440,    61.071
     3.450,    60.838
     3.460,    60.602
     3.470,    60.367
     3.480,    60.131
     3.490,    59.897
     3.500,    59.665
     3.510,    59.436
     3.520,    59.210
     3.530,    58.990
     3.540,    58.775
     3.550,    58.566
     3.560,    58.364
     3.570,    58.169
     3.580,    57.983
     3.590,    57.805
     3.600,    57.637
     3.610,    57.479
     3.620,    57.330
     3.630,    57.193
     3.640,    57.066
     3.650,    56.951
     3.660,    56.848
     3.670,    56.756
     3.680,    56.677
     3.690,    56.610
     3.700,    56.556
     3.710,    56.515
     3.720,    56.487
     3.730,    56.471
     3.740,    56.469
     3.750,    56.480
     3.760,    56.503
     3.770,    56.540
     3.780,    56.589
     3.790,    56.651
     3.800,    56.726
     3.810,    56.813
     3.820,    56.912
     3.830,    57.023
     3.840,    57.145
     3.850,    57.279
     3.860,    57.423
     3.870,    57.578
     3.880,    57.743
     3.890,    57.917
     3.900,    58.100
     3.910,    58.292
     3.920,    58.491
     3.930,    58.698
     3.940,    58.911
     3.950,    59.129
     3.960,    59.353
     3.970,    59.581
     3.980,    59.812
     3.990,    60.045
     4.000,    60.280
     4.010,    60.516
     4.020,    60.752
     4.030,    60.986
     4.040,    61.218
     4.050,    61.447
     4.060,    61.672
     4.070,    61.892
     4.080,    62.105
     4.090,    62.311
     4.100,    62.509
     4.110,    62.698
     4.120,    62.876
     4.130,    63.044
     4.140,    63.200
     4.150,    63.344
     4.160,    63.473
     4.170,    63.589
     4.180,    63.691
     4.190,    63.777
     4.200,    63.847
     4.210,    63.901
     4.220,    63.939
     4.230,    63.960
     4.240,    63.965
     4.250,    63.953
     4.260,    63.924
     4.270,    63.879
     4.280,    63.817
     4.290,    63.739
     4.300,    63.646
     4.310,    63.539
     4.320,    63.416
     4.330,    63.280
     4.340,    63.131
     4.350,    62.970
     4.360,    62.797
     4.370,    62.613
     4.380,    62.420
     4.390,    62.218
     4.400,    62.009
     4.410,    61.793
     4.420,    61.571
     4.430,    61.344
     4.440,    61.113
     4.450,    60.880
     4.460,    60.645
     4.470,    60.409
     4.480,    60.174
     4.490,    59.939
     4.500,    59.706
     4.510,    59.477
     4.520,    59.251
     4.530,    59.029
     4.540,    58.813
     4.550,    58.603
     4.560,    58.400
     4.570,    58.204
     4.580,    58.016
     4.590,    57.837
     4.600,    57.667
     4.610,    57.507
     4.620,    57.356
     4.630,    57.217
     4.640,    57.088
     4.650,    56.971
     4.660,    56.865
     4.670,    56.772
     4.680,    56.690
     4.690,    56.622
     4.700,    56.565
     4.710,    56.522
     4.720,    56.491
     4.730,    56.473
     4.740,    56.468
     4.750,    56.477
     4.760,    56.498
     4.770,    56.532
     4.780,    56.579
     4.790,    56.639
     4.800,    56.711
     4.810,    56.796
     4.820,    56.893
     4.830,    57.002
     4.840,    57.122
     4.850,    57.254
     4.860,    57.396
     4.870,    57.549
     4.880,    57.712
     4.890,    57.885
     4.900,    58.067
     4.910,    58.257
     4.920,    58.455
     4.930,    58.660
     4.940,    58.872
     4.950,    59.089
     4.960,    59.312
     4.970,    59.539
     4.980,    59.770
     4.990,    60.003
     5.000,    60.238
     5.010,    60.474
     5.020,    60.709
     5.030,    60.944
     5.040,    61.177
     5.050,    61.406
     5.060,    61.632
     5.070,    61.852
     5.080,    62.067
     5.090,    62.274
     5.100,    62.474
     5.110,    62.664
     5.120,    62.845
     5.130,    63.015
     5.140,    63.173
     5.150,    63.319
     5.160,    63.451
     5.170,    63.569
     5.180,    63.673
     5.190,    63.762
     5.200,    63.835
     5.210,    63.892
     5.220,    63.933
     5.230,    63.958
     5.240,    63.965
     5.250,    63.956
     5.260,    63.930
     5.270,    63.888
     5.280,    63.829
     5.290,    63.755
     5.300,    63.664
     5.310,    63.559
     5.320,    63.439
     5.330,    63.306
     5.340,    63.159
     5.350,    63.000
     5.360,    62.829
     5.370,    62.647
     5.380,    62.456
     5.390,    62.256
     5.400,    62.047
     5.410,    61.832
     5.420,    61.611
     5.430,    61.385
     5.440,    61.155
     5.450,    60.923
     5.460,    60.688
     5.470,    60.452
     5.480,    60.216
     5.490,    59.981
     5.500,    59.748
     5.510,    59.518
     5.520,    59.291
     5.530,    59.069
     5.540,    58.852
     5.550,    58.641
     5.560,    58.436
     5.570,    58.239
     5.580,    58.050
     5.590,    57.869
     5.600,    57.697
     5.610,    57.535
     5.620,    57.383
     5.630,    57.241
     5.640,    57.111
     5.650,    56.991
     5.660,    56.884
     5.670,    56.788
     5.680,    56.704
     5.690,    56.633
     5.700,    56.574
     5.710,    56.529
     5.720,    56.496
     5.730,    56.475
     5.740,    56.468
     5.750,    56.474
     5.760,    56.493
     5.770,    56.525
     5.780,    56.570
     5.790,    56.627
     5.800,    56.697
     5.810,    56.780
     5.820,    56.875
     5.830,    56.981
     5.840,    57.099
     5.850,    57.229
     5.860,    57.370
     5.870,    57.521
     5.880,    57.682
     5.890,    57.853
     5.900,    58.033
     5.910,    58.222
     5.920,    58.418
     5.930,    58.622
     5.940,    58.833
     5.950,    59.049
     5.960,    59.271
     5.970,    59.498
     5.980,    59.728
     5.990,    59.960
     6.000,    60.195
     6.010,    60.431
     6.020,    60.667
     6.030,    60.901
     6.040,    61.135
     6.050,    61.365
     6.060,    61.591
     6.070,    61.813
     6.080,    62.028
     6.090,    62.237
     6.100,    62.438
     6.110,    62.630
     6.120,    62.813
     6.130,    62.985
     6.140,    63.145
     6.150,    63.293
     6.160,    63.428
     6.170,    63.549
     6.180,    63.656
     6.190,    63.747
     6.200,    63.823
     6.210,    63.883
     6.220,    63.927
     6.230,    63.954
     6.240,    63.965
     6.250,    63.959
     6.260,    63.936
     6.270,    63.897
     6.280,    63.841
     6.290,    63.769
     6.300,    63.682
     6.310,    63.579
     6.320,    63.462
     6.330,    63.331
     6.340,    63.186
     6.350,    63.029
     6.360,    62.861
     6.370,    62.681
     6.380,    62.491
     6.390,    62.293
     6.400,    62.086
     6.410,    61.872
     6.420,    61.652
     6.430,    61.427
     6.440,    61.197
     6.450,    60.965
     6.460,    60.730
     6.470,    60.495
     6.480,    60.259
     6.490,    60.024
     6.500,    59.790
     6.510,    59.560
     6.520,    59.332
     6.530,    59.109
     6.540,    58.891
     6.550,    58.679
     6.560,    58.473
     6.570,    58.274
     6.580,    58.083
     6.590,    57.901
     6.600,    57.727
     6.610,    57.564
     6.620,    57.410
     6.630,    57.266
     6.640,    57.134
     6.650,    57.012
     6.660,    56.902
     6.670,    56.804
     6.680,    56.719
     6.690,    56.645
     6.700,    56.584
     6.710,    56.536
     6.720,    56.501
     6.730,    56.478
     6.740,    56.469
     6.750,    56.472
     6.760,    56.489
     6.770,    56.518
     6.780,    56.561
     6.790,    56.616
     6.800,    56.684
     6.810,    56.764
     6.820,    56.857
     6.830,    56.961
     6.840,    57.077
     6.850,    57.205
     6.860,    57.343
     6.870,    57.493
     6.880,    57.652
     6.890,    57.821
     6.900,    58.000
     6.910,    58.187
     6.920,    58.382
     6.930,    58.585
     6.940,    58.794
     6.950,    59.010
     6.960,    59.231
     6.970,    59.456
     6.980,    59.686
     6.990,    59.918
     7.000,    60.152
     7.010,    60.388
     7.020,    60.624
     7.030,    60.859
     7.040,    61.093
     7.050,    61.323
     7.060,    61.550
     7.070,    61.773
     7.080,    61.990
     7.090,    62.200
     7.100,    62.402
     7.110,    62.596
     7.120,    62.781
     7.130,    62.954
     7.140,    63.117
     7.150,    63.267
     7.160,    63.405
     7.170,    63.528
     7.180,    63.637
     7.190,    63.732
     7.200,    63.811
     7.210,    63.874
     7.220,    63.920
     7.230,    63.951
     7.240,    63.964
     7.250,    63.961
     7.260,    63.942
     7.270,    63.905
     7.280,    63.852
     7.290,    63.784
     7.300,    63.699
     7.310,    63.599
     7.320,    63.484
     7.330,    63.356
     7.340,    63.214
     7.350,    63.059
     7.360,    62.892
     7.370,    62.714
     7.380,    62.526
     7.390,    62.329
     7.400,    62.124
     7.410,    61.911
     7.420,    61.692
     7.430,    61.468
     7.440,    61.239
     7.450,    61.007
     7.460,    60.773
     7.470,    60.537
     7.480,    60.302
     7.490,    60.066
     7.500,    59.833
     7.510,    59.601
     7.520,    59.373
     7.530,    59.149
     7.540,    58.930
     7.550,    58.717
     7.560,    58.510
     7.570,    58.310
     7.580,    58.117
     7.590,    57.933
     7.600,    57.758
     7.610,    57.593
     7.620,    57.437
     7.630,    57.291
     7.640,    57.157
     7.650,    57.033
     7.660,    56.921
     7.670,    56.821
     7.680,    56.733
     7.690,    56.657
     7.700,    56.594
     7.710,    56.544
     7.720,    56.506
     7.730,    56.481
     7.740,    56.469
     7.750,    56.471
     7.760,    56.485
     7.770,    56.512
     7.780,    56.552
     7.790,    56.605
     7.800,    56.671
     7.810,    56.749
     7.820,    56.839
     7.830,    56.941
     7.840,    57.055
     7.850,    57.181
     7.860,    57.317
     7.870,    57.465
     7.880,    57.622
     7.890,    57.790
     7.900,    57.967
     7.910,    58.152
     7.920,    58.346
     7.930,    58.547
     7.940,    58.756
     7.950,    58.970
     7.960,    59.190
     7.970,    59.415
     7.980,    59.644
     7.990,    59.876
     8.000,    60.110
     8.010,    60.345
     8.020,    60.581
     8.030,    60.817
     8.040,    61.050
     8.050,    61.282
     8.060,    61.510
     8.070,    61.733
     8.080,    61.951
     8.090,    62.162
     8.100,    62.366
     8.110,    62.562
     8.120,    62.748
     8.130,    62.924
     8.140,    63.088
     8.150,    63.241
     8.160,    63.381
     8.170,    63.507
     8.180,    63.619
     8.190,    63.716
     8.200,    63.798
     8.210,    63.863
     8.220,    63.913
     8.230,    63.946
     8.240,    63.963
     8.250,    63.963
     8.260,    63.946
     8.270,    63.913
     8.280,    63.863
     8.290,    63.797
     8.300,    63.715
     8.310,    63.618
     8.320,    63.506
     8.330,    63.380
     8.340,    63.240
     8.350,    63.088
     8.360,    62.923
     8.370,    62.747
     8.380,    62.561
     8.390,    62.366
     8.400,    62.162
     8.410,    61.950
     8.420,    61.732
     8.430,    61.509
     8.440,    61.281
     8.450,    61.049
     8.460,    60.816
     8.470,    60.580
     8.480,    60.344
     8.490,    60.109
     8.500,    59.875
     8.510,    59.643
     8.520,    59.414
     8.530,    59.189
     8.540,    58.969
     8.550,    58.755
     8.560,    58.547
     8.570,    58.345
     8.580,    58.152
     8.590,    57.966
     8.600,    57.789
     8.610,    57.622
     8.620,    57.464
     8.630,    57.317
     8.640,    57.180
     8.650,    57.055
     8.660,    56.941
     8.670,    56.838
     8.680,    56.748
     8.690,    56.670
     8.700,    56.605
     8.710,    56.552
     8.720,    56.512
     8.730,    56.485
     8.740,    56.471
     8.750,    56.469
     8.760,    56.481
     8.770,    56.506
     8.780,    56.544
     8.790,    56.594
     8.800,    56.658
     8.810,    56.733
     8.820,    56.822
     8.830,    56.922
     8.840,    57.034
     8.850,    57.157
     8.860,    57.292
     8.870,    57.437
     8.880,    57.593
     8.890,    57.759
     8.900,    57.934
     8.910,    58.118
     8.920,    58.310
     8.930,    58.510
     8.940,    58.718
     8.950,    58.931
     8.960,    59.150
     8.970,    59.374
     8.980,    59.602
     8.990,    59.834
     9.000,    60.067
     9.010,    60.303
     9.020,    60.538
     9.030,    60.774
     9.040,    61.008
     9.050,    61.240
     9.060,    61.469
     9.070,    61.693
     9.080,    61.912
     9.090,    62.125
     9.100,    62.330
     9.110,    62.527
     9.120,    62.715
     9.130,    62.893
     9.140,    63.059
     9.150,    63.214
     9.160,    63.356
     9.170,    63.485
     9.180,    63.599
     9.190,    63.699
     9.200,    63.784
     9.210,    63.853
     9.220,    63.905
     9.230,    63.942
     9.240,    63.961
     9.250,    63.964
     9.260,    63.951
     9.270,    63.920
     9.280,    63.873
     9.290,    63.810
     9.300,    63.731
     9.310,    63.637
     9.320,    63.528
     9.330,    63.404
     9.340,    63.267
     9.350,    63.116
     9.360,    62.954
     9.370,    62.780
     9.380,    62.596
     9.390,    62.402
     9.400,    62.199
     9.410,    61.989
     9.420,    61.772
     9.430,    61.550
     9.440,    61.322
     9.450,    61.092
     9.460,    60.858
     9.470,    60.623
     9.480,    60.387
     9.490,    60.152
     9.500,    59.917
     9.510,    59.685
     9.520,    59.455
     9.530,    59.230
     9.540,    59.009
     9.550,    58.793
     9.560,    58.584
     9.570,    58.381
     9.580,    58.186
     9.590,    57.999
     9.600,    57.821
     9.610,    57.651
     9.620,    57.492
     9.630,    57.343
     9.640,    57.204
     9.650,    57.077
     9.660,    56.961
     9.670,    56.856
     9.680,    56.764
     9.690,    56.683
     9.700,    56.616
     9.710,    56.561
     9.720,    56.518
     9.730,    56.489
     9.740,    56.472
     9.750,    56.469
     9.760,    56.478
     9.770,    56.501
     9.780,    56.536
     9.790,    56.584
     9.800,    56.645
     9.810,    56.719
     9.820,    56.805
     9.830,    56.903
     9.840,    57.013
     9.850,    57.134
     9.860,    57.267
     9.870,    57.410
     9.880,    57.564
     9.890,    57.728
     9.900,    57.902
     9.910,    58.084
     9.920,    58.275
     9.930,    58.474
     9.940,    58.679
     9.950,    58.892
     9.960,    59.110
     9.970,    59.333
     9.980,    59.561
     9.990,    59.791
