     0.000,     4.000
     0.100,     4.142
     0.200,     4.279
     0.300,     4.412
     0.400,     4.541
     0.500,     4.666
     0.600,     4.787
     0.700,     4.906
     0.800,     5.021
     0.900,     5.134
     1.000,     5.244
     1.100,     5.352
     1.200,     5.457
     1.300,     5.561
     1.400,     5.662
     1.500,     5.762
     1.600,     5.860
     1.700,     5.956
     1.800,     6.050
     1.900,     6.143
     2.000,     6.234
     2.100,     6.324
     2.200,     6.413
     2.300,     6.500
     2.400,     6.587
     2.500,     6.671
     2.600,     6.755
     2.700,     6.838
     2.800,     6.919
     2.900,     7.000
     3.000,     7.080
     3.100,     7.158
     3.200,     7.236
     3.300,     7.313
     3.400,     7.388
     3.500,     7.463
     3.600,     7.538
     3.700,     7.611
     3.800,     7.684
     3.900,     7.755
     4.000,     7.827
     4.100,     7.897
     4.200,     7.967
     4.300,     8.036
     4.400,     8.104
     4.500,     8.172
     4.600,     8.239
     4.700,     8.305
     4.800,     8.371
     4.900,     8.436
     5.000,     8.501
     5.100,     8.565
     5.200,     8.629
     5.300,     8.692
     5.400,     8.754
     5.500,     8.817
     5.600,     8.878
     5.700,     8.939
     5.800,     9.000
     5.900,     9.060
     6.000,     9.119
     6.100,     9.178
     6.200,     9.237
     6.300,     9.295
     6.400,     9.353
     6.500,     9.410
     6.600,     9.467
     6.700,     9.524
     6.800,     9.580
     6.900,     9.636
     7.000,     9.691
     7.100,     9.746
     7.200,     9.801
     7.300,     9.855
     7.400,     9.909
     7.500,     9.962
     7.600,    10.015
     7.700,    10.068
     7.800,    10.121
     7.900,    10.173
     8.000,    10.224
     8.100,    10.276
     8.200,    10.327
     8.300,    10.378
     8.400,    10.428
     8.500,    10.478
     8.600,    10.528
     8.700,    10.578
     8.800,    10.627
     8.900,    10.676
     9.000,    10.725
     9.100,    10.773
     9.200,    10.821
     9.300,    10.869
     9.400,    10.917
     9.500,    10.964
     9.600,    11.011
     9.700,    11.058
     9.800,    11.104
     9.900,    11.150
    10.000,    11.196
    10.100,    11.242
    10.200,    11.287
    10.300,    11.333
    10.400,    11.378
    10.500,    11.422
    10.600,    11.467
    10.700,    11.511
    10.800,    11.555
    10.900,    11.599
    11.000,    11.642
    11.100,    11.686
    11.200,    11.729
    11.300,    11.772
    11.400,    11.814
    11.500,    11.857
    11.600,    11.899
    11.700,    11.941
    11.800,    11.983
    11.900,    12.024
    12.000,    12.066
    12.100,    12.107
    12.200,    12.148
    12.300,    12.188
    12.400,    12.229
    12.500,    12.269
    12.600,    12.310
    12.700,    12.349
    12.800,    12.389
    12.900,    12.429
    13.000,    12.468
    13.100,    12.507
    13.200,    12.546
    13.300,    12.585
    13.400,    12.624
    13.500,    12.662
    13.600,    12.701
    13.700,    12.739
    13.800,    12.777
    13.900,    12.815
    14.000,    12.852
    14.100,    12.890
    14.200,    12.927
    14.300,    12.964
    14.400,    13.001
    14.500,    13.038
    14.600,    13.074
    14.700,    13.111
    14.800,    13.147
    14.900,    13.183
    15.000,    13.219
    15.100,    13.255
    15.200,    13.290
    15.300,    13.326
    15.400,    13.361
    15.500,    13.396
    15.600,    13.431
    15.700,    13.466
    15.800,    13.501
    15.900,    13.536
    16.000,    13.570
    16.100,    13.604
    16.200,    13.638
    16.300,    13.672
    16.400,    13.706
    16.500,    13.740
    16.600,    13.773
    16.700,    13.807
    16.800,    13.840
    16.900,    13.873
    17.000,    13.906
    17.100,    13.939
    17.200,    13.972
    17.300,    14.004
    17.400,    14.037
    17.500,    14.069
    17.600,    14.101
    17.700,    14.133
    17.800,    14.165
    17.900,    14.197
    18.000,    14.229
    18.100,    14.260
    18.200,    14.292
    18.300,    14.323
    18.400,    14.354
    18.500,    14.385
    18.600,    14.416
    18.700,    14.447
    18.800,    14.478
    18.900,    14.508
    19.000,    14.539
    19.100,    14.569
    19.200,    14.599
    19.300,    14.629
    19.400,    14.659
    19.500,    14.689
    19.600,    14.719
    19.700,    14.748
    19.800,    14.778
    19.900,    14.807
    20.000,    14.836
    20.100,    14.866
    20.200,    14.895
    20.300,    14.924
    20.400,    14.952
    20.500,    14.981
    20.600,    15.010
    20.700,    15.038
    20.800,    15.066
    20.900,    15.095
    21.000,    15.123
    21.100,    15.151
    21.200,    15.179
    21.300,    15.207
    21.400,    15.234
    21.500,    15.262
    21.600,    15.290
    21.700,    15.317
    21.800,    15.344
    21.900,    15.372
    22.000,    15.399
    22.100,    15.426
    22.200,    15.453
    22.300,    15.479
    22.400,    15.506
    22.500,    15.533
    22.600,    15.559
    22.700,    15.586
    22.800,    15.612
    22.900,    15.638
    23.000,    15.664
    23.100,    15.690
    23.200,    15.716
    23.300,    15.742
    23.400,    15.768
    23.500,    15.794
    23.600,    15.819
    23.700,    15.845
    23.800,    15.870
    23.900,    15.895
    24.000,    15.920
    24.100,    15.946
    24.200,    15.971
    24.300,    15.996
    24.400,    16.020
    24.500,    16.045
    24.600,    16.070
    24.700,    16.094
    24.800,    16.119
    24.900,    16.143
    25.000,    16.167
    25.100,    16.192
    25.200,    16.216
    25.300,    16.240
    25.400,    16.264
    25.500,    16.288
    25.600,    16.312
    25.700,    16.335
    25.800,    16.359
    25.900,    16.382
    26.000,    16.406
    26.100,    16.429
    26.200,    16.452
    26.300,    16.476
    26.400,    16.499
    26.500,    16.522
    26.600,    16.545
    26.700,    16.568
    26.800,    16.591
    26.900,    16.613
    27.000,    16.636
    27.100,    16.658
    27.200,    16.681
    27.300,    16.703
    27.400,    16.726
    27.500,    16.748
    27.600,    16.770
    27.700,    16.792
    27.800,    16.814
    27.900,    16.836
    28.000,    16.858
    28.100,    16.880
    28.200,    16.902
    28.300,    16.923
    28.400,    16.945
    28.500,    16.966
    28.600,    16.988
    28.700,    17.009
    28.800,    17.030
    28.900,    17.052
    29.000,    17.073
    29.100,    17.094
    29.200,    17.115
    29.300,    17.136
    29.400,    17.157
    29.500,    17.177
    29.600,    17.198
    29.700,    17.219
    29.800,    17.239
    29.900,    17.260
    30.000,    17.280
    30.100,    17.301
    30.200,    17.321
    30.300,    17.341
    30.400,    17.361
    30.500,    17.381
    30.600,    17.401
    30.700,    17.421
    30.800,    17.441
    30.900,    17.461
    31.000,    17.481
    31.100,    17.500
    31.200,    17.520
    31.300,    17.540
    31.400,    17.559
    31.500,    17.578
    31.600,    17.598
    31.700,    17.617
    31.800,    17.636
    31.900,    17.655
    32.000,    17.675
    32.100,    17.694
    32.200,    17.713
    32.300,    17.731
    32.400,    17.750
    32.500,    17.769
    32.600,    17.788
    32.700,    17.806
    32.800,    17.825
    32.900,    17.844
    33.000,    17.862
    33.100,    17.880
    33.200,    17.899
    33.300,    17.917
    33.400,    17.935
    33.500,    17.953
    33.600,    17.972
    33.700,    17.990
    33.800,    18.008
    33.900,    18.026
    34.000,    18.043
    34.100,    18.061
    34.200,    18.079
    34.300,    18.097
    34.400,    18.114
    34.500,    18.132
    34.600,    18.149
    34.700,    18.167
    34.800,    18.184
    34.900,    18.202
    35.000,    18.219
    35.100,    18.236
    35.200,    18.253
    35.300,    18.270
    35.400,    18.288
    35.500,    18.305
    35.600,    18.321
    35.700,    18.338
    35.800,    18.355
    35.900,    18.372
    36.000,    18.389
    36.100,    18.405
    36.200,    18.422
    36.300,    18.439
    36.400,    18.455
    36.500,    18.472
    36.600,    18.488
    36.700,    18.504
    36.800,    18.521
    36.900,    18.537
    37.000,    18.553
    37.100,    18.569
    37.200,    18.585
    37.300,    18.601
    37.400,    18.617
    37.500,    18.633
    37.600,    18.649
    37.700,    18.665
    37.800,    18.681
    37.900,    18.697
    38.000,    18.712
    38.100,    18.728
    38.200,    18.743
    38.300,    18.759
    38.400,    18.774
    38.500,    18.790
    38.600,    18.805
    38.700,    18.821
    38.800,    18.836
    38.900,    18.851
    39.000,    18.866
    39.100,    18.881
    39.200,    18.897
    39.300,    18.912
    39.400,    18.927
    39.500,    18.942
    39.600,    18.956
    39.700,    18.971
    39.800,    18.986
    39.900,    19.001
    40.000,    19.016
    40.100,    19.030
    40.200,    19.045
    40.300,    19.059
    40.400,    19.074
    40.500,    19.088
    40.600,    19.103
    40.700,    19.117
    40.800,    19.131
    40.900,    19.146
    41.000,    19.160
    41.100,    19.174
    41.200,    19.188
    41.300,    19.202
    41.400,    19.217
    41.500,    19.231
    41.600,    19.245
    41.700,    19.258
    41.800,    19.272
    41.900,    19.286
    42.000,    19.300
    42.100,    19.314
    42.200,    19.327
    42.300,    19.341
    42.400,    19.355
    42.500,    19.368
    42.600,    19.382
    42.700,    19.395
    42.800,    19.409
    42.900,    19.422
    43.000,    19.436
    43.100,    19.449
    43.200,    19.462
    43.300,    19.475
    43.400,    19.489
    43.500,    19.502
    43.600,    19.515
    43.700,    19.528
    43.800,    19.541
    43.900,    19.554
    44.000,    19.567
    44.100,    19.580
    44.200,    19.593
    44.300,    19.605
    44.400,    19.618
    44.500,    19.631
    44.600,    19.644
    44.700,    19.656
    44.800,    19.669
    44.900,    19.682
    45.000,    19.694
    45.100,    19.707
    45.200,    19.719
    45.300,    19.731
    45.400,    19.744
    45.500,    19.756
    45.600,    19.769
    45.700,    19.781
    45.800,    19.793
    45.900,    19.805
    46.000,    19.817
    46.100,    19.829
    46.200,    19.842
    46.300,    19.854
    46.400,    19.866
    46.500,    19.878
    46.600,    19.889
    46.700,    19.901
    46.800,    19.913
    46.900,    19.925
    47.000,    19.937
    47.100,    19.949
    47.200,    19.960
    47.300,    19.972
    47.400,    19.984
    47.500,    19.995
    47.600,    20.007
    47.700,    20.018
    47.800,    20.030
    47.900,    20.041
    48.000,    20.053
    48.100,    20.064
    48.200,    20.075
    48.300,    20.087
    48.400,    20.098
    48.500,    20.109
    48.600,    20.120
    48.700,    20.132
    48.800,    20.143
    48.900,    20.154
    49.000,    20.165
    49.100,    20.176
    49.200,    20.187
    49.300,    20.198
    49.400,    20.209
    49.500,    20.220
    49.600,    20.230
    49.700,    20.241
    49.800,    20.252
    49.900,    20.263
    50.000,    20.274
    50.100,    20.284
    50.200,    20.295
    50.300,    20.306
    50.400,    20.316
    50.500,    20.327
    50.600,    20.337
    50.700,    20.348
    50.800,    20.358
    50.900,    20.369
    51.000,    20.379
    51.100,    20.389
    51.200,    20.400
    51.300,    20.410
    51.400,    20.420
    51.500,    20.430
    51.600,    20.441
    51.700,    20.451
    51.800,    20.461
    51.900,    20.471
    52.000,    20.481
    52.100,    20.491
    52.200,    20.501
    52.300,    20.511
    52.400,    20.521
    52.500,    20.531
    52.600,    20.541
    52.700,    20.551
    52.800,    20.561
    52.900,    20.570
    53.000,    20.580
    53.100,    20.590
    53.200,    20.600
    53.300,    20.609
    53.400,    20.619
    53.500,    20.629
    53.600,    20.638
    53.700,    20.648
    53.800,    20.657
    53.900,    20.667
    54.000,    20.676
    54.100,    20.686
    54.200,    20.695
    54.300,    20.704
    54.400,    20.714
    54.500,    20.723
    54.600,    20.732
    54.700,    20.742
    54.800,    20.751
    54.900,    20.760
    55.000,    20.769
    55.100,    20.778
    55.200,    20.788
    55.300,    20.797
    55.400,    20.806
    55.500,    20.815
    55.600,    20.824
    55.700,    20.833
    55.800,    20.842
    55.900,    20.851
    56.000,    20.859
    56.100,    20.868
    56.200,    20.877
    56.300,    20.886
    56.400,    20.895
    56.500,    20.904
    56.600,    20.912
    56.700,    20.921
    56.800,    20.930
    56.900,    20.938
    57.000,    20.947
    57.100,    20.956
    57.200,    20.964
    57.300,    20.973
    57.400,    20.981
    57.500,    20.990
    57.600,    20.998
    57.700,    21.007
    57.800,    21.015
    57.900,    21.023
    58.000,    21.032
    58.100,    21.040
    58.200,    21.048
    58.300,    21.057
    58.400,    21.065
    58.500,    21.073
    58.600,    21.081
    58.700,    21.090
    58.800,    21.098
    58.900,    21.106
    59.000,    21.114
    59.100,    21.122
    59.200,    21.130
    59.300,    21.138
    59.400,    21.146
    59.500,    21.154
    59.600,    21.162
    59.700,    21.170
    59.800,    21.178
    59.900,    21.186
    60.000,    21.194
    60.100,    21.202
    60.200,    21.209
    60.300,    21.217
    60.400,    21.225
    60.500,    21.233
    60.600,    21.240
    60.700,    21.248
    60.800,    21.256
    60.900,    21.264
    61.000,    21.271
    61.100,    21.279
    61.200,    21.286
    61.300,    21.294
    61.400,    21.301
    61.500,    21.309
    61.600,    21.316
    61.700,    21.324
    61.800,    21.331
    61.900,    21.339
    62.000,    21.346
    62.100,    21.353
    62.200,    21.361
    62.300,    21.368
    62.400,    21.375
    62.500,    21.383
    62.600,    21.390
    62.700,    21.397
    62.800,    21.404
    62.900,    21.412
    63.000,    21.419
    63.100,    21.426
    63.200,    21.433
    63.300,    21.440
    63.400,    21.447
    63.500,    21.454
    63.600,    21.461
    63.700,    21.468
    63.800,    21.475
    63.900,    21.482
    64.000,    21.489
    64.100,    21.496
    64.200,    21.503
    64.300,    21.510
    64.400,    21.517
    64.500,    21.524
    64.600,    21.531
    64.700,    21.537
    64.800,    21.544
    64.900,    21.551
    65.000,    21.558
    65.100,    21.564
    65.200,    21.571
    65.300,    21.578
    65.400,    21.584
    65.500,    21.591
    65.600,    21.598
    65.700,    21.604
    65.800,    21.611
    65.900,    21.617
    66.000,    21.624
    66.100,    21.631
    66.200,    21.637
    66.300,    21.644
    66.400,    21.650
    66.500,    21.656
    66.600,    21.663
    66.700,    21.669
    66.800,    21.676
    66.900,    21.682
    67.000,    21.688
    67.100,    21.695
    67.200,    21.701
    67.300,    21.707
    67.400,    21.714
    67.500,    21.720
    67.600,    21.726
    67.700,    21.732
    67.800,    21.738
    67.900,    21.745
    68.000,    21.751
    68.100,    21.757
    68.200,    21.763
    68.300,    21.769
    68.400,    21.775
    68.500,    21.781
    68.600,    21.787
    68.700,    21.793
    68.800,    21.799
    68.900,    21.805
    69.000,    21.811
    69.100,    21.817
    69.200,    21.823
    69.300,    21.829
    69.400,    21.835
    69.500,    21.841
    69.600,    21.847
    69.700,    21.852
    69.800,    21.858
    69.900,    21.864
    70.000,    21.870
    70.100,    21.876
    70.200,    21.881
    70.300,    21.887
    70.400,    21.893
    70.500,    21.899
    70.600,    21.904
    70.700,    21.910
    70.800,    21.916
    70.900,    21.921
    71.000,    21.927
    71.100,    21.932
    71.200,    21.938
    71.300,    21.943
    71.400,    21.949
    71.500,    21.955
    71.600,    21.960
    71.700,    21.966
    71.800,    21.971
    71.900,    21.976
    72.000,    21.982
    72.100,    21.987
    72.200,    21.993
    72.300,    21.998
    72.400,    22.004
    72.500,    22.009
    72.600,    22.014
    72.700,    22.020
    72.800,    22.025
    72.900,    22.030
    73.000,    22.035
    73.100,    22.041
    73.200,    22.046
    73.300,    22.051
    73.400,    22.056
    73.500,    22.062
    73.600,    22.067
    73.700,    22.072
    73.800,    22.077
    73.900,    22.082
    74.000,    22.087
    74.100,    22.092
    74.200,    22.098
    74.300,    22.103
    74.400,    22.108
    74.500,    22.113
    74.600,    22.118
    74.700,    22.123
    74.800,    22.128
    74.900,    22.133
    75.000,    22.138
    75.100,    22.143
    75.200,    22.148
    75.300,    22.152
    75.400,    22.157
    75.500,    22.162
    75.600,    22.167
    75.700,    22.172
    75.800,    22.177
    75.900,    22.182
    76.000,    22.186
    76.100,    22.191
    76.200,    22.196
    76.300,    22.201
    76.400,    22.206
    76.500,    22.210
    76.600,    22.215
    76.700,    22.220
    76.800,    22.224
    76.900,    22.229
    77.000,    22.234
    77.100,    22.239
    77.200,    22.243
    77.300,    22.248
    77.400,    22.252
    77.500,    22.257
    77.600,    22.262
    77.700,    22.266
    77.800,    22.271
    77.900,    22.275
    78.000,    22.280
    78.100,    22.284
    78.200,    22.289
    78.300,    22.293
    78.400,    22.298
    78.500,    22.302
    78.600,    22.307
    78.700,    22.311
    78.800,    22.316
    78.900,    22.320
    79.000,    22.324
    79.100,    22.329
    79.200,    22.333
    79.300,    22.337
    79.400,    22.342
    79.500,    22.346
    79.600,    22.350
    79.700,    22.355
    79.800,    22.359
    79.900,    22.363
    80.000,    22.368
    80.100,    22.372
    80.200,    22.376
    80.300,    22.380
    80.400,    22.384
    80.500,    22.389
    80.600,    22.393
    80.700,    22.397
    80.800,    22.401
    80.900,    22.405
    81.000,    22.409
    81.100,    22.414
    81.200,    22.418
    81.300,    22.422
    81.400,    22.426
    81.500,    22.430
    81.600,    22.434
    81.700,    22.438
    81.800,    22.442
    81.900,    22.446
    82.000,    22.450
    82.100,    22.454
    82.200,    22.458
    82.300,    22.462
    82.400,    22.466
    82.500,    22.470
    82.600,    22.474
    82.700,    22.478
    82.800,    22.482
    82.900,    22.486
    83.000,    22.490
    83.100,    22.493
    83.200,    22.497
    83.300,    22.501
    83.400,    22.505
    83.500,    22.509
    83.600,    22.513
    83.700,    22.516
    83.800,    22.520
    83.900,    22.524
    84.000,    22.528
    84.100,    22.532
    84.200,    22.535
    84.300,    22.539
    84.400,    22.543
    84.500,    22.546
    84.600,    22.550
    84.700,    22.554
    84.800,    22.558
    84.900,    22.561
    85.000,    22.565
    85.100,    22.569
    85.200,    22.572
    85.300,    22.576
    85.400,    22.579
    85.500,    22.583
    85.600,    22.587
    85.700,    22.590
    85.800,    22.594
    85.900,    22.597
    86.000,    22.601
    86.100,    22.604
    86.200,    22.608
    86.300,    22.611
    86.400,    22.615
    86.500,    22.618
    86.600,    22.622
    86.700,    22.625
    86.800,    22.629
    86.900,    22.632
    87.000,    22.636
    87.100,    22.639
    87.200,    22.643
    87.300,    22.646
    87.400,    22.649
    87.500,    22.653
    87.600,    22.656
    87.700,    22.660
    87.800,    22.663
    87.900,    22.666
    88.000,    22.670
    88.100,    22.673
    88.200,    22.676
    88.300,    22.680
    88.400,    22.683
    88.500,    22.686
    88.600,    22.689
    88.700,    22.693
    88.800,    22.696
    88.900,    22.699
    89.000,    22.702
    89.100,    22.706
    89.200,    22.709
    89.300,    22.712
    89.400,    22.715
    89.500,    22.719
    89.600,    22.722
    89.700,    22.725
    89.800,    22.728
    89.900,    22.731
    90.000,    22.734
    90.100,    22.737
    90.200,    22.741
    90.300,    22.744
    90.400,    22.747
    90.500,    22.750
    90.600,    22.753
    90.700,    22.756
    90.800,    22.759
    90.900,    22.762
    91.000,    22.765
    91.100,    22.768
    91.200,    22.771
    91.300,    22.774
    91.400,    22.777
    91.500,    22.780
    91.600,    22.783
    91.700,    22.786
    91.800,    22.789
    91.900,    22.792
    92.000,    22.795
    92.100,    22.798
    92.200,    22.801
    92.300,    22.804
    92.400,    22.807
    92.500,    22.810
    92.600,    22.813
    92.700,    22.816
    92.800,    22.819
    92.900,    22.821
    93.000,    22.824
    93.100,    22.827
    93.200,    22.830
    93.300,    22.833
    93.400,    22.836
    93.500,    22.839
    93.600,    22.841
    93.700,    22.844
    93.800,    22.847
    93.900,    22.850
    94.000,    22.853
    94.100,    22.855
    94.200,    22.858
    94.300,    22.861
    94.400,    22.864
    94.500,    22.866
    94.600,    22.869
    94.700,    22.872
    94.800,    22.874
    94.900,    22.877
    95.000,    22.880
    95.100,    22.883
    95.200,    22.885
    95.300,    22.888
    95.400,    22.891
    95.500,    22.893
    95.600,    22.896
    95.700,    22.899
    95.800,    22.901
    95.900,    22.904
    96.000,    22.906
    96.100,    22.909
    96.200,    22.912
    96.300,    22.914
    96.400,    22.917
    96.500,    22.919
    96.600,    22.922
    96.700,    22.925
    96.800,    22.927
    96.900,    22.930
    97.000,    22.932
    97.100,    22.935
    97.200,    22.937
    97.300,    22.940
    97.400,    22.942
    97.500,    22.945
    97.600,    22.947
    97.700,    22.950
    97.800,    22.952
    97.900,    22.955
    98.000,    22.957
    98.100,    22.960
    98.200,    22.962
    98.300,    22.964
    98.400,    22.967
    98.500,    22.969
    98.600,    22.972
    98.700,    22.974
    98.800,    22.977
    98.900,    22.979
    99.000,    22.981
    99.100,    22.984
    99.200,    22.986
    99.300,    22.988
    99.400,    22.991
    99.500,    22.993
    99.600,    22.996
    99.700,    22.998
    99.800,    23.000
    99.900,    23.003
   100.000,    23.005
   100.100,    23.007
   100.200,    23.009
   100.300,    23.012
   100.400,    23.014
   100.500,    23.016
   100.600,    23.019
   100.700,    23.021
   100.800,    23.023
   100.900,    23.025
   101.000,    23.028
   101.100,    23.030
   101.200,    23.032
   101.300,    23.034
   101.400,    23.037
   101.500,    23.039
   101.600,    23.041
   101.700,    23.043
   101.800,    23.045
   101.900,    23.048
   102.000,    23.050
   102.100,    23.052
   102.200,    23.054
   102.300,    23.056
   102.400,    23.058
   102.500,    23.061
   102.600,    23.063
   102.700,    23.065
   102.800,    23.067
   102.900,    23.069
   103.000,    23.071
   103.100,    23.073
   103.200,    23.075
   103.300,    23.077
   103.400,    23.080
   103.500,    23.082
   103.600,    23.084
   103.700,    23.086
   103.800,    23.088
   103.900,    23.090
   104.000,    23.092
   104.100,    23.094
   104.200,    23.096
   104.300,    23.098
   104.400,    23.100
   104.500,    23.102
   104.600,    23.104
   104.700,    23.106
   104.800,    23.108
   104.900,    23.110
   105.000,    23.112
   105.100,    23.114
   105.200,    23.116
   105.300,    23.118
   105.400,    23.120
   105.500,    23.122
   105.600,    23.124
   105.700,    23.126
   105.800,    23.128
   105.900,    23.130
   106.000,    23.132
   106.100,    23.134
   106.200,    23.136
   106.300,    23.137
   106.400,    23.139
   106.500,    23.141
   106.600,    23.143
   106.700,    23.145
   106.800,    23.147
   106.900,    23.149
   107.000,    23.151
   107.100,    23.153
   107.200,    23.154
   107.300,    23.156
   107.400,    23.158
   107.500,    23.160
   107.600,    23.162
   107.700,    23.164
   107.800,    23.166
   107.900,    23.167
   108.000,    23.169
   108.100,    23.171
   108.200,    23.173
   108.300,    23.175
   108.400,    23.176
   108.500,    23.178
   108.600,    23.180
   108.700,    23.182
   108.800,    23.183
   108.900,    23.185
   109.000,    23.187
   109.100,    23.189
   109.200,    23.191
   109.300,    23.192
   109.400,    23.194
   109.500,    23.196
   109.600,    23.197
   109.700,    23.199
   109.800,    23.201
   109.900,    23.203
   110.000,    23.204
   110.100,    23.206
   110.200,    23.208
   110.300,    23.209
   110.400,    23.211
   110.500,    23.213
   110.600,    23.214
   110.700,    23.216
   110.800,    23.218
   110.900,    23.220
   111.000,    23.221
   111.100,    23.223
   111.200,    23.224
   111.300,    23.226
   111.400,    23.228
   111.500,    23.229
   111.600,    23.231
   111.700,    23.233
   111.800,    23.234
   111.900,    23.236
   112.000,    23.237
   112.100,    23.239
   112.200,    23.241
   112.300,    23.242
   112.400,    23.244
   112.500,    23.245
   112.600,    23.247
   112.700,    23.249
   112.800,    23.250
   112.900,    23.252
   113.000,    23.253
   113.100,    23.255
   113.200,    23.256
   113.300,    23.258
   113.400,    23.259
   113.500,    23.261
   113.600,    23.263
   113.700,    23.264
   113.800,    23.266
   113.900,    23.267
   114.000,    23.269
   114.100,    23.270
   114.200,    23.272
   114.300,    23.273
   114.400,    23.275
   114.500,    23.276
   114.600,    23.278
   114.700,    23.279
   114.800,    23.281
   114.900,    23.282
   115.000,    23.284
   115.100,    23.285
   115.200,    23.286
   115.300,    23.288
   115.400,    23.289
   115.500,    23.291
   115.600,    23.292
   115.700,    23.294
   115.800,    23.295
   115.900,    23.297
   116.000,    23.298
   116.100,    23.299
   116.200,    23.301
   116.300,    23.302
   116.400,    23.304
   116.500,    23.305
   116.600,    23.306
   116.700,    23.308
   116.800,    23.309
   116.900,    23.311
   117.000,    23.312
   117.100,    23.313
   117.200,    23.315
   117.300,    23.316
   117.400,    23.317
   117.500,    23.319
   117.600,    23.320
   117.700,    23.322
   117.800,    23.323
   117.900,    23.324
   118.000,    23.326
   118.100,    23.327
   118.200,    23.328
   118.300,    23.330
   118.400,    23.331
   118.500,    23.332
   118.600,    23.334
   118.700,    23.335
   118.800,    23.336
   118.900,    23.337
   119.000,    23.339
   119.100,    23.340
   119.200,    23.341
   119.300,    23.343
   119.400,    23.344
   119.500,    23.345
   119.600,    23.346
   119.700,    23.348
   119.800,    23.349
   119.900,    23.350
   120.000,    23.352
   120.100,    23.353
   120.200,    23.354
   120.300,    23.355
   120.400,    23.357
   120.500,    23.358
   120.600,    23.359
   120.700,    23.360
   120.800,    23.361
   120.900,    23.363
   121.000,    23.364
   121.100,    23.365
   121.200,    23.366
   121.300,    23.368
   121.400,    23.369
   121.500,    23.370
   121.600,    23.371
   121.700,    23.372
   121.800,    23.374
   121.900,    23.375
   122.000,    23.376
   122.100,    23.377
   122.200,    23.378
   122.300,    23.380
   122.400,    23.381
   122.500,    23.382
   122.600,    23.383
   122.700,    23.384
   122.800,    23.385
   122.900,    23.386
   123.000,    23.388
   123.100,    23.389
   123.200,    23.390
   123.300,    23.391
   123.400,    23.392
   123.500,    23.393
   123.600,    23.394
   123.700,    23.396
   123.800,    23.397
   123.900,    23.398
   124.000,    23.399
   124.100,    23.400
   124.200,    23.401
   124.300,    23.402
   124.400,    23.403
   124.500,    23.405
   124.600,    23.406
   124.700,    23.407
   124.800,    23.408
   124.900,    23.409
   125.000,    23.410
   125.100,    23.411
   125.200,    23.412
   125.300,    23.413
   125.400,    23.414
   125.500,    23.415
   125.600,    23.416
   125.700,    23.417
   125.800,    23.419
   125.900,    23.420
   126.000,    23.421
   126.100,    23.422
   126.200,    23.423
   126.300,    23.424
   126.400,    23.425
   126.500,    23.426
   126.600,    23.427
   126.700,    23.428
   126.800,    23.429
   126.900,    23.430
   127.000,    23.431
   127.100,    23.432
   127.200,    23.433
   127.300,    23.434
   127.400,    23.435
   127.500,    23.436
   127.600,    23.437
   127.700,    23.438
   127.800,    23.439
   127.900,    23.440
   128.000,    23.441
   128.100,    23.442
   128.200,    23.443
   128.300,    23.444
   128.400,    23.445
   128.500,    23.446
   128.600,    23.447
   128.700,    23.448
   128.800,    23.449
   128.900,    23.450
   129.000,    23.451
   129.100,    23.452
   129.200,    23.453
   129.300,    23.454
   129.400,    23.455
   129.500,    23.455
   129.600,    23.456
   129.700,    23.457
   129.800,    23.458
   129.900,    23.459
   130.000,    23.460
   130.100,    23.461
   130.200,    23.462
   130.300,    23.463
   130.400,    23.464
   130.500,    23.465
   130.600,    23.466
   130.700,    23.467
   130.800,    23.467
   130.900,    23.468
   131.000,    23.469
   131.100,    23.470
   131.200,    23.471
   131.300,    23.472
   131.400,    23.473
   131.500,    23.474
   131.600,    23.475
   131.700,    23.476
   131.800,    23.476
   131.900,    23.477
   132.000,    23.478
   132.100,    23.479
   132.200,    23.480
   132.300,    23.481
   132.400,    23.482
   132.500,    23.483
   132.600,    23.483
   132.700,    23.484
   132.800,    23.485
   132.900,    23.486
   133.000,    23.487
   133.100,    23.488
   133.200,    23.488
   133.300,    23.489
   133.400,    23.490
   133.500,    23.491
   133.600,    23.492
   133.700,    23.493
   133.800,    23.493
   133.900,    23.494
   134.000,    23.495
   134.100,    23.496
   134.200,    23.497
   134.300,    23.498
   134.400,    23.498
   134.500,    23.499
   134.600,    23.500
   134.700,    23.501
   134.800,    23.502
   134.900,    23.502
   135.000,    23.503
   135.100,    23.504
   135.200,    23.505
   135.300,    23.506
   135.400,    23.506
   135.500,    23.507
   135.600,    23.508
   135.700,    23.509
   135.800,    23.510
   135.900,    23.510
   136.000,    23.511
   136.100,    23.512
   136.200,    23.513
   136.300,    23.513
   136.400,    23.514
   136.500,    23.515
   136.600,    23.516
   136.700,    23.516
   136.800,    23.517
   136.900,    23.518
   137.000,    23.519
   137.100,    23.519
   137.200,    23.520
   137.300,    23.521
   137.400,    23.522
   137.500,    23.522
   137.600,    23.523
   137.700,    23.524
   137.800,    23.525
   137.900,    23.525
   138.000,    23.526
   138.100,    23.527
   138.200,    23.528
   138.300,    23.528
   138.400,    23.529
   138.500,    23.530
   138.600,    23.530
   138.700,    23.531
   138.800,    23.532
   138.900,    23.533
   139.000,    23.533
   139.100,    23.534
   139.200,    23.535
   139.300,    23.535
   139.400,    23.536
   139.500,    23.537
   139.600,    23.538
   139.700,    23.538
   139.800,    23.539
   139.900,    23.540
   140.000,    23.540
   140.100,    23.541
   140.200,    23.542
   140.300,    23.542
   140.400,    23.543
   140.500,    23.544
   140.600,    23.544
   140.700,    23.545
   140.800,    23.546
   140.900,    23.546
   141.000,    23.547
   141.100,    23.548
   141.200,    23.548
   141.300,    23.549
   141.400,    23.550
   141.500,    23.550
   141.600,    23.551
   141.700,    23.552
   141.800,    23.552
   141.900,    23.553
   142.000,    23.554
   142.100,    23.554
   142.200,    23.555
   142.300,    23.555
   142.400,    23.556
   142.500,    23.557
   142.600,    23.557
   142.700,    23.558
   142.800,    23.559
   142.900,    23.559
   143.000,    23.560
   143.100,    23.561
   143.200,    23.561
   143.300,    23.562
   143.400,    23.562
   143.500,    23.563
   143.600,    23.564
   143.700,    23.564
   143.800,    23.565
   143.900,    23.565
   144.000,    23.566
   144.100,    23.567
   144.200,    23.567
   144.300,    23.568
   144.400,    23.569
   144.500,    23.569
   144.600,    23.570
   144.700,    23.570
   144.800,    23.571
   144.900,    23.571
   145.000,    23.572
   145.100,    23.573
   145.200,    23.573
   145.300,    23.574
   145.400,    23.574
   145.500,    23.575
   145.600,    23.576
   145.700,    23.576
   145.800,    23.577
   145.900,    23.577
   146.000,    23.578
   146.100,    23.578
   146.200,    23.579
   146.300,    23.580
   146.400,    23.580
   146.500,    23.581
   146.600,    23.581
   146.700,    23.582
   146.800,    23.582
   146.900,    23.583
   147.000,    23.583
   147.100,    23.584
   147.200,    23.585
   147.300,    23.585
   147.400,    23.586
   147.500,    23.586
   147.600,    23.587
   147.700,    23.587
   147.800,    23.588
   147.900,    23.588
   148.000,    23.589
   148.100,    23.589
   148.200,    23.590
   148.300,    23.591
   148.400,    23.591
   148.500,    23.592
   148.600,    23.592
   148.700,    23.593
   148.800,    23.593
   148.900,    23.594
   149.000,    23.594
   149.100,    23.595
   149.200,    23.595
   149.300,    23.596
   149.400,    23.596
   149.500,    23.597
   149.600,    23.597
   149.700,    23.598
   149.800,    23.598
   149.900,    23.599
   150.000,    23.599
   150.100,    23.600
   150.200,    23.600
   150.300,    23.601
   150.400,    23.601
   150.500,    23.602
   150.600,    23.602
   150.700,    23.603
   150.800,    23.603
   150.900,    23.604
   151.000,    23.604
   151.100,    23.605
   151.200,    23.605
   151.300,    23.606
   151.400,    23.606
   151.500,    23.607
   151.600,    23.607
   151.700,    23.608
   151.800,    23.608
   151.900,    23.609
   152.000,    23.609
   152.100,    23.610
   152.200,    23.610
   152.300,    23.611
   152.400,    23.611
   152.500,    23.612
   152.600,    23.612
   152.700,    23.613
   152.800,    23.613
   152.900,    23.613
   153.000,    23.614
   153.100,    23.614
   153.200,    23.615
   153.300,    23.615
   153.400,    23.616
   153.500,    23.616
   153.600,    23.617
   153.700,    23.617
   153.800,    23.618
   153.900,    23.618
   154.000,    23.618
   154.100,    23.619
   154.200,    23.619
   154.300,    23.620
   154.400,    23.620
   154.500,    23.621
   154.600,    23.621
   154.700,    23.622
   154.800,    23.622
   154.900,    23.622
   155.000,    23.623
   155.100,    23.623
   155.200,    23.624
   155.300,    23.624
   155.400,    23.625
   155.500,    23.625
   155.600,    23.625
   155.700,    23.626
   155.800,    23.626
   155.900,    23.627
   156.000,    23.627
   156.100,    23.628
   156.200,    23.628
   156.300,    23.628
   156.400,    23.629
   156.500,    23.629
   156.600,    23.630
   156.700,    23.630
   156.800,    23.630
   156.900,    23.631
   157.000,    23.631
   157.100,    23.632
   157.200,    23.632
   157.300,    23.633
   157.400,    23.633
   157.500,    23.633
   157.600,    23.634
   157.700,    23.634
   157.800,    23.635
   157.900,    23.635
   158.000,    23.635
   158.100,    23.636
   158.200,    23.636
   158.300,    23.637
   158.400,    23.637
   158.500,    23.637
   158.600,    23.638
   158.700,    23.638
   158.800,    23.638
   158.900,    23.639
   159.000,    23.639
   159.100,    23.640
   159.200,    23.640
   159.300,    23.640
   159.400,    23.641
   159.500,    23.641
   159.600,    23.642
   159.700,    23.642
   159.800,    23.642
   159.900,    23.643
   160.000,    23.643
   160.100,    23.643
   160.200,    23.644
   160.300,    23.644
   160.400,    23.644
   160.500,    23.645
   160.600,    23.645
   160.700,    23.646
   160.800,    23.646
   160.900,    23.646
   161.000,    23.647
   161.100,    23.647
   161.200,    23.647
   161.300,    23.648
   161.400,    23.648
   161.500,    23.648
   161.600,    23.649
   161.700,    23.649
   161.800,    23.650
   161.900,    23.650
   162.000,    23.650
   162.100,    23.651
   162.200,    23.651
   162.300,    23.651
   162.400,    23.652
   162.500,    23.652
   162.600,    23.652
   162.700,    23.653
   162.800,    23.653
   162.900,    23.653
   163.000,    23.654
   163.100,    23.654
   163.200,    23.654
   163.300,    23.655
   163.400,    23.655
   163.500,    23.655
   163.600,    23.656
   163.700,    23.656
   163.800,    23.656
   163.900,    23.657
   164.000,    23.657
   164.100,    23.657
   164.200,    23.658
   164.300,    23.658
   164.400,    23.658
   164.500,    23.659
   164.600,    23.659
   164.700,    23.659
   164.800,    23.660
   164.900,    23.660
   165.000,    23.660
   165.100,    23.661
   165.200,    23.661
   165.300,    23.661
   165.400,    23.662
   165.500,    23.662
   165.600,    23.662
   165.700,    23.663
   165.800,    23.663
   165.900,    23.663
   166.000,    23.663
   166.100,    23.664
   166.200,    23.664
   166.300,    23.664
   166.400,    23.665
   166.500,    23.665
   166.600,    23.665
   166.700,    23.666
   166.800,    23.666
   166.900,    23.666
   167.000,    23.667
   167.100,    23.667
   167.200,    23.667
   167.300,    23.667
   167.400,    23.668
   167.500,    23.668
   167.600,    23.668
   167.700,    23.669
   167.800,    23.669
   167.900,    23.669
   168.000,    23.670
   168.100,    23.670
   168.200,    23.670
   168.300,    23.670
   168.400,    23.671
   168.500,    23.671
   168.600,    23.671
   168.700,    23.672
   168.800,    23.672
   168.900,    23.672
   169.000,    23.672
   169.100,    23.673
   169.200,    23.673
   169.300,    23.673
   169.400,    23.674
   169.500,    23.674
   169.600,    23.674
   169.700,    23.674
   169.800,    23.675
   169.900,    23.675
   170.000,    23.675
   170.100,    23.675
   170.200,    23.676
   170.300,    23.676
   170.400,    23.676
   170.500,    23.677
   170.600,    23.677
   170.700,    23.677
   170.800,    23.677
   170.900,    23.678
   171.000,    23.678
   171.100,    23.678
   171.200,    23.678
   171.300,    23.679
   171.400,    23.679
   171.500,    23.679
   171.600,    23.680
   171.700,    23.680
   171.800,    23.680
   171.900,    23.680
   172.000,    23.681
   172.100,    23.681
   172.200,    23.681
   172.300,    23.681
   172.400,    23.682
   172.500,    23.682
   172.600,    23.682
   172.700,    23.682
   172.800,    23.683
   172.900,    23.683
   173.000,    23.683
   173.100,    23.683
   173.200,    23.684
   173.300,    23.684
   173.400,    23.684
   173.500,    23.684
   173.600,    23.685
   173.700,    23.685
   173.800,    23.685
   173.900,    23.685
   174.000,    23.686
   174.100,    23.686
   174.200,    23.686
   174.300,    23.686
   174.400,    23.687
   174.500,    23.687
   174.600,    23.687
   174.700,    23.687
   174.800,    23.688
   174.900,    23.688
   175.000,    23.688
   175.100,    23.688
   175.200,    23.688
   175.300,    23.689
   175.400,    23.689
   175.500,    23.689
   175.600,    23.689
   175.700,    23.690
   175.800,    23.690
   175.900,    23.690
   176.000,    23.690
   176.100,    23.691
   176.200,    23.691
   176.300,    23.691
   176.400,    23.691
   176.500,    23.691
   176.600,    23.692
   176.700,    23.692
   176.800,    23.692
   176.900,    23.692
   177.000,    23.693
   177.100,    23.693
   177.200,    23.693
   177.300,    23.693
   177.400,    23.693
   177.500,    23.694
   177.600,    23.694
   177.700,    23.694
   177.800,    23.694
   177.900,    23.695
   178.000,    23.695
   178.100,    23.695
   178.200,    23.695
   178.300,    23.695
   178.400,    23.696
   178.500,    23.696
   178.600,    23.696
   178.700,    23.696
   178.800,    23.696
   178.900,    23.697
   179.000,    23.697
   179.100,    23.697
   179.200,    23.697
   179.300,    23.698
   179.400,    23.698
   179.500,    23.698
   179.600,    23.698
   179.700,    23.698
   179.800,    23.699
   179.900,    23.699
   180.000,    23.699
   180.100,    23.699
   180.200,    23.699
   180.300,    23.700
   180.400,    23.700
   180.500,    23.700
   180.600,    23.700
   180.700,    23.700
   180.800,    23.701
   180.900,    23.701
   181.000,    23.701
   181.100,    23.701
   181.200,    23.701
   181.300,    23.702
   181.400,    23.702
   181.500,    23.702
   181.600,    23.702
   181.700,    23.702
   181.800,    23.703
   181.900,    23.703
   182.000,    23.703
   182.100,    23.703
   182.200,    23.703
   182.300,    23.703
   182.400,    23.704
   182.500,    23.704
   182.600,    23.704
   182.700,    23.704
   182.800,    23.704
   182.900,    23.705
   183.000,    23.705
   183.100,    23.705
   183.200,    23.705
   183.300,    23.705
   183.400,    23.706
   183.500,    23.706
   183.600,    23.706
   183.700,    23.706
   183.800,    23.706
   183.900,    23.706
   184.000,    23.707
   184.100,    23.707
   184.200,    23.707
   184.300,    23.707
   184.400,    23.707
   184.500,    23.708
   184.600,    23.708
   184.700,    23.708
   184.800,    23.708
   184.900,    23.708
   185.000,    23.708
   185.100,    23.709
   185.200,    23.709
   185.300,    23.709
   185.400,    23.709
   185.500,    23.709
   185.600,    23.709
   185.700,    23.710
   185.800,    23.710
   185.900,    23.710
   186.000,    23.710
   186.100,    23.710
   186.200,    23.710
   186.300,    23.711
   186.400,    23.711
   186.500,    23.711
   186.600,    23.711
   186.700,    23.711
   186.800,    23.711
   186.900,    23.712
   187.000,    23.712
   187.100,    23.712
   187.200,    23.712
   187.300,    23.712
   187.400,    23.712
   187.500,    23.713
   187.600,    23.713
   187.700,    23.713
   187.800,    23.713
   187.900,    23.713
   188.000,    23.713
   188.100,    23.714
   188.200,    23.714
   188.300,    23.714
   188.400,    23.714
   188.500,    23.714
   188.600,    23.714
   188.700,    23.714
   188.800,    23.715
   188.900,    23.715
   189.000,    23.715
   189.100,    23.715
   189.200,    23.715
   189.300,    23.715
   189.400,    23.716
   189.500,    23.716
   189.600,    23.716
   189.700,    23.716
   189.800,    23.716
   189.900,    23.716
   190.000,    23.716
   190.100,    23.717
   190.200,    23.717
   190.300,    23.717
   190.400,    23.717
   190.500,    23.717
   190.600,    23.717
   190.700,    23.718
   190.800,    23.718
   190.900,    23.718
   191.000,    23.718
   191.100,    23.718
   191.200,    23.718
   191.300,    23.718
   191.400,    23.719
   191.500,    23.719
   191.600,    23.719
   191.700,    23.719
   191.800,    23.719
   191.900,    23.719
   192.000,    23.719
   192.100,    23.720
   192.200,    23.720
   192.300,    23.720
   192.400,    23.720
   192.500,    23.720
   192.600,    23.720
   192.700,    23.720
   192.800,    23.721
   192.900,    23.721
   193.000,    23.721
   193.100,    23.721
   193.200,    23.721
   193.300,    23.721
   193.400,    23.721
   193.500,    23.721
   193.600,    23.722
   193.700,    23.722
   193.800,    23.722
   193.900,    23.722
   194.000,    23.722
   194.100,    23.722
   194.200,    23.722
   194.300,    23.723
   194.400,    23.723
   194.500,    23.723
   194.600,    23.723
   194.700,    23.723
   194.800,    23.723
   194.900,    23.723
   195.000,    23.723
   195.100,    23.724
   195.200,    23.724
   195.300,    23.724
   195.400,    23.724
   195.500,    23.724
   195.600,    23.724
   195.700,    23.724
   195.800,    23.724
   195.900,    23.725
   196.000,    23.725
   196.100,    23.725
   196.200,    23.725
   196.300,    23.725
   196.400,    23.725
   196.500,    23.725
   196.600,    23.725
   196.700,    23.726
   196.800,    23.726
   196.900,    23.726
   197.000,    23.726
   197.100,    23.726
   197.200,    23.726
   197.300,    23.726
   197.400,    23.726
   197.500,    23.727
   197.600,    23.727
   197.700,    23.727
   197.800,    23.727
   197.900,    23.727
   198.000,    23.727
   198.100,    23.727
   198.200,    23.727
   198.300,    23.727
   198.400,    23.728
   198.500,    23.728
   198.600,    23.728
   198.700,    23.728
   198.800,    23.728
   198.900,    23.728
   199.000,    23.728
   199.100,    23.728
   199.200,    23.729
   199.300,    23.729
   199.400,    23.729
   199.500,    23.729
   199.600,    23.729
   199.700,    23.729
   199.800,    23.729
   199.900,    23.729
   200.000,    23.729
   200.100,    23.730
   200.200,    23.730
   200.300,    23.730
   200.400,    23.730
   200.500,    23.730
   200.600,    23.730
   200.700,    23.730
   200.800,    23.730
   200.900,    23.730
   201.000,    23.731
   201.100,    23.731
   201.200,    23.731
   201.300,    23.731
   201.400,    23.731
   201.500,    23.731
   201.600,    23.731
   201.700,    23.731
   201.800,    23.731
   201.900,    23.731
   202.000,    23.732
   202.100,    23.732
   202.200,    23.732
   202.300,    23.732
   202.400,    23.732
   202.500,    23.732
   202.600,    23.732
   202.700,    23.732
   202.800,    23.732
   202.900,    23.732
   203.000,    23.733
   203.100,    23.733
   203.200,    23.733
   203.300,    23.733
   203.400,    23.733
   203.500,    23.733
   203.600,    23.733
   203.700,    23.733
   203.800,    23.733
   203.900,    23.733
   204.000,    23.734
   204.100,    23.734
   204.200,    23.734
   204.300,    23.734
   204.400,    23.734
   204.500,    23.734
   204.600,    23.734
   204.700,    23.734
   204.800,    23.734
   204.900,    23.734
   205.000,    23.735
   205.100,    23.735
   205.200,    23.735
   205.300,    23.735
   205.400,    23.735
   205.500,    23.735
   205.600,    23.735
   205.700,    23.735
   205.800,    23.735
   205.900,    23.735
   206.000,    23.735
   206.100,    23.736
   206.200,    23.736
   206.300,    23.736
   206.400,    23.736
   206.500,    23.736
   206.600,    23.736
   206.700,    23.736
   206.800,    23.736
   206.900,    23.736
   207.000,    23.736
   207.100,    23.736
   207.200,    23.737
   207.300,    23.737
   207.400,    23.737
   207.500,    23.737
   207.600,    23.737
   207.700,    23.737
   207.800,    23.737
   207.900,    23.737
   208.000,    23.737
   208.100,    23.737
   208.200,    23.737
   208.300,    23.738
   208.400,    23.738
   208.500,    23.738
   208.600,    23.738
   208.700,    23.738
   208.800,    23.738
   208.900,    23.738
   209.000,    23.738
   209.100,    23.738
   209.200,    23.738
   209.300,    23.738
   209.400,    23.738
   209.500,    23.739
   209.600,    23.739
   209.700,    23.739
   209.800,    23.739
   209.900,    23.739
   210.000,    23.739
   210.100,    23.739
   210.200,    23.739
   210.300,    23.739
   210.400,    23.739
   210.500,    23.739
   210.600,    23.739
   210.700,    23.740
   210.800,    23.740
   210.900,    23.740
   211.000,    23.740
   211.100,    23.740
   211.200,    23.740
   211.300,    23.740
   211.400,    23.740
   211.500,    23.740
   211.600,    23.740
   211.700,    23.740
   211.800,    23.740
   211.900,    23.740
   212.000,    23.741
   212.100,    23.741
   212.200,    23.741
   212.300,    23.741
   212.400,    23.741
   212.500,    23.741
   212.600,    23.741
   212.700,    23.741
   212.800,    23.741
   212.900,    23.741
   213.000,    23.741
   213.100,    23.741
   213.200,    23.741
   213.300,    23.742
   213.400,    23.742
   213.500,    23.742
   213.600,    23.742
   213.700,    23.742
   213.800,    23.742
   213.900,    23.742
   214.000,    23.742
   214.100,    23.742
   214.200,    23.742
   214.300,    23.742
   214.400,    23.742
   214.500,    23.742
   214.600,    23.742
   214.700,    23.743
   214.800,    23.743
   214.900,    23.743
   215.000,    23.743
   215.100,    23.743
   215.200,    23.743
   215.300,    23.743
   215.400,    23.743
   215.500,    23.743
   215.600,    23.743
   215.700,    23.743
   215.800,    23.743
   215.900,    23.743
   216.000,    23.743
   216.100,    23.744
   216.200,    23.744
   216.300,    23.744
   216.400,    23.744
   216.500,    23.744
   216.600,    23.744
   216.700,    23.744
   216.800,    23.744
   216.900,    23.744
   217.000,    23.744
   217.100,    23.744
   217.200,    23.744
   217.300,    23.744
   217.400,    23.744
   217.500,    23.744
   217.600,    23.744
   217.700,    23.745
   217.800,    23.745
   217.900,    23.745
   218.000,    23.745
   218.100,    23.745
   218.200,    23.745
   218.300,    23.745
   218.400,    23.745
   218.500,    23.745
   218.600,    23.745
   218.700,    23.745
   218.800,    23.745
   218.900,    23.745
   219.000,    23.745
   219.100,    23.745
   219.200,    23.746
   219.300,    23.746
   219.400,    23.746
   219.500,    23.746
   219.600,    23.746
   219.700,    23.746
   219.800,    23.746
   219.900,    23.746
   220.000,    23.746
   220.100,    23.746
   220.200,    23.746
   220.300,    23.746
   220.400,    23.746
   220.500,    23.746
   220.600,    23.746
   220.700,    23.746
   220.800,    23.746
   220.900,    23.747
   221.000,    23.747
   221.100,    23.747
   221.200,    23.747
   221.300,    23.747
   221.400,    23.747
   221.500,    23.747
   221.600,    23.747
   221.700,    23.747
   221.800,    23.747
   221.900,    23.747
   222.000,    23.747
   222.100,    23.747
   222.200,    23.747
   222.300,    23.747
   222.400,    23.747
   222.500,    23.747
   222.600,    23.748
   222.700,    23.748
   222.800,    23.748
   222.900,    23.748
   223.000,    23.748
   223.100,    23.748
   223.200,    23.748
   223.300,    23.748
   223.400,    23.748
   223.500,    23.748
   223.600,    23.748
   223.700,    23.748
   223.800,    23.748
   223.900,    23.748
   224.000,    23.748
   224.100,    23.748
   224.200,    23.748
   224.300,    23.748
   224.400,    23.748
   224.500,    23.749
   224.600,    23.749
   224.700,    23.749
   224.800,    23.749
   224.900,    23.749
   225.000,    23.749
   225.100,    23.749
   225.200,    23.749
   225.300,    23.749
   225.400,    23.749
   225.500,    23.749
   225.600,    23.749
   225.700,    23.749
   225.800,    23.749
   225.900,    23.749
   226.000,    23.749
   226.100,    23.749
   226.200,    23.749
   226.300,    23.749
   226.400,    23.750
   226.500,    23.750
   226.600,    23.750
   226.700,    23.750
   226.800,    23.750
   226.900,    23.750
   227.000,    23.750
   227.100,    23.750
   227.200,    23.750
   227.300,    23.750
   227.400,    23.750
   227.500,    23.750
   227.600,    23.750
   227.700,    23.750
   227.800,    23.750
   227.900,    23.750
   228.000,    23.750
   228.100,    23.750
   228.200,    23.750
   228.300,    23.750
   228.400,    23.750
   228.500,    23.751
   228.600,    23.751
   228.700,    23.751
   228.800,    23.751
   228.900,    23.751
   229.000,    23.751
   229.100,    23.751
   229.200,    23.751
   229.300,    23.751
   229.400,    23.751
   229.500,    23.751
   229.600,    23.751
   229.700,    23.751
   229.800,    23.751
   229.900,    23.751
   230.000,    23.751
   230.100,    23.751
   230.200,    23.751
   230.300,    23.751
   230.400,    23.751
   230.500,    23.751
   230.600,    23.751
   230.700,    23.752
   230.800,    23.752
   230.900,    23.752
   231.000,    23.752
   231.100,    23.752
   231.200,    23.752
   231.300,    23.752
   231.400,    23.752
   231.500,    23.752
   231.600,    23.752
   231.700,    23.752
   231.800,    23.752
   231.900,    23.752
   232.000,    23.752
   232.100,    23.752
   232.200,    23.752
   232.300,    23.752
   232.400,    23.752
   232.500,    23.752
   232.600,    23.752
   232.700,    23.752
   232.800,    23.752
   232.900,    23.752
   233.000,    23.752
   233.100,    23.753
   233.200,    23.753
   233.300,    23.753
   233.400,    23.753
   233.500,    23.753
   233.600,    23.753
   233.700,    23.753
   233.800,    23.753
   233.900,    23.753
   234.000,    23.753
   234.100,    23.753
   234.200,    23.753
   234.300,    23.753
   234.400,    23.753
   234.500,    23.753
   234.600,    23.753
   234.700,    23.753
   234.800,    23.753
   234.900,    23.753
   235.000,    23.753
   235.100,    23.753
   235.200,    23.753
   235.300,    23.753
   235.400,    23.753
   235.500,    23.753
   235.600,    23.753
   235.700,    23.754
   235.800,    23.754
   235.900,    23.754
   236.000,    23.754
   236.100,    23.754
   236.200,    23.754
   236.300,    23.754
   236.400,    23.754
   236.500,    23.754
   236.600,    23.754
   236.700,    23.754
   236.800,    23.754
   236.900,    23.754
   237.000,    23.754
   237.100,    23.754
   237.200,    23.754
   237.300,    23.754
   237.400,    23.754
   237.500,    23.754
   237.600,    23.754
   237.700,    23.754
   237.800,    23.754
   237.900,    23.754
   238.000,    23.754
   238.100,    23.754
   238.200,    23.754
   238.300,    23.754
   238.400,    23.754
   238.500,    23.755
   238.600,    23.755
   238.700,    23.755
   238.800,    23.755
   238.900,    23.755
   239.000,    23.755
   239.100,    23.755
   239.200,    23.755
   239.300,    23.755
   239.400,    23.755
   239.500,    23.755
   239.600,    23.755
   239.700,    23.755
   239.800,    23.755
   239.900,    23.755
   240.000,    23.755
   240.100,    23.755
   240.200,    23.755
   240.300,    23.755
   240.400,    23.755
   240.500,    23.755
   240.600,    23.755
   240.700,    23.755
   240.800,    23.755
   240.900,    23.755
   241.000,    23.755
   241.100,    23.755
   241.200,    23.755
   241.300,    23.755
   241.400,    23.755
   241.500,    23.756
   241.600,    23.756
   241.700,    23.756
   241.800,    23.756
   241.900,    23.756
   242.000,    23.756
   242.100,    23.756
   242.200,    23.756
   242.300,    23.756
   242.400,    23.756
   242.500,    23.756
   242.600,    23.756
   242.700,    23.756
   242.800,    23.756
   242.900,    23.756
   243.000,    23.756
   243.100,    23.756
   243.200,    23.756
   243.300,    23.756
   243.400,    23.756
   243.500,    23.756
   243.600,    23.756
   243.700,    23.756
   243.800,    23.756
   243.900,    23.756
   244.000,    23.756
   244.100,    23.756
   244.200,    23.756
   244.300,    23.756
   244.400,    23.756
   244.500,    23.756
   244.600,    23.756
   244.700,    23.756
   244.800,    23.756
   244.900,    23.757
   245.000,    23.757
   245.100,    23.757
   245.200,    23.757
   245.300,    23.757
   245.400,    23.757
   245.500,    23.757
   245.600,    23.757
   245.700,    23.757
   245.800,    23.757
   245.900,    23.757
   246.000,    23.757
   246.100,    23.757
   246.200,    23.757
   246.300,    23.757
   246.400,    23.757
   246.500,    23.757
   246.600,    23.757
   246.700,    23.757
   246.800,    23.757
   246.900,    23.757
   247.000,    23.757
   247.100,    23.757
   247.200,    23.757
   247.300,    23.757
   247.400,    23.757
   247.500,    23.757
   247.600,    23.757
   247.700,    23.757
   247.800,    23.757
   247.900,    23.757
   248.000,    23.757
   248.100,    23.757
   248.200,    23.757
   248.300,    23.757
   248.400,    23.757
   248.500,    23.757
   248.600,    23.758
   248.700,    23.758
   248.800,    23.758
   248.900,    23.758
   249.000,    23.758
   249.100,    23.758
   249.200,    23.758
   249.300,    23.758
   249.400,    23.758
   249.500,    23.758
   249.600,    23.758
   249.700,    23.758
   249.800,    23.758
   249.900,    23.758
   250.000,    23.758
   250.100,    23.758
   250.200,    23.758
   250.300,    23.758
   250.400,    23.758
   250.500,    23.758
   250.600,    23.758
   250.700,    23.758
   250.800,    23.758
   250.900,    23.758
   251.000,    23.758
   251.100,    23.758
   251.200,    23.758
   251.300,    23.758
   251.400,    23.758
   251.500,    23.758
   251.600,    23.758
   251.700,    23.758
   251.800,    23.758
   251.900,    23.758
   252.000,    23.758
   252.100,    23.758
   252.200,    23.758
   252.300,    23.758
   252.400,    23.758
   252.500,    23.758
   252.600,    23.758
   252.700,    23.758
   252.800,    23.759
   252.900,    23.759
   253.000,    23.759
   253.100,    23.759
   253.200,    23.759
   253.300,    23.759
   253.400,    23.759
   253.500,    23.759
   253.600,    23.759
   253.700,    23.759
   253.800,    23.759
   253.900,    23.759
   254.000,    23.759
   254.100,    23.759
   254.200,    23.759
   254.300,    23.759
   254.400,    23.759
   254.500,    23.759
   254.600,    23.759
   254.700,    23.759
   254.800,    23.759
   254.900,    23.759
   255.000,    23.759
   255.100,    23.759
   255.200,    23.759
   255.300,    23.759
   255.400,    23.759
   255.500,    23.759
   255.600,    23.759
   255.700,    23.759
   255.800,    23.759
   255.900,    23.759
   256.000,    23.759
   256.100,    23.759
   256.200,    23.759
   256.300,    23.759
   256.400,    23.759
   256.500,    23.759
   256.600,    23.759
   256.700,    23.759
   256.800,    23.759
   256.900,    23.759
   257.000,    23.759
   257.100,    23.759
   257.200,    23.759
   257.300,    23.759
   257.400,    23.759
   257.500,    23.759
   257.600,    23.759
   257.700,    23.760
   257.800,    23.760
   257.900,    23.760
   258.000,    23.760
   258.100,    23.760
   258.200,    23.760
   258.300,    23.760
   258.400,    23.760
   258.500,    23.760
   258.600,    23.760
   258.700,    23.760
   258.800,    23.760
   258.900,    23.760
   259.000,    23.760
   259.100,    23.760
   259.200,    23.760
   259.300,    23.760
   259.400,    23.760
   259.500,    23.760
   259.600,    23.760
   259.700,    23.760
   259.800,    23.760
   259.900,    23.760
   260.000,    23.760
   260.100,    23.760
   260.200,    23.760
   260.300,    23.760
   260.400,    23.760
   260.500,    23.760
   260.600,    23.760
   260.700,    23.760
   260.800,    23.760
   260.900,    23.760
   261.000,    23.760
   261.100,    23.760
   261.200,    23.760
   261.300,    23.760
   261.400,    23.760
   261.500,    23.760
   261.600,    23.760
   261.700,    23.760
   261.800,    23.760
   261.900,    23.760
   262.000,    23.760
   262.100,    23.760
   262.200,    23.760
   262.300,    23.760
   262.400,    23.760
   262.500,    23.760
   262.600,    23.760
   262.700,    23.760
   262.800,    23.760
   262.900,    23.760
   263.000,    23.760
   263.100,    23.760
   263.200,    23.760
   263.300,    23.761
   263.400,    23.761
   263.500,    23.761
   263.600,    23.761
   263.700,    23.761
   263.800,    23.761
   263.900,    23.761
   264.000,    23.761
   264.100,    23.761
   264.200,    23.761
   264.300,    23.761
   264.400,    23.761
   264.500,    23.761
   264.600,    23.761
   264.700,    23.761
   264.800,    23.761
   264.900,    23.761
   265.000,    23.761
   265.100,    23.761
   265.200,    23.761
   265.300,    23.761
   265.400,    23.761
   265.500,    23.761
   265.600,    23.761
   265.700,    23.761
   265.800,    23.761
   265.900,    23.761
   266.000,    23.761
   266.100,    23.761
   266.200,    23.761
   266.300,    23.761
   266.400,    23.761
   266.500,    23.761
   266.600,    23.761
   266.700,    23.761
   266.800,    23.761
   266.900,    23.761
   267.000,    23.761
   267.100,    23.761
   267.200,    23.761
   267.300,    23.761
   267.400,    23.761
   267.500,    23.761
   267.600,    23.761
   267.700,    23.761
   267.800,    23.761
   267.900,    23.761
   268.000,    23.761
   268.100,    23.761
   268.200,    23.761
   268.300,    23.761
   268.400,    23.761
   268.500,    23.761
   268.600,    23.761
   268.700,    23.761
   268.800,    23.761
   268.900,    23.761
   269.000,    23.761
   269.100,    23.761
   269.200,    23.761
   269.300,    23.761
   269.400,    23.761
   269.500,    23.761
   269.600,    23.761
   269.700,    23.761
   269.800,    23.761
   269.900,    23.761
   270.000,    23.761
   270.100,    23.761
   270.200,    23.762
   270.300,    23.762
   270.400,    23.762
   270.500,    23.762
   270.600,    23.762
   270.700,    23.762
   270.800,    23.762
   270.900,    23.762
   271.000,    23.762
   271.100,    23.762
   271.200,    23.762
   271.300,    23.762
   271.400,    23.762
   271.500,    23.762
   271.600,    23.762
   271.700,    23.762
   271.800,    23.762
   271.900,    23.762
   272.000,    23.762
   272.100,    23.762
   272.200,    23.762
   272.300,    23.762
   272.400,    23.762
   272.500,    23.762
   272.600,    23.762
   272.700,    23.762
   272.800,    23.762
   272.900,    23.762
   273.000,    23.762
   273.100,    23.762
   273.200,    23.762
   273.300,    23.762
   273.400,    23.762
   273.500,    23.762
   273.600,    23.762
   273.700,    23.762
   273.800,    23.762
   273.900,    23.762
   274.000,    23.762
   274.100,    23.762
   274.200,    23.762
   274.300,    23.762
   274.400,    23.762
   274.500,    23.762
   274.600,    23.762
   274.700,    23.762
   274.800,    23.762
   274.900,    23.762
   275.000,    23.762
   275.100,    23.762
   275.200,    23.762
   275.300,    23.762
   275.400,    23.762
   275.500,    23.762
   275.600,    23.762
   275.700,    23.762
   275.800,    23.762
   275.900,    23.762
   276.000,    23.762
   276.100,    23.762
   276.200,    23.762
   276.300,    23.762
   276.400,    23.762
   276.500,    23.762
   276.600,    23.762
   276.700,    23.762
   276.800,    23.762
   276.900,    23.762
   277.000,    23.762
   277.100,    23.762
   277.200,    23.762
   277.300,    23.762
   277.400,    23.762
   277.500,    23.762
   277.600,    23.762
   277.700,    23.762
   277.800,    23.762
   277.900,    23.762
   278.000,    23.762
   278.100,    23.762
   278.200,    23.762
   278.300,    23.762
   278.400,    23.762
   278.500,    23.762
   278.600,    23.762
   278.700,    23.762
   278.800,    23.762
   278.900,    23.763
   279.000,    23.763
   279.100,    23.763
   279.200,    23.763
   279.300,    23.763
   279.400,    23.763
   279.500,    23.763
   279.600,    23.763
   279.700,    23.763
   279.800,    23.763
   279.900,    23.763
   280.000,    23.763
   280.100,    23.763
   280.200,    23.763
   280.300,    23.763
   280.400,    23.763
   280.500,    23.763
   280.600,    23.763
   280.700,    23.763
   280.800,    23.763
   280.900,    23.763
   281.000,    23.763
   281.100,    23.763
   281.200,    23.763
   281.300,    23.763
   281.400,    23.763
   281.500,    23.763
   281.600,    23.763
   281.700,    23.763
   281.800,    23.763
   281.900,    23.763
   282.000,    23.763
   282.100,    23.763
   282.200,    23.763
   282.300,    23.763
   282.400,    23.763
   282.500,    23.763
   282.600,    23.763
   282.700,    23.763
   282.800,    23.763
   282.900,    23.763
   283.000,    23.763
   283.100,    23.763
   283.200,    23.763
   283.300,    23.763
   283.400,    23.763
   283.500,    23.763
   283.600,    23.763
   283.700,    23.763
   283.800,    23.763
   283.900,    23.763
   284.000,    23.763
   284.100,    23.763
   284.200,    23.763
   284.300,    23.763
   284.400,    23.763
   284.500,    23.763
   284.600,    23.763
   284.700,    23.763
   284.800,    23.763
   284.900,    23.763
   285.000,    23.763
   285.100,    23.763
   285.200,    23.763
   285.300,    23.763
   285.400,    23.763
   285.500,    23.763
   285.600,    23.763
   285.700,    23.763
   285.800,    23.763
   285.900,    23.763
   286.000,    23.763
   286.100,    23.763
   286.200,    23.763
   286.300,    23.763
   286.400,    23.763
   286.500,    23.763
   286.600,    23.763
   286.700,    23.763
   286.800,    23.763
   286.900,    23.763
   287.000,    23.763
   287.100,    23.763
   287.200,    23.763
   287.300,    23.763
   287.400,    23.763
   287.500,    23.763
   287.600,    23.763
   287.700,    23.763
   287.800,    23.763
   287.900,    23.763
   288.000,    23.763
   288.100,    23.763
   288.200,    23.763
   288.300,    23.763
   288.400,    23.763
   288.500,    23.763
   288.600,    23.763
   288.700,    23.763
   288.800,    23.763
   288.900,    23.763
   289.000,    23.763
   289.100,    23.763
   289.200,    23.763
   289.300,    23.763
   289.400,    23.763
   289.500,    23.763
   289.600,    23.763
   289.700,    23.763
   289.800,    23.763
   289.900,    23.763
   290.000,    23.763
   290.100,    23.763
   290.200,    23.763
   290.300,    23.763
   290.400,    23.763
   290.500,    23.763
   290.600,    23.763
   290.700,    23.764
   290.800,    23.764
   290.900,    23.764
   291.000,    23.764
   291.100,    23.764
   291.200,    23.764
   291.300,    23.764
   291.400,    23.764
   291.500,    23.764
   291.600,    23.764
   291.700,    23.764
   291.800,    23.764
   291.900,    23.764
   292.000,    23.764
   292.100,    23.764
   292.200,    23.764
   292.300,    23.764
   292.400,    23.764
   292.500,    23.764
   292.600,    23.764
   292.700,    23.764
   292.800,    23.764
   292.900,    23.764
   293.000,    23.764
   293.100,    23.764
   293.200,    23.764
   293.300,    23.764
   293.400,    23.764
   293.500,    23.764
   293.600,    23.764
   293.700,    23.764
   293.800,    23.764
   293.900,    23.764
   294.000,    23.764
   294.100,    23.764
   294.200,    23.764
   294.300,    23.764
   294.400,    23.764
   294.500,    23.764
   294.600,    23.764
   294.700,    23.764
   294.800,    23.764
   294.900,    23.764
   295.000,    23.764
   295.100,    23.764
   295.200,    23.764
   295.300,    23.764
   295.400,    23.764
   295.500,    23.764
   295.600,    23.764
   295.700,    23.764
   295.800,    23.764
   295.900,    23.764
   296.000,    23.764
   296.100,    23.764
   296.200,    23.764
   296.300,    23.764
   296.400,    23.764
   296.500,    23.764
   296.600,    23.764
   296.700,    23.764
   296.800,    23.764
   296.900,    23.764
   297.000,    23.764
   297.100,    23.764
   297.200,    23.764
   297.300,    23.764
   297.400,    23.764
   297.500,    23.764
   297.600,    23.764
   297.700,    23.764
   297.800,    23.764
   297.900,    23.764
   298.000,    23.764
   298.100,    23.764
   298.200,    23.764
   298.300,    23.764
   298.400,    23.764
   298.500,    23.764
   298.600,    23.764
   298.700,    23.764
   298.800,    23.764
   298.900,    23.764
   299.000,    23.764
   299.100,    23.764
   299.200,    23.764
   299.300,    23.764
   299.400,    23.764
   299.500,    23.764
   299.600,    23.764
   299.700,    23.764
   299.800,    23.764
