     0.000,     4.000
     0.100,     4.141
     0.200,     4.276
     0.300,     4.407
     0.400,     4.534
     0.500,     4.657
     0.600,     4.777
     0.700,     4.893
     0.800,     5.007
     0.900,     5.117
     1.000,     5.225
     1.100,     5.331
     1.200,     5.434
     1.300,     5.535
     1.400,     5.634
     1.500,     5.731
     1.600,     5.826
     1.700,     5.919
     1.800,     6.010
     1.900,     6.100
     2.000,     6.189
     2.100,     6.276
     2.200,     6.361
     2.300,     6.445
     2.400,     6.528
     2.500,     6.610
     2.600,     6.690
     2.700,     6.769
     2.800,     6.847
     2.900,     6.924
     3.000,     6.999
     3.100,     7.074
     3.200,     7.148
     3.300,     7.220
     3.400,     7.292
     3.500,     7.363
     3.600,     7.433
     3.700,     7.502
     3.800,     7.570
     3.900,     7.637
     4.000,     7.704
     4.100,     7.770
     4.200,     7.835
     4.300,     7.899
     4.400,     7.962
     4.500,     8.025
     4.600,     8.087
     4.700,     8.149
     4.800,     8.209
     4.900,     8.269
     5.000,     8.329
     5.100,     8.388
     5.200,     8.446
     5.300,     8.503
     5.400,     8.560
     5.500,     8.617
     5.600,     8.672
     5.700,     8.728
     5.800,     8.782
     5.900,     8.836
     6.000,     8.890
     6.100,     8.943
     6.200,     8.996
     6.300,     9.048
     6.400,     9.099
     6.500,     9.150
     6.600,     9.201
     6.700,     9.251
     6.800,     9.300
     6.900,     9.350
     7.000,     9.398
     7.100,     9.447
     7.200,     9.494
     7.300,     9.542
     7.400,     9.589
     7.500,     9.635
     7.600,     9.681
     7.700,     9.727
     7.800,     9.772
     7.900,     9.817
     8.000,     9.862
     8.100,     9.906
     8.200,     9.950
     8.300,     9.993
     8.400,    10.036
     8.500,    10.079
     8.600,    10.121
     8.700,    10.163
     8.800,    10.205
     8.900,    10.246
     9.000,    10.287
     9.100,    10.327
     9.200,    10.367
     9.300,    10.407
     9.400,    10.447
     9.500,    10.486
     9.600,    10.525
     9.700,    10.564
     9.800,    10.602
     9.900,    10.640
    10.000,    10.677
    10.100,    10.715
    10.200,    10.752
    10.300,    10.789
    10.400,    10.825
    10.500,    10.861
    10.600,    10.897
    10.700,    10.933
    10.800,    10.968
    10.900,    11.003
    11.000,    11.038
    11.100,    11.072
    11.200,    11.106
    11.300,    11.140
    11.400,    11.174
    11.500,    11.207
    11.600,    11.241
    11.700,    11.274
    11.800,    11.306
    11.900,    11.339
    12.000,    11.371
    12.100,    11.403
    12.200,    11.434
    12.300,    11.466
    12.400,    11.497
    12.500,    11.528
    12.600,    11.559
    12.700,    11.589
    12.800,    11.619
    12.900,    11.649
    13.000,    11.679
    13.100,    11.709
    13.200,    11.738
    13.300,    11.767
    13.400,    11.796
    13.500,    11.825
    13.600,    11.853
    13.700,    11.882
    13.800,    11.910
    13.900,    11.937
    14.000,    11.965
    14.100,    11.993
    14.200,    12.020
    14.300,    12.047
    14.400,    12.074
    14.500,    12.100
    14.600,    12.127
    14.700,    12.153
    14.800,    12.179
    14.900,    12.205
    15.000,    12.231
    15.100,    12.256
    15.200,    12.281
    15.300,    12.307
    15.400,    12.331
    15.500,    12.356
    15.600,    12.381
    15.700,    12.405
    15.800,    12.429
    15.900,    12.454
    16.000,    12.477
    16.100,    12.501
    16.200,    12.525
    16.300,    12.548
    16.400,    12.571
    16.500,    12.594
    16.600,    12.617
    16.700,    12.640
    16.800,    12.662
    16.900,    12.685
    17.000,    12.707
    17.100,    12.729
    17.200,    12.751
    17.300,    12.773
    17.400,    12.794
    17.500,    12.816
    17.600,    12.837
    17.700,    12.858
    17.800,    12.879
    17.900,    12.900
    18.000,    12.921
    18.100,    12.941
    18.200,    12.961
    18.300,    12.982
    18.400,    13.002
    18.500,    13.022
    18.600,    13.042
    18.700,    13.061
    18.800,    13.081
    18.900,    13.100
    19.000,    13.120
    19.100,    13.139
    19.200,    13.158
    19.300,    13.177
    19.400,    13.195
    19.500,    13.214
    19.600,    13.232
    19.700,    13.251
    19.800,    13.269
    19.900,    13.287
    20.000,    13.305
    20.100,    13.323
    20.200,    13.340
    20.300,    13.358
    20.400,    13.375
    20.500,    13.393
    20.600,    13.410
    20.700,    13.427
    20.800,    13.444
    20.900,    13.461
    21.000,    13.478
    21.100,    13.494
    21.200,    13.511
    21.300,    13.527
    21.400,    13.543
    21.500,    13.560
    21.600,    13.576
    21.700,    13.592
    21.800,    13.607
    21.900,    13.623
    22.000,    13.639
    22.100,    13.654
    22.200,    13.670
    22.300,    13.685
    22.400,    13.700
    22.500,    13.715
    22.600,    13.730
    22.700,    13.745
    22.800,    13.760
    22.900,    13.774
    23.000,    13.789
    23.100,    13.804
    23.200,    13.818
    23.300,    13.832
    23.400,    13.846
    23.500,    13.860
    23.600,    13.874
    23.700,    13.888
    23.800,    13.902
    23.900,    13.916
    24.000,    13.929
    24.100,    13.943
    24.200,    13.956
    24.300,    13.969
    24.400,    13.983
    24.500,    13.996
    24.600,    14.009
    24.700,    14.022
    24.800,    14.035
    24.900,    14.047
    25.000,    14.060
    25.100,    14.073
    25.200,    14.085
    25.300,    14.098
    25.400,    14.110
    25.500,    14.122
    25.600,    14.134
    25.700,    14.146
    25.800,    14.158
    25.900,    14.170
    26.000,    14.182
    26.100,    14.194
    26.200,    14.206
    26.300,    14.217
    26.400,    14.229
    26.500,    14.240
    26.600,    14.251
    26.700,    14.263
    26.800,    14.274
    26.900,    14.285
    27.000,    14.296
    27.100,    14.307
    27.200,    14.318
    27.300,    14.329
    27.400,    14.340
    27.500,    14.350
    27.600,    14.361
    27.700,    14.371
    27.800,    14.382
    27.900,    14.392
    28.000,    14.402
    28.100,    14.413
    28.200,    14.423
    28.300,    14.433
    28.400,    14.443
    28.500,    14.453
    28.600,    14.463
    28.700,    14.473
    28.800,    14.482
    28.900,    14.492
    29.000,    14.502
    29.100,    14.511
    29.200,    14.521
    29.300,    14.530
    29.400,    14.540
    29.500,    14.549
    29.600,    14.558
    29.700,    14.567
    29.800,    14.576
    29.900,    14.586
    30.000,    14.595
    30.100,    14.603
    30.200,    14.612
    30.300,    14.621
    30.400,    14.630
    30.500,    14.639
    30.600,    14.647
    30.700,    14.656
    30.800,    14.664
    30.900,    14.673
    31.000,    14.681
    31.100,    14.689
    31.200,    14.698
    31.300,    14.706
    31.400,    14.714
    31.500,    14.722
    31.600,    14.730
    31.700,    14.738
    31.800,    14.746
    31.900,    14.754
    32.000,    14.762
    32.100,    14.770
    32.200,    14.778
    32.300,    14.785
    32.400,    14.793
    32.500,    14.800
    32.600,    14.808
    32.700,    14.815
    32.800,    14.823
    32.900,    14.830
    33.000,    14.838
    33.100,    14.845
    33.200,    14.852
    33.300,    14.859
    33.400,    14.866
    33.500,    14.873
    33.600,    14.880
    33.700,    14.887
    33.800,    14.894
    33.900,    14.901
    34.000,    14.908
    34.100,    14.915
    34.200,    14.922
    34.300,    14.928
    34.400,    14.935
    34.500,    14.942
    34.600,    14.948
    34.700,    14.955
    34.800,    14.961
    34.900,    14.968
    35.000,    14.974
    35.100,    14.980
    35.200,    14.987
    35.300,    14.993
    35.400,    14.999
    35.500,    15.005
    35.600,    15.011
    35.700,    15.017
    35.800,    15.024
    35.900,    15.030
    36.000,    15.035
    36.100,    15.041
    36.200,    15.047
    36.300,    15.053
    36.400,    15.059
    36.500,    15.065
    36.600,    15.070
    36.700,    15.076
    36.800,    15.082
    36.900,    15.087
    37.000,    15.093
    37.100,    15.099
    37.200,    15.104
    37.300,    15.109
    37.400,    15.115
    37.500,    15.120
    37.600,    15.126
    37.700,    15.131
    37.800,    15.136
    37.900,    15.141
    38.000,    15.147
    38.100,    15.152
    38.200,    15.157
    38.300,    15.162
    38.400,    15.167
    38.500,    15.172
    38.600,    15.177
    38.700,    15.182
    38.800,    15.187
    38.900,    15.192
    39.000,    15.197
    39.100,    15.202
    39.200,    15.206
    39.300,    15.211
    39.400,    15.216
    39.500,    15.221
    39.600,    15.225
    39.700,    15.230
    39.800,    15.235
    39.900,    15.239
    40.000,    15.244
    40.100,    15.248
    40.200,    15.253
    40.300,    15.257
    40.400,    15.262
    40.500,    15.266
    40.600,    15.270
    40.700,    15.275
    40.800,    15.279
    40.900,    15.283
    41.000,    15.287
    41.100,    15.292
    41.200,    15.296
    41.300,    15.300
    41.400,    15.304
    41.500,    15.308
    41.600,    15.312
    41.700,    15.316
    41.800,    15.320
    41.900,    15.324
    42.000,    15.328
    42.100,    15.332
    42.200,    15.336
    42.300,    15.340
    42.400,    15.344
    42.500,    15.348
    42.600,    15.352
    42.700,    15.355
    42.800,    15.359
    42.900,    15.363
    43.000,    15.367
    43.100,    15.370
    43.200,    15.374
    43.300,    15.378
    43.400,    15.381
    43.500,    15.385
    43.600,    15.388
    43.700,    15.392
    43.800,    15.395
    43.900,    15.399
    44.000,    15.402
    44.100,    15.406
    44.200,    15.409
    44.300,    15.413
    44.400,    15.416
    44.500,    15.419
    44.600,    15.423
    44.700,    15.426
    44.800,    15.429
    44.900,    15.432
    45.000,    15.436
    45.100,    15.439
    45.200,    15.442
    45.300,    15.445
    45.400,    15.448
    45.500,    15.451
    45.600,    15.455
    45.700,    15.458
    45.800,    15.461
    45.900,    15.464
    46.000,    15.467
    46.100,    15.470
    46.200,    15.473
    46.300,    15.476
    46.400,    15.479
    46.500,    15.482
    46.600,    15.484
    46.700,    15.487
    46.800,    15.490
    46.900,    15.493
    47.000,    15.496
    47.100,    15.499
    47.200,    15.501
    47.300,    15.504
    47.400,    15.507
    47.500,    15.510
    47.600,    15.512
    47.700,    15.515
    47.800,    15.518
    47.900,    15.520
    48.000,    15.523
    48.100,    15.526
    48.200,    15.528
    48.300,    15.531
    48.400,    15.533
    48.500,    15.536
    48.600,    15.538
    48.700,    15.541
    48.800,    15.544
    48.900,    15.546
    49.000,    15.548
    49.100,    15.551
    49.200,    15.553
    49.300,    15.556
    49.400,    15.558
    49.500,    15.561
    49.600,    15.563
    49.700,    15.565
    49.800,    15.568
    49.900,    15.570
    50.000,    15.572
    50.100,    15.574
    50.200,    15.577
    50.300,    15.579
    50.400,    15.581
    50.500,    15.583
    50.600,    15.586
    50.700,    15.588
    50.800,    15.590
    50.900,    15.592
    51.000,    15.594
    51.100,    15.596
    51.200,    15.599
    51.300,    15.601
    51.400,    15.603
    51.500,    15.605
    51.600,    15.607
    51.700,    15.609
    51.800,    15.611
    51.900,    15.613
    52.000,    15.615
    52.100,    15.617
    52.200,    15.619
    52.300,    15.621
    52.400,    15.623
    52.500,    15.625
    52.600,    15.627
    52.700,    15.629
    52.800,    15.631
    52.900,    15.633
    53.000,    15.634
    53.100,    15.636
    53.200,    15.638
    53.300,    15.640
    53.400,    15.642
    53.500,    15.644
    53.600,    15.645
    53.700,    15.647
    53.800,    15.649
    53.900,    15.651
    54.000,    15.653
    54.100,    15.654
    54.200,    15.656
    54.300,    15.658
    54.400,    15.659
    54.500,    15.661
    54.600,    15.663
    54.700,    15.664
    54.800,    15.666
    54.900,    15.668
    55.000,    15.669
    55.100,    15.671
    55.200,    15.673
    55.300,    15.674
    55.400,    15.676
    55.500,    15.677
    55.600,    15.679
    55.700,    15.681
    55.800,    15.682
    55.900,    15.684
    56.000,    15.685
    56.100,    15.687
    56.200,    15.688
    56.300,    15.690
    56.400,    15.691
    56.500,    15.693
    56.600,    15.694
    56.700,    15.696
    56.800,    15.697
    56.900,    15.699
    57.000,    15.700
    57.100,    15.701
    57.200,    15.703
    57.300,    15.704
    57.400,    15.706
    57.500,    15.707
    57.600,    15.708
    57.700,    15.710
    57.800,    15.711
    57.900,    15.712
    58.000,    15.714
    58.100,    15.715
    58.200,    15.716
    58.300,    15.718
    58.400,    15.719
    58.500,    15.720
    58.600,    15.722
    58.700,    15.723
    58.800,    15.724
    58.900,    15.725
    59.000,    15.727
    59.100,    15.728
    59.200,    15.729
    59.300,    15.730
    59.400,    15.731
    59.500,    15.733
    59.600,    15.734
    59.700,    15.735
    59.800,    15.736
    59.900,    15.737
    60.000,    15.739
    60.100,    15.740
    60.200,    15.741
    60.300,    15.742
    60.400,    15.743
    60.500,    15.744
    60.600,    15.745
    60.700,    15.747
    60.800,    15.748
    60.900,    15.749
    61.000,    15.750
    61.100,    15.751
    61.200,    15.752
    61.300,    15.753
    61.400,    15.754
    61.500,    15.755
    61.600,    15.756
    61.700,    15.757
    61.800,    15.758
    61.900,    15.759
    62.000,    15.760
    62.100,    15.761
    62.200,    15.762
    62.300,    15.763
    62.400,    15.764
    62.500,    15.765
    62.600,    15.766
    62.700,    15.767
    62.800,    15.768
    62.900,    15.769
    63.000,    15.770
    63.100,    15.771
    63.200,    15.772
    63.300,    15.773
    63.400,    15.774
    63.500,    15.775
    63.600,    15.776
    63.700,    15.777
    63.800,    15.778
    63.900,    15.778
    64.000,    15.779
    64.100,    15.780
    64.200,    15.781
    64.300,    15.782
    64.400,    15.783
    64.500,    15.784
    64.600,    15.785
    64.700,    15.785
    64.800,    15.786
    64.900,    15.787
    65.000,    15.788
    65.100,    15.789
    65.200,    15.790
    65.300,    15.790
    65.400,    15.791
    65.500,    15.792
    65.600,    15.793
    65.700,    15.794
    65.800,    15.794
    65.900,    15.795
    66.000,    15.796
    66.100,    15.797
    66.200,    15.797
    66.300,    15.798
    66.400,    15.799
    66.500,    15.800
    66.600,    15.800
    66.700,    15.801
    66.800,    15.802
    66.900,    15.803
    67.000,    15.803
    67.100,    15.804
    67.200,    15.805
    67.300,    15.805
    67.400,    15.806
    67.500,    15.807
    67.600,    15.808
    67.700,    15.808
    67.800,    15.809
    67.900,    15.810
    68.000,    15.810
    68.100,    15.811
    68.200,    15.812
    68.300,    15.812
    68.400,    15.813
    68.500,    15.814
    68.600,    15.814
    68.700,    15.815
    68.800,    15.816
    68.900,    15.816
    69.000,    15.817
    69.100,    15.817
    69.200,    15.818
    69.300,    15.819
    69.400,    15.819
    69.500,    15.820
    69.600,    15.821
    69.700,    15.821
    69.800,    15.822
    69.900,    15.822
    70.000,    15.823
    70.100,    15.824
    70.200,    15.824
    70.300,    15.825
    70.400,    15.825
    70.500,    15.826
    70.600,    15.826
    70.700,    15.827
    70.800,    15.828
    70.900,    15.828
    71.000,    15.829
    71.100,    15.829
    71.200,    15.830
    71.300,    15.830
    71.400,    15.831
    71.500,    15.831
    71.600,    15.832
    71.700,    15.832
    71.800,    15.833
    71.900,    15.833
    72.000,    15.834
    72.100,    15.834
    72.200,    15.835
    72.300,    15.835
    72.400,    15.836
    72.500,    15.836
    72.600,    15.837
    72.700,    15.837
    72.800,    15.838
    72.900,    15.838
    73.000,    15.839
    73.100,    15.839
    73.200,    15.840
    73.300,    15.840
    73.400,    15.841
    73.500,    15.841
    73.600,    15.842
    73.700,    15.842
    73.800,    15.843
    73.900,    15.843
    74.000,    15.844
    74.100,    15.844
    74.200,    15.844
    74.300,    15.845
    74.400,    15.845
    74.500,    15.846
    74.600,    15.846
    74.700,    15.847
    74.800,    15.847
    74.900,    15.847
    75.000,    15.848
    75.100,    15.848
    75.200,    15.849
    75.300,    15.849
    75.400,    15.850
    75.500,    15.850
    75.600,    15.850
    75.700,    15.851
    75.800,    15.851
    75.900,    15.852
    76.000,    15.852
    76.100,    15.852
    76.200,    15.853
    76.300,    15.853
    76.400,    15.854
    76.500,    15.854
    76.600,    15.854
    76.700,    15.855
    76.800,    15.855
    76.900,    15.855
    77.000,    15.856
    77.100,    15.856
    77.200,    15.856
    77.300,    15.857
    77.400,    15.857
    77.500,    15.858
    77.600,    15.858
    77.700,    15.858
    77.800,    15.859
    77.900,    15.859
    78.000,    15.859
    78.100,    15.860
    78.200,    15.860
    78.300,    15.860
    78.400,    15.861
    78.500,    15.861
    78.600,    15.861
    78.700,    15.862
    78.800,    15.862
    78.900,    15.862
    79.000,    15.863
    79.100,    15.863
    79.200,    15.863
    79.300,    15.864
    79.400,    15.864
    79.500,    15.864
    79.600,    15.864
    79.700,    15.865
    79.800,    15.865
    79.900,    15.865
    80.000,    15.866
    80.100,    15.866
    80.200,    15.866
    80.300,    15.867
    80.400,    15.867
    80.500,    15.867
    80.600,    15.867
    80.700,    15.868
    80.800,    15.868
    80.900,    15.868
    81.000,    15.869
    81.100,    15.869
    81.200,    15.869
    81.300,    15.869
    81.400,    15.870
    81.500,    15.870
    81.600,    15.870
    81.700,    15.870
    81.800,    15.871
    81.900,    15.871
    82.000,    15.871
    82.100,    15.872
    82.200,    15.872
    82.300,    15.872
    82.400,    15.872
    82.500,    15.873
    82.600,    15.873
    82.700,    15.873
    82.800,    15.873
    82.900,    15.874
    83.000,    15.874
    83.100,    15.874
    83.200,    15.874
    83.300,    15.875
    83.400,    15.875
    83.500,    15.875
    83.600,    15.875
    83.700,    15.875
    83.800,    15.876
    83.900,    15.876
    84.000,    15.876
    84.100,    15.876
    84.200,    15.877
    84.300,    15.877
    84.400,    15.877
    84.500,    15.877
    84.600,    15.877
    84.700,    15.878
    84.800,    15.878
    84.900,    15.878
    85.000,    15.878
    85.100,    15.879
    85.200,    15.879
    85.300,    15.879
    85.400,    15.879
    85.500,    15.879
    85.600,    15.880
    85.700,    15.880
    85.800,    15.880
    85.900,    15.880
    86.000,    15.880
    86.100,    15.881
    86.200,    15.881
    86.300,    15.881
    86.400,    15.881
    86.500,    15.881
    86.600,    15.882
    86.700,    15.882
    86.800,    15.882
    86.900,    15.882
    87.000,    15.882
    87.100,    15.883
    87.200,    15.883
    87.300,    15.883
    87.400,    15.883
    87.500,    15.883
    87.600,    15.883
    87.700,    15.884
    87.800,    15.884
    87.900,    15.884
    88.000,    15.884
    88.100,    15.884
    88.200,    15.884
    88.300,    15.885
    88.400,    15.885
    88.500,    15.885
    88.600,    15.885
    88.700,    15.885
    88.800,    15.885
    88.900,    15.886
    89.000,    15.886
    89.100,    15.886
    89.200,    15.886
    89.300,    15.886
    89.400,    15.886
    89.500,    15.887
    89.600,    15.887
    89.700,    15.887
    89.800,    15.887
    89.900,    15.887
    90.000,    15.887
    90.100,    15.888
    90.200,    15.888
    90.300,    15.888
    90.400,    15.888
    90.500,    15.888
    90.600,    15.888
    90.700,    15.888
    90.800,    15.889
    90.900,    15.889
    91.000,    15.889
    91.100,    15.889
    91.200,    15.889
    91.300,    15.889
    91.400,    15.889
    91.500,    15.890
    91.600,    15.890
    91.700,    15.890
    91.800,    15.890
    91.900,    15.890
    92.000,    15.890
    92.100,    15.890
    92.200,    15.890
    92.300,    15.891
    92.400,    15.891
    92.500,    15.891
    92.600,    15.891
    92.700,    15.891
    92.800,    15.891
    92.900,    15.891
    93.000,    15.891
    93.100,    15.892
    93.200,    15.892
    93.300,    15.892
    93.400,    15.892
    93.500,    15.892
    93.600,    15.892
    93.700,    15.892
    93.800,    15.892
    93.900,    15.893
    94.000,    15.893
    94.100,    15.893
    94.200,    15.893
    94.300,    15.893
    94.400,    15.893
    94.500,    15.893
    94.600,    15.893
    94.700,    15.893
    94.800,    15.894
    94.900,    15.894
    95.000,    15.894
    95.100,    15.894
    95.200,    15.894
    95.300,    15.894
    95.400,    15.894
    95.500,    15.894
    95.600,    15.894
    95.700,    15.895
    95.800,    15.895
    95.900,    15.895
    96.000,    15.895
    96.100,    15.895
    96.200,    15.895
    96.300,    15.895
    96.400,    15.895
    96.500,    15.895
    96.600,    15.895
    96.700,    15.896
    96.800,    15.896
    96.900,    15.896
    97.000,    15.896
    97.100,    15.896
    97.200,    15.896
    97.300,    15.896
    97.400,    15.896
    97.500,    15.896
    97.600,    15.896
    97.700,    15.896
    97.800,    15.897
    97.900,    15.897
    98.000,    15.897
    98.100,    15.897
    98.200,    15.897
    98.300,    15.897
    98.400,    15.897
    98.500,    15.897
    98.600,    15.897
    98.700,    15.897
    98.800,    15.897
    98.900,    15.897
    99.000,    15.898
    99.100,    15.898
    99.200,    15.898
    99.300,    15.898
    99.400,    15.898
    99.500,    15.898
    99.600,    15.898
    99.700,    15.898
    99.800,    15.898
    99.900,    15.898
   100.000,    15.898
   100.100,    15.898
   100.200,    15.898
   100.300,    15.899
   100.400,    15.899
   100.500,    15.899
   100.600,    15.899
   100.700,    15.899
   100.800,    15.899
   100.900,    15.899
   101.000,    15.899
   101.100,    15.899
   101.200,    15.899
   101.300,    15.899
   101.400,    15.899
   101.500,    15.899
   101.600,    15.899
   101.700,    15.900
   101.800,    15.900
   101.900,    15.900
   102.000,    15.900
   102.100,    15.900
   102.200,    15.900
   102.300,    15.900
   102.400,    15.900
   102.500,    15.900
   102.600,    15.900
   102.700,    15.900
   102.800,    15.900
   102.900,    15.900
   103.000,    15.900
   103.100,    15.900
   103.200,    15.901
   103.300,    15.901
   103.400,    15.901
   103.500,    15.901
   103.600,    15.901
   103.700,    15.901
   103.800,    15.901
   103.900,    15.901
   104.000,    15.901
   104.100,    15.901
   104.200,    15.901
   104.300,    15.901
   104.400,    15.901
   104.500,    15.901
   104.600,    15.901
   104.700,    15.901
   104.800,    15.901
   104.900,    15.902
   105.000,    15.902
   105.100,    15.902
   105.200,    15.902
   105.300,    15.902
   105.400,    15.902
   105.500,    15.902
   105.600,    15.902
   105.700,    15.902
   105.800,    15.902
   105.900,    15.902
   106.000,    15.902
   106.100,    15.902
   106.200,    15.902
   106.300,    15.902
   106.400,    15.902
   106.500,    15.902
   106.600,    15.902
   106.700,    15.902
   106.800,    15.903
   106.900,    15.903
   107.000,    15.903
   107.100,    15.903
   107.200,    15.903
   107.300,    15.903
   107.400,    15.903
   107.500,    15.903
   107.600,    15.903
   107.700,    15.903
   107.800,    15.903
   107.900,    15.903
   108.000,    15.903
   108.100,    15.903
   108.200,    15.903
   108.300,    15.903
   108.400,    15.903
   108.500,    15.903
   108.600,    15.903
   108.700,    15.903
   108.800,    15.903
   108.900,    15.903
   109.000,    15.904
   109.100,    15.904
   109.200,    15.904
   109.300,    15.904
   109.400,    15.904
   109.500,    15.904
   109.600,    15.904
   109.700,    15.904
   109.800,    15.904
   109.900,    15.904
   110.000,    15.904
   110.100,    15.904
   110.200,    15.904
   110.300,    15.904
   110.400,    15.904
   110.500,    15.904
   110.600,    15.904
   110.700,    15.904
   110.800,    15.904
   110.900,    15.904
   111.000,    15.904
   111.100,    15.904
   111.200,    15.904
   111.300,    15.904
   111.400,    15.904
   111.500,    15.904
   111.600,    15.904
   111.700,    15.905
   111.800,    15.905
   111.900,    15.905
   112.000,    15.905
   112.100,    15.905
   112.200,    15.905
   112.300,    15.905
   112.400,    15.905
   112.500,    15.905
   112.600,    15.905
   112.700,    15.905
   112.800,    15.905
   112.900,    15.905
   113.000,    15.905
   113.100,    15.905
   113.200,    15.905
   113.300,    15.905
   113.400,    15.905
   113.500,    15.905
   113.600,    15.905
   113.700,    15.905
   113.800,    15.905
   113.900,    15.905
   114.000,    15.905
   114.100,    15.905
   114.200,    15.905
   114.300,    15.905
   114.400,    15.905
   114.500,    15.905
   114.600,    15.905
   114.700,    15.905
   114.800,    15.905
   114.900,    15.906
   115.000,    15.906
   115.100,    15.906
   115.200,    15.906
   115.300,    15.906
   115.400,    15.906
   115.500,    15.906
   115.600,    15.906
   115.700,    15.906
   115.800,    15.906
   115.900,    15.906
   116.000,    15.906
   116.100,    15.906
   116.200,    15.906
   116.300,    15.906
   116.400,    15.906
   116.500,    15.906
   116.600,    15.906
   116.700,    15.906
   116.800,    15.906
   116.900,    15.906
   117.000,    15.906
   117.100,    15.906
   117.200,    15.906
   117.300,    15.906
   117.400,    15.906
   117.500,    15.906
   117.600,    15.906
   117.700,    15.906
   117.800,    15.906
   117.900,    15.906
   118.000,    15.906
   118.100,    15.906
   118.200,    15.906
   118.300,    15.906
   118.400,    15.906
   118.500,    15.906
   118.600,    15.906
   118.700,    15.906
   118.800,    15.906
   118.900,    15.906
   119.000,    15.907
   119.100,    15.907
   119.200,    15.907
   119.300,    15.907
   119.400,    15.907
   119.500,    15.907
   119.600,    15.907
   119.700,    15.907
   119.800,    15.907
   119.900,    15.907
   120.000,    15.907
   120.100,    15.907
   120.200,    15.907
   120.300,    15.907
   120.400,    15.907
   120.500,    15.907
   120.600,    15.907
   120.700,    15.907
   120.800,    15.907
   120.900,    15.907
   121.000,    15.907
   121.100,    15.907
   121.200,    15.907
   121.300,    15.907
   121.400,    15.907
   121.500,    15.907
   121.600,    15.907
   121.700,    15.907
   121.800,    15.907
   121.900,    15.907
   122.000,    15.907
   122.100,    15.907
   122.200,    15.907
   122.300,    15.907
   122.400,    15.907
   122.500,    15.907
   122.600,    15.907
   122.700,    15.907
   122.800,    15.907
   122.900,    15.907
   123.000,    15.907
   123.100,    15.907
   123.200,    15.907
   123.300,    15.907
   123.400,    15.907
   123.500,    15.907
   123.600,    15.907
   123.700,    15.907
   123.800,    15.907
   123.900,    15.907
   124.000,    15.907
   124.100,    15.907
   124.200,    15.907
   124.300,    15.907
   124.400,    15.907
   124.500,    15.907
   124.600,    15.908
   124.700,    15.908
   124.800,    15.908
   124.900,    15.908
   125.000,    15.908
   125.100,    15.908
   125.200,    15.908
   125.300,    15.908
   125.400,    15.908
   125.500,    15.908
   125.600,    15.908
   125.700,    15.908
   125.800,    15.908
   125.900,    15.908
   126.000,    15.908
   126.100,    15.908
   126.200,    15.908
   126.300,    15.908
   126.400,    15.908
   126.500,    15.908
   126.600,    15.908
   126.700,    15.908
   126.800,    15.908
   126.900,    15.908
   127.000,    15.908
   127.100,    15.908
   127.200,    15.908
   127.300,    15.908
   127.400,    15.908
   127.500,    15.908
   127.600,    15.908
   127.700,    15.908
   127.800,    15.908
   127.900,    15.908
   128.000,    15.908
   128.100,    15.908
   128.200,    15.908
   128.300,    15.908
   128.400,    15.908
   128.500,    15.908
   128.600,    15.908
   128.700,    15.908
   128.800,    15.908
   128.900,    15.908
   129.000,    15.908
   129.100,    15.908
   129.200,    15.908
   129.300,    15.908
   129.400,    15.908
   129.500,    15.908
   129.600,    15.908
   129.700,    15.908
   129.800,    15.908
   129.900,    15.908
   130.000,    15.908
   130.100,    15.908
   130.200,    15.908
   130.300,    15.908
   130.400,    15.908
   130.500,    15.908
   130.600,    15.908
   130.700,    15.908
   130.800,    15.908
   130.900,    15.908
   131.000,    15.908
   131.100,    15.908
   131.200,    15.908
   131.300,    15.908
   131.400,    15.908
   131.500,    15.908
   131.600,    15.908
   131.700,    15.908
   131.800,    15.908
   131.900,    15.908
   132.000,    15.908
   132.100,    15.908
   132.200,    15.908
   132.300,    15.908
   132.400,    15.908
   132.500,    15.908
   132.600,    15.908
   132.700,    15.908
   132.800,    15.908
   132.900,    15.908
   133.000,    15.908
   133.100,    15.908
   133.200,    15.908
   133.300,    15.908
   133.400,    15.908
   133.500,    15.908
   133.600,    15.908
   133.700,    15.908
   133.800,    15.908
   133.900,    15.908
   134.000,    15.909
   134.100,    15.909
   134.200,    15.909
   134.300,    15.909
   134.400,    15.909
   134.500,    15.909
   134.600,    15.909
   134.700,    15.909
   134.800,    15.909
   134.900,    15.909
   135.000,    15.909
   135.100,    15.909
   135.200,    15.909
   135.300,    15.909
   135.400,    15.909
   135.500,    15.909
   135.600,    15.909
   135.700,    15.909
   135.800,    15.909
   135.900,    15.909
   136.000,    15.909
   136.100,    15.909
   136.200,    15.909
   136.300,    15.909
   136.400,    15.909
   136.500,    15.909
   136.600,    15.909
   136.700,    15.909
   136.800,    15.909
   136.900,    15.909
   137.000,    15.909
   137.100,    15.909
   137.200,    15.909
   137.300,    15.909
   137.400,    15.909
   137.500,    15.909
   137.600,    15.909
   137.700,    15.909
   137.800,    15.909
   137.900,    15.909
   138.000,    15.909
   138.100,    15.909
   138.200,    15.909
   138.300,    15.909
   138.400,    15.909
   138.500,    15.909
   138.600,    15.909
   138.700,    15.909
   138.800,    15.909
   138.900,    15.909
   139.000,    15.909
   139.100,    15.909
   139.200,    15.909
   139.300,    15.909
   139.400,    15.909
   139.500,    15.909
   139.600,    15.909
   139.700,    15.909
   139.800,    15.909
   139.900,    15.909
   140.000,    15.909
   140.100,    15.909
   140.200,    15.909
   140.300,    15.909
   140.400,    15.909
   140.500,    15.909
   140.600,    15.909
   140.700,    15.909
   140.800,    15.909
   140.900,    15.909
   141.000,    15.909
   141.100,    15.909
   141.200,    15.909
   141.300,    15.909
   141.400,    15.909
   141.500,    15.909
   141.600,    15.909
   141.700,    15.909
   141.800,    15.909
   141.900,    15.909
   142.000,    15.909
   142.100,    15.909
   142.200,    15.909
   142.300,    15.909
   142.400,    15.909
   142.500,    15.909
   142.600,    15.909
   142.700,    15.909
   142.800,    15.909
   142.900,    15.909
   143.000,    15.909
   143.100,    15.909
   143.200,    15.909
   143.300,    15.909
   143.400,    15.909
   143.500,    15.909
   143.600,    15.909
   143.700,    15.909
   143.800,    15.909
   143.900,    15.909
   144.000,    15.909
   144.100,    15.909
   144.200,    15.909
   144.300,    15.909
   144.400,    15.909
   144.500,    15.909
   144.600,    15.909
   144.700,    15.909
   144.800,    15.909
   144.900,    15.909
   145.000,    15.909
   145.100,    15.909
   145.200,    15.909
   145.300,    15.909
   145.400,    15.909
   145.500,    15.909
   145.600,    15.909
   145.700,    15.909
   145.800,    15.909
   145.900,    15.909
   146.000,    15.909
   146.100,    15.909
   146.200,    15.909
   146.300,    15.909
   146.400,    15.909
   146.500,    15.909
   146.600,    15.909
   146.700,    15.909
   146.800,    15.909
   146.900,    15.909
   147.000,    15.909
   147.100,    15.909
   147.200,    15.909
   147.300,    15.909
   147.400,    15.909
   147.500,    15.909
   147.600,    15.909
   147.700,    15.909
   147.800,    15.909
   147.900,    15.909
   148.000,    15.909
   148.100,    15.909
   148.200,    15.909
   148.300,    15.909
   148.400,    15.909
   148.500,    15.909
   148.600,    15.909
   148.700,    15.909
   148.800,    15.909
   148.900,    15.909
   149.000,    15.909
   149.100,    15.909
   149.200,    15.909
   149.300,    15.909
   149.400,    15.909
   149.500,    15.909
   149.600,    15.909
   149.700,    15.909
   149.800,    15.909
   149.900,    15.909
   150.000,    15.909
   150.100,    15.909
   150.200,    15.909
   150.300,    15.909
   150.400,    15.909
   150.500,    15.909
   150.600,    15.909
   150.700,    15.909
   150.800,    15.909
   150.900,    15.909
   151.000,    15.909
   151.100,    15.909
   151.200,    15.909
   151.300,    15.909
   151.400,    15.909
   151.500,    15.909
   151.600,    15.909
   151.700,    15.909
   151.800,    15.909
   151.900,    15.909
   152.000,    15.909
   152.100,    15.909
   152.200,    15.909
   152.300,    15.909
   152.400,    15.909
   152.500,    15.909
   152.600,    15.909
   152.700,    15.909
   152.800,    15.909
   152.900,    15.909
   153.000,    15.909
   153.100,    15.909
   153.200,    15.909
   153.300,    15.909
   153.400,    15.909
   153.500,    15.909
   153.600,    15.909
   153.700,    15.909
   153.800,    15.909
   153.900,    15.909
   154.000,    15.909
   154.100,    15.909
   154.200,    15.909
   154.300,    15.909
   154.400,    15.909
   154.500,    15.909
   154.600,    15.909
   154.700,    15.909
   154.800,    15.909
   154.900,    15.909
   155.000,    15.909
   155.100,    15.909
   155.200,    15.909
   155.300,    15.909
   155.400,    15.909
   155.500,    15.909
   155.600,    15.909
   155.700,    15.909
   155.800,    15.909
   155.900,    15.909
   156.000,    15.909
   156.100,    15.909
   156.200,    15.909
   156.300,    15.909
   156.400,    15.909
   156.500,    15.909
   156.600,    15.909
   156.700,    15.909
   156.800,    15.909
   156.900,    15.909
   157.000,    15.909
   157.100,    15.909
   157.200,    15.909
   157.300,    15.909
   157.400,    15.909
   157.500,    15.909
   157.600,    15.909
   157.700,    15.909
   157.800,    15.909
   157.900,    15.909
   158.000,    15.909
   158.100,    15.909
   158.200,    15.909
   158.300,    15.909
   158.400,    15.909
   158.500,    15.909
   158.600,    15.909
   158.700,    15.909
   158.800,    15.909
   158.900,    15.909
   159.000,    15.909
   159.100,    15.909
   159.200,    15.909
   159.300,    15.909
   159.400,    15.909
   159.500,    15.909
   159.600,    15.909
   159.700,    15.909
   159.800,    15.909
   159.900,    15.909
   160.000,    15.909
   160.100,    15.909
   160.200,    15.909
   160.300,    15.909
   160.400,    15.909
   160.500,    15.909
   160.600,    15.909
   160.700,    15.909
   160.800,    15.909
   160.900,    15.909
   161.000,    15.909
   161.100,    15.909
   161.200,    15.909
   161.300,    15.909
   161.400,    15.909
   161.500,    15.909
   161.600,    15.909
   161.700,    15.909
   161.800,    15.909
   161.900,    15.909
   162.000,    15.909
   162.100,    15.909
   162.200,    15.909
   162.300,    15.909
   162.400,    15.909
   162.500,    15.909
   162.600,    15.909
   162.700,    15.909
   162.800,    15.909
   162.900,    15.909
   163.000,    15.909
   163.100,    15.909
   163.200,    15.909
   163.300,    15.909
   163.400,    15.909
   163.500,    15.909
   163.600,    15.909
   163.700,    15.909
   163.800,    15.909
   163.900,    15.909
   164.000,    15.909
   164.100,    15.909
   164.200,    15.909
   164.300,    15.909
   164.400,    15.909
   164.500,    15.909
   164.600,    15.909
   164.700,    15.909
   164.800,    15.909
   164.900,    15.909
   165.000,    15.909
   165.100,    15.909
   165.200,    15.909
   165.300,    15.909
   165.400,    15.909
   165.500,    15.909
   165.600,    15.909
   165.700,    15.909
   165.800,    15.909
   165.900,    15.909
   166.000,    15.909
   166.100,    15.909
   166.200,    15.909
   166.300,    15.909
   166.400,    15.909
   166.500,    15.909
   166.600,    15.909
   166.700,    15.910
   166.800,    15.910
   166.900,    15.910
   167.000,    15.910
   167.100,    15.910
   167.200,    15.910
   167.300,    15.910
   167.400,    15.910
   167.500,    15.910
   167.600,    15.910
   167.700,    15.910
   167.800,    15.910
   167.900,    15.910
   168.000,    15.910
   168.100,    15.910
   168.200,    15.910
   168.300,    15.910
   168.400,    15.910
   168.500,    15.910
   168.600,    15.910
   168.700,    15.910
   168.800,    15.910
   168.900,    15.910
   169.000,    15.910
   169.100,    15.910
   169.200,    15.910
   169.300,    15.910
   169.400,    15.910
   169.500,    15.910
   169.600,    15.910
   169.700,    15.910
   169.800,    15.910
   169.900,    15.910
   170.000,    15.910
   170.100,    15.910
   170.200,    15.910
   170.300,    15.910
   170.400,    15.910
   170.500,    15.910
   170.600,    15.910
   170.700,    15.910
   170.800,    15.910
   170.900,    15.910
   171.000,    15.910
   171.100,    15.910
   171.200,    15.910
   171.300,    15.910
   171.400,    15.910
   171.500,    15.910
   171.600,    15.910
   171.700,    15.910
   171.800,    15.910
   171.900,    15.910
   172.000,    15.910
   172.100,    15.910
   172.200,    15.910
   172.300,    15.910
   172.400,    15.910
   172.500,    15.910
   172.600,    15.910
   172.700,    15.910
   172.800,    15.910
   172.900,    15.910
   173.000,    15.910
   173.100,    15.910
   173.200,    15.910
   173.300,    15.910
   173.400,    15.910
   173.500,    15.910
   173.600,    15.910
   173.700,    15.910
   173.800,    15.910
   173.900,    15.910
   174.000,    15.910
   174.100,    15.910
   174.200,    15.910
   174.300,    15.910
   174.400,    15.910
   174.500,    15.910
   174.600,    15.910
   174.700,    15.910
   174.800,    15.910
   174.900,    15.910
   175.000,    15.910
   175.100,    15.910
   175.200,    15.910
   175.300,    15.910
   175.400,    15.910
   175.500,    15.910
   175.600,    15.910
   175.700,    15.910
   175.800,    15.910
   175.900,    15.910
   176.000,    15.910
   176.100,    15.910
   176.200,    15.910
   176.300,    15.910
   176.400,    15.910
   176.500,    15.910
   176.600,    15.910
   176.700,    15.910
   176.800,    15.910
   176.900,    15.910
   177.000,    15.910
   177.100,    15.910
   177.200,    15.910
   177.300,    15.910
   177.400,    15.910
   177.500,    15.910
   177.600,    15.910
   177.700,    15.910
   177.800,    15.910
   177.900,    15.910
   178.000,    15.910
   178.100,    15.910
   178.200,    15.910
   178.300,    15.910
   178.400,    15.910
   178.500,    15.910
   178.600,    15.910
   178.700,    15.910
   178.800,    15.910
   178.900,    15.910
   179.000,    15.910
   179.100,    15.910
   179.200,    15.910
   179.300,    15.910
   179.400,    15.910
   179.500,    15.910
   179.600,    15.910
   179.700,    15.910
   179.800,    15.910
   179.900,    15.910
   180.000,    15.910
   180.100,    15.910
   180.200,    15.910
   180.300,    15.910
   180.400,    15.910
   180.500,    15.910
   180.600,    15.910
   180.700,    15.910
   180.800,    15.910
   180.900,    15.910
   181.000,    15.910
   181.100,    15.910
   181.200,    15.910
   181.300,    15.910
   181.400,    15.910
   181.500,    15.910
   181.600,    15.910
   181.700,    15.910
   181.800,    15.910
   181.900,    15.910
   182.000,    15.910
   182.100,    15.910
   182.200,    15.910
   182.300,    15.910
   182.400,    15.910
   182.500,    15.910
   182.600,    15.910
   182.700,    15.910
   182.800,    15.910
   182.900,    15.910
   183.000,    15.910
   183.100,    15.910
   183.200,    15.910
   183.300,    15.910
   183.400,    15.910
   183.500,    15.910
   183.600,    15.910
   183.700,    15.910
   183.800,    15.910
   183.900,    15.910
   184.000,    15.910
   184.100,    15.910
   184.200,    15.910
   184.300,    15.910
   184.400,    15.910
   184.500,    15.910
   184.600,    15.910
   184.700,    15.910
   184.800,    15.910
   184.900,    15.910
   185.000,    15.910
   185.100,    15.910
   185.200,    15.910
   185.300,    15.910
   185.400,    15.910
   185.500,    15.910
   185.600,    15.910
   185.700,    15.910
   185.800,    15.910
   185.900,    15.910
   186.000,    15.910
   186.100,    15.910
   186.200,    15.910
   186.300,    15.910
   186.400,    15.910
   186.500,    15.910
   186.600,    15.910
   186.700,    15.910
   186.800,    15.910
   186.900,    15.910
   187.000,    15.910
   187.100,    15.910
   187.200,    15.910
   187.300,    15.910
   187.400,    15.910
   187.500,    15.910
   187.600,    15.910
   187.700,    15.910
   187.800,    15.910
   187.900,    15.910
   188.000,    15.910
   188.100,    15.910
   188.200,    15.910
   188.300,    15.910
   188.400,    15.910
   188.500,    15.910
   188.600,    15.910
   188.700,    15.910
   188.800,    15.910
   188.900,    15.910
   189.000,    15.910
   189.100,    15.910
   189.200,    15.910
   189.300,    15.910
   189.400,    15.910
   189.500,    15.910
   189.600,    15.910
   189.700,    15.910
   189.800,    15.910
   189.900,    15.910
   190.000,    15.910
   190.100,    15.910
   190.200,    15.910
   190.300,    15.910
   190.400,    15.910
   190.500,    15.910
   190.600,    15.910
   190.700,    15.910
   190.800,    15.910
   190.900,    15.910
   191.000,    15.910
   191.100,    15.910
   191.200,    15.910
   191.300,    15.910
   191.400,    15.910
   191.500,    15.910
   191.600,    15.910
   191.700,    15.910
   191.800,    15.910
   191.900,    15.910
   192.000,    15.910
   192.100,    15.910
   192.200,    15.910
   192.300,    15.910
   192.400,    15.910
   192.500,    15.910
   192.600,    15.910
   192.700,    15.910
   192.800,    15.910
   192.900,    15.910
   193.000,    15.910
   193.100,    15.910
   193.200,    15.910
   193.300,    15.910
   193.400,    15.910
   193.500,    15.910
   193.600,    15.910
   193.700,    15.910
   193.800,    15.910
   193.900,    15.910
   194.000,    15.910
   194.100,    15.910
   194.200,    15.910
   194.300,    15.910
   194.400,    15.910
   194.500,    15.910
   194.600,    15.910
   194.700,    15.910
   194.800,    15.910
   194.900,    15.910
   195.000,    15.910
   195.100,    15.910
   195.200,    15.910
   195.300,    15.910
   195.400,    15.910
   195.500,    15.910
   195.600,    15.910
   195.700,    15.910
   195.800,    15.910
   195.900,    15.910
   196.000,    15.910
   196.100,    15.910
   196.200,    15.910
   196.300,    15.910
   196.400,    15.910
   196.500,    15.910
   196.600,    15.910
   196.700,    15.910
   196.800,    15.910
   196.900,    15.910
   197.000,    15.910
   197.100,    15.910
   197.200,    15.910
   197.300,    15.910
   197.400,    15.910
   197.500,    15.910
   197.600,    15.910
   197.700,    15.910
   197.800,    15.910
   197.900,    15.910
   198.000,    15.910
   198.100,    15.910
   198.200,    15.910
   198.300,    15.910
   198.400,    15.910
   198.500,    15.910
   198.600,    15.910
   198.700,    15.910
   198.800,    15.910
   198.900,    15.910
   199.000,    15.910
   199.100,    15.910
   199.200,    15.910
   199.300,    15.910
   199.400,    15.910
   199.500,    15.910
   199.600,    15.910
   199.700,    15.910
   199.800,    15.910
   199.900,    15.910
   200.000,    15.910
   200.100,    15.910
   200.200,    15.910
   200.300,    15.910
   200.400,    15.910
   200.500,    15.910
   200.600,    15.910
   200.700,    15.910
   200.800,    15.910
   200.900,    15.910
   201.000,    15.910
   201.100,    15.910
   201.200,    15.910
   201.300,    15.910
   201.400,    15.910
   201.500,    15.910
   201.600,    15.910
   201.700,    15.910
   201.800,    15.910
   201.900,    15.910
   202.000,    15.910
   202.100,    15.910
   202.200,    15.910
   202.300,    15.910
   202.400,    15.910
   202.500,    15.910
   202.600,    15.910
   202.700,    15.910
   202.800,    15.910
   202.900,    15.910
   203.000,    15.910
   203.100,    15.910
   203.200,    15.910
   203.300,    15.910
   203.400,    15.910
   203.500,    15.910
   203.600,    15.910
   203.700,    15.910
   203.800,    15.910
   203.900,    15.910
   204.000,    15.910
   204.100,    15.910
   204.200,    15.910
   204.300,    15.910
   204.400,    15.910
   204.500,    15.910
   204.600,    15.910
   204.700,    15.910
   204.800,    15.910
   204.900,    15.910
   205.000,    15.910
   205.100,    15.910
   205.200,    15.910
   205.300,    15.910
   205.400,    15.910
   205.500,    15.910
   205.600,    15.910
   205.700,    15.910
   205.800,    15.910
   205.900,    15.910
   206.000,    15.910
   206.100,    15.910
   206.200,    15.910
   206.300,    15.910
   206.400,    15.910
   206.500,    15.910
   206.600,    15.910
   206.700,    15.910
   206.800,    15.910
   206.900,    15.910
   207.000,    15.910
   207.100,    15.910
   207.200,    15.910
   207.300,    15.910
   207.400,    15.910
   207.500,    15.910
   207.600,    15.910
   207.700,    15.910
   207.800,    15.910
   207.900,    15.910
   208.000,    15.910
   208.100,    15.910
   208.200,    15.910
   208.300,    15.910
   208.400,    15.910
   208.500,    15.910
   208.600,    15.910
   208.700,    15.910
   208.800,    15.910
   208.900,    15.910
   209.000,    15.910
   209.100,    15.910
   209.200,    15.910
   209.300,    15.910
   209.400,    15.910
   209.500,    15.910
   209.600,    15.910
   209.700,    15.910
   209.800,    15.910
   209.900,    15.910
   210.000,    15.910
   210.100,    15.910
   210.200,    15.910
   210.300,    15.910
   210.400,    15.910
   210.500,    15.910
   210.600,    15.910
   210.700,    15.910
   210.800,    15.910
   210.900,    15.910
   211.000,    15.910
   211.100,    15.910
   211.200,    15.910
   211.300,    15.910
   211.400,    15.910
   211.500,    15.910
   211.600,    15.910
   211.700,    15.910
   211.800,    15.910
   211.900,    15.910
   212.000,    15.910
   212.100,    15.910
   212.200,    15.910
   212.300,    15.910
   212.400,    15.910
   212.500,    15.910
   212.600,    15.910
   212.700,    15.910
   212.800,    15.910
   212.900,    15.910
   213.000,    15.910
   213.100,    15.910
   213.200,    15.910
   213.300,    15.910
   213.400,    15.910
   213.500,    15.910
   213.600,    15.910
   213.700,    15.910
   213.800,    15.910
   213.900,    15.910
   214.000,    15.910
   214.100,    15.910
   214.200,    15.910
   214.300,    15.910
   214.400,    15.910
   214.500,    15.910
   214.600,    15.910
   214.700,    15.910
   214.800,    15.910
   214.900,    15.910
   215.000,    15.910
   215.100,    15.910
   215.200,    15.910
   215.300,    15.910
   215.400,    15.910
   215.500,    15.910
   215.600,    15.910
   215.700,    15.910
   215.800,    15.910
   215.900,    15.910
   216.000,    15.910
   216.100,    15.910
   216.200,    15.910
   216.300,    15.910
   216.400,    15.910
   216.500,    15.910
   216.600,    15.910
   216.700,    15.910
   216.800,    15.910
   216.900,    15.910
   217.000,    15.910
   217.100,    15.910
   217.200,    15.910
   217.300,    15.910
   217.400,    15.910
   217.500,    15.910
   217.600,    15.910
   217.700,    15.910
   217.800,    15.910
   217.900,    15.910
   218.000,    15.910
   218.100,    15.910
   218.200,    15.910
   218.300,    15.910
   218.400,    15.910
   218.500,    15.910
   218.600,    15.910
   218.700,    15.910
   218.800,    15.910
   218.900,    15.910
   219.000,    15.910
   219.100,    15.910
   219.200,    15.910
   219.300,    15.910
   219.400,    15.910
   219.500,    15.910
   219.600,    15.910
   219.700,    15.910
   219.800,    15.910
   219.900,    15.910
   220.000,    15.910
   220.100,    15.910
   220.200,    15.910
   220.300,    15.910
   220.400,    15.910
   220.500,    15.910
   220.600,    15.910
   220.700,    15.910
   220.800,    15.910
   220.900,    15.910
   221.000,    15.910
   221.100,    15.910
   221.200,    15.910
   221.300,    15.910
   221.400,    15.910
   221.500,    15.910
   221.600,    15.910
   221.700,    15.910
   221.800,    15.910
   221.900,    15.910
   222.000,    15.910
   222.100,    15.910
   222.200,    15.910
   222.300,    15.910
   222.400,    15.910
   222.500,    15.910
   222.600,    15.910
   222.700,    15.910
   222.800,    15.910
   222.900,    15.910
   223.000,    15.910
   223.100,    15.910
   223.200,    15.910
   223.300,    15.910
   223.400,    15.910
   223.500,    15.910
   223.600,    15.910
   223.700,    15.910
   223.800,    15.910
   223.900,    15.910
   224.000,    15.910
   224.100,    15.910
   224.200,    15.910
   224.300,    15.910
   224.400,    15.910
   224.500,    15.910
   224.600,    15.910
   224.700,    15.910
   224.800,    15.910
   224.900,    15.910
   225.000,    15.910
   225.100,    15.910
   225.200,    15.910
   225.300,    15.910
   225.400,    15.910
   225.500,    15.910
   225.600,    15.910
   225.700,    15.910
   225.800,    15.910
   225.900,    15.910
   226.000,    15.910
   226.100,    15.910
   226.200,    15.910
   226.300,    15.910
   226.400,    15.910
   226.500,    15.910
   226.600,    15.910
   226.700,    15.910
   226.800,    15.910
   226.900,    15.910
   227.000,    15.910
   227.100,    15.910
   227.200,    15.910
   227.300,    15.910
   227.400,    15.910
   227.500,    15.910
   227.600,    15.910
   227.700,    15.910
   227.800,    15.910
   227.900,    15.910
   228.000,    15.910
   228.100,    15.910
   228.200,    15.910
   228.300,    15.910
   228.400,    15.910
   228.500,    15.910
   228.600,    15.910
   228.700,    15.910
   228.800,    15.910
   228.900,    15.910
   229.000,    15.910
   229.100,    15.910
   229.200,    15.910
   229.300,    15.910
   229.400,    15.910
   229.500,    15.910
   229.600,    15.910
   229.700,    15.910
   229.800,    15.910
   229.900,    15.910
   230.000,    15.910
   230.100,    15.910
   230.200,    15.910
   230.300,    15.910
   230.400,    15.910
   230.500,    15.910
   230.600,    15.910
   230.700,    15.910
   230.800,    15.910
   230.900,    15.910
   231.000,    15.910
   231.100,    15.910
   231.200,    15.910
   231.300,    15.910
   231.400,    15.910
   231.500,    15.910
   231.600,    15.910
   231.700,    15.910
   231.800,    15.910
   231.900,    15.910
   232.000,    15.910
   232.100,    15.910
   232.200,    15.910
   232.300,    15.910
   232.400,    15.910
   232.500,    15.910
   232.600,    15.910
   232.700,    15.910
   232.800,    15.910
   232.900,    15.910
   233.000,    15.910
   233.100,    15.910
   233.200,    15.910
   233.300,    15.910
   233.400,    15.910
   233.500,    15.910
   233.600,    15.910
   233.700,    15.910
   233.800,    15.910
   233.900,    15.910
   234.000,    15.910
   234.100,    15.910
   234.200,    15.910
   234.300,    15.910
   234.400,    15.910
   234.500,    15.910
   234.600,    15.910
   234.700,    15.910
   234.800,    15.910
   234.900,    15.910
   235.000,    15.910
   235.100,    15.910
   235.200,    15.910
   235.300,    15.910
   235.400,    15.910
   235.500,    15.910
   235.600,    15.910
   235.700,    15.910
   235.800,    15.910
   235.900,    15.910
   236.000,    15.910
   236.100,    15.910
   236.200,    15.910
   236.300,    15.910
   236.400,    15.910
   236.500,    15.910
   236.600,    15.910
   236.700,    15.910
   236.800,    15.910
   236.900,    15.910
   237.000,    15.910
   237.100,    15.910
   237.200,    15.910
   237.300,    15.910
   237.400,    15.910
   237.500,    15.910
   237.600,    15.910
   237.700,    15.910
   237.800,    15.910
   237.900,    15.910
   238.000,    15.910
   238.100,    15.910
   238.200,    15.910
   238.300,    15.910
   238.400,    15.910
   238.500,    15.910
   238.600,    15.910
   238.700,    15.910
   238.800,    15.910
   238.900,    15.910
   239.000,    15.910
   239.100,    15.910
   239.200,    15.910
   239.300,    15.910
   239.400,    15.910
   239.500,    15.910
   239.600,    15.910
   239.700,    15.910
   239.800,    15.910
   239.900,    15.910
   240.000,    15.910
   240.100,    15.910
   240.200,    15.910
   240.300,    15.910
   240.400,    15.910
   240.500,    15.910
   240.600,    15.910
   240.700,    15.910
   240.800,    15.910
   240.900,    15.910
   241.000,    15.910
   241.100,    15.910
   241.200,    15.910
   241.300,    15.910
   241.400,    15.910
   241.500,    15.910
   241.600,    15.910
   241.700,    15.910
   241.800,    15.910
   241.900,    15.910
   242.000,    15.910
   242.100,    15.910
   242.200,    15.910
   242.300,    15.910
   242.400,    15.910
   242.500,    15.910
   242.600,    15.910
   242.700,    15.910
   242.800,    15.910
   242.900,    15.910
   243.000,    15.910
   243.100,    15.910
   243.200,    15.910
   243.300,    15.910
   243.400,    15.910
   243.500,    15.910
   243.600,    15.910
   243.700,    15.910
   243.800,    15.910
   243.900,    15.910
   244.000,    15.910
   244.100,    15.910
   244.200,    15.910
   244.300,    15.910
   244.400,    15.910
   244.500,    15.910
   244.600,    15.910
   244.700,    15.910
   244.800,    15.910
   244.900,    15.910
   245.000,    15.910
   245.100,    15.910
   245.200,    15.910
   245.300,    15.910
   245.400,    15.910
   245.500,    15.910
   245.600,    15.910
   245.700,    15.910
   245.800,    15.910
   245.900,    15.910
   246.000,    15.910
   246.100,    15.910
   246.200,    15.910
   246.300,    15.910
   246.400,    15.910
   246.500,    15.910
   246.600,    15.910
   246.700,    15.910
   246.800,    15.910
   246.900,    15.910
   247.000,    15.910
   247.100,    15.910
   247.200,    15.910
   247.300,    15.910
   247.400,    15.910
   247.500,    15.910
   247.600,    15.910
   247.700,    15.910
   247.800,    15.910
   247.900,    15.910
   248.000,    15.910
   248.100,    15.910
   248.200,    15.910
   248.300,    15.910
   248.400,    15.910
   248.500,    15.910
   248.600,    15.910
   248.700,    15.910
   248.800,    15.910
   248.900,    15.910
   249.000,    15.910
   249.100,    15.910
   249.200,    15.910
   249.300,    15.910
   249.400,    15.910
   249.500,    15.910
   249.600,    15.910
   249.700,    15.910
   249.800,    15.910
   249.900,    15.910
   250.000,    15.910
   250.100,    15.910
   250.200,    15.910
   250.300,    15.910
   250.400,    15.910
   250.500,    15.910
   250.600,    15.910
   250.700,    15.910
   250.800,    15.910
   250.900,    15.910
   251.000,    15.910
   251.100,    15.910
   251.200,    15.910
   251.300,    15.910
   251.400,    15.910
   251.500,    15.910
   251.600,    15.910
   251.700,    15.910
   251.800,    15.910
   251.900,    15.910
   252.000,    15.910
   252.100,    15.910
   252.200,    15.910
   252.300,    15.910
   252.400,    15.910
   252.500,    15.910
   252.600,    15.910
   252.700,    15.910
   252.800,    15.910
   252.900,    15.910
   253.000,    15.910
   253.100,    15.910
   253.200,    15.910
   253.300,    15.910
   253.400,    15.910
   253.500,    15.910
   253.600,    15.910
   253.700,    15.910
   253.800,    15.910
   253.900,    15.910
   254.000,    15.910
   254.100,    15.910
   254.200,    15.910
   254.300,    15.910
   254.400,    15.910
   254.500,    15.910
   254.600,    15.910
   254.700,    15.910
   254.800,    15.910
   254.900,    15.910
   255.000,    15.910
   255.100,    15.910
   255.200,    15.910
   255.300,    15.910
   255.400,    15.910
   255.500,    15.910
   255.600,    15.910
   255.700,    15.910
   255.800,    15.910
   255.900,    15.910
   256.000,    15.910
   256.100,    15.910
   256.200,    15.910
   256.300,    15.910
   256.400,    15.910
   256.500,    15.910
   256.600,    15.910
   256.700,    15.910
   256.800,    15.910
   256.900,    15.910
   257.000,    15.910
   257.100,    15.910
   257.200,    15.910
   257.300,    15.910
   257.400,    15.910
   257.500,    15.910
   257.600,    15.910
   257.700,    15.910
   257.800,    15.910
   257.900,    15.910
   258.000,    15.910
   258.100,    15.910
   258.200,    15.910
   258.300,    15.910
   258.400,    15.910
   258.500,    15.910
   258.600,    15.910
   258.700,    15.910
   258.800,    15.910
   258.900,    15.910
   259.000,    15.910
   259.100,    15.910
   259.200,    15.910
   259.300,    15.910
   259.400,    15.910
   259.500,    15.910
   259.600,    15.910
   259.700,    15.910
   259.800,    15.910
   259.900,    15.910
   260.000,    15.910
   260.100,    15.910
   260.200,    15.910
   260.300,    15.910
   260.400,    15.910
   260.500,    15.910
   260.600,    15.910
   260.700,    15.910
   260.800,    15.910
   260.900,    15.910
   261.000,    15.910
   261.100,    15.910
   261.200,    15.910
   261.300,    15.910
   261.400,    15.910
   261.500,    15.910
   261.600,    15.910
   261.700,    15.910
   261.800,    15.910
   261.900,    15.910
   262.000,    15.910
   262.100,    15.910
   262.200,    15.910
   262.300,    15.910
   262.400,    15.910
   262.500,    15.910
   262.600,    15.910
   262.700,    15.910
   262.800,    15.910
   262.900,    15.910
   263.000,    15.910
   263.100,    15.910
   263.200,    15.910
   263.300,    15.910
   263.400,    15.910
   263.500,    15.910
   263.600,    15.910
   263.700,    15.910
   263.800,    15.910
   263.900,    15.910
   264.000,    15.910
   264.100,    15.910
   264.200,    15.910
   264.300,    15.910
   264.400,    15.910
   264.500,    15.910
   264.600,    15.910
   264.700,    15.910
   264.800,    15.910
   264.900,    15.910
   265.000,    15.910
   265.100,    15.910
   265.200,    15.910
   265.300,    15.910
   265.400,    15.910
   265.500,    15.910
   265.600,    15.910
   265.700,    15.910
   265.800,    15.910
   265.900,    15.910
   266.000,    15.910
   266.100,    15.910
   266.200,    15.910
   266.300,    15.910
   266.400,    15.910
   266.500,    15.910
   266.600,    15.910
   266.700,    15.910
   266.800,    15.910
   266.900,    15.910
   267.000,    15.910
   267.100,    15.910
   267.200,    15.910
   267.300,    15.910
   267.400,    15.910
   267.500,    15.910
   267.600,    15.910
   267.700,    15.910
   267.800,    15.910
   267.900,    15.910
   268.000,    15.910
   268.100,    15.910
   268.200,    15.910
   268.300,    15.910
   268.400,    15.910
   268.500,    15.910
   268.600,    15.910
   268.700,    15.910
   268.800,    15.910
   268.900,    15.910
   269.000,    15.910
   269.100,    15.910
   269.200,    15.910
   269.300,    15.910
   269.400,    15.910
   269.500,    15.910
   269.600,    15.910
   269.700,    15.910
   269.800,    15.910
   269.900,    15.910
   270.000,    15.910
   270.100,    15.910
   270.200,    15.910
   270.300,    15.910
   270.400,    15.910
   270.500,    15.910
   270.600,    15.910
   270.700,    15.910
   270.800,    15.910
   270.900,    15.910
   271.000,    15.910
   271.100,    15.910
   271.200,    15.910
   271.300,    15.910
   271.400,    15.910
   271.500,    15.910
   271.600,    15.910
   271.700,    15.910
   271.800,    15.910
   271.900,    15.910
   272.000,    15.910
   272.100,    15.910
   272.200,    15.910
   272.300,    15.910
   272.400,    15.910
   272.500,    15.910
   272.600,    15.910
   272.700,    15.910
   272.800,    15.910
   272.900,    15.910
   273.000,    15.910
   273.100,    15.910
   273.200,    15.910
   273.300,    15.910
   273.400,    15.910
   273.500,    15.910
   273.600,    15.910
   273.700,    15.910
   273.800,    15.910
   273.900,    15.910
   274.000,    15.910
   274.100,    15.910
   274.200,    15.910
   274.300,    15.910
   274.400,    15.910
   274.500,    15.910
   274.600,    15.910
   274.700,    15.910
   274.800,    15.910
   274.900,    15.910
   275.000,    15.910
   275.100,    15.910
   275.200,    15.910
   275.300,    15.910
   275.400,    15.910
   275.500,    15.910
   275.600,    15.910
   275.700,    15.910
   275.800,    15.910
   275.900,    15.910
   276.000,    15.910
   276.100,    15.910
   276.200,    15.910
   276.300,    15.910
   276.400,    15.910
   276.500,    15.910
   276.600,    15.910
   276.700,    15.910
   276.800,    15.910
   276.900,    15.910
   277.000,    15.910
   277.100,    15.910
   277.200,    15.910
   277.300,    15.910
   277.400,    15.910
   277.500,    15.910
   277.600,    15.910
   277.700,    15.910
   277.800,    15.910
   277.900,    15.910
   278.000,    15.910
   278.100,    15.910
   278.200,    15.910
   278.300,    15.910
   278.400,    15.910
   278.500,    15.910
   278.600,    15.910
   278.700,    15.910
   278.800,    15.910
   278.900,    15.910
   279.000,    15.910
   279.100,    15.910
   279.200,    15.910
   279.300,    15.910
   279.400,    15.910
   279.500,    15.910
   279.600,    15.910
   279.700,    15.910
   279.800,    15.910
   279.900,    15.910
   280.000,    15.910
   280.100,    15.910
   280.200,    15.910
   280.300,    15.910
   280.400,    15.910
   280.500,    15.910
   280.600,    15.910
   280.700,    15.910
   280.800,    15.910
   280.900,    15.910
   281.000,    15.910
   281.100,    15.910
   281.200,    15.910
   281.300,    15.910
   281.400,    15.910
   281.500,    15.910
   281.600,    15.910
   281.700,    15.910
   281.800,    15.910
   281.900,    15.910
   282.000,    15.910
   282.100,    15.910
   282.200,    15.910
   282.300,    15.910
   282.400,    15.910
   282.500,    15.910
   282.600,    15.910
   282.700,    15.910
   282.800,    15.910
   282.900,    15.910
   283.000,    15.910
   283.100,    15.910
   283.200,    15.910
   283.300,    15.910
   283.400,    15.910
   283.500,    15.910
   283.600,    15.910
   283.700,    15.910
   283.800,    15.910
   283.900,    15.910
   284.000,    15.910
   284.100,    15.910
   284.200,    15.910
   284.300,    15.910
   284.400,    15.910
   284.500,    15.910
   284.600,    15.910
   284.700,    15.910
   284.800,    15.910
   284.900,    15.910
   285.000,    15.910
   285.100,    15.910
   285.200,    15.910
   285.300,    15.910
   285.400,    15.910
   285.500,    15.910
   285.600,    15.910
   285.700,    15.910
   285.800,    15.910
   285.900,    15.910
   286.000,    15.910
   286.100,    15.910
   286.200,    15.910
   286.300,    15.910
   286.400,    15.910
   286.500,    15.910
   286.600,    15.910
   286.700,    15.910
   286.800,    15.910
   286.900,    15.910
   287.000,    15.910
   287.100,    15.910
   287.200,    15.910
   287.300,    15.910
   287.400,    15.910
   287.500,    15.910
   287.600,    15.910
   287.700,    15.910
   287.800,    15.910
   287.900,    15.910
   288.000,    15.910
   288.100,    15.910
   288.200,    15.910
   288.300,    15.910
   288.400,    15.910
   288.500,    15.910
   288.600,    15.910
   288.700,    15.910
   288.800,    15.910
   288.900,    15.910
   289.000,    15.910
   289.100,    15.910
   289.200,    15.910
   289.300,    15.910
   289.400,    15.910
   289.500,    15.910
   289.600,    15.910
   289.700,    15.910
   289.800,    15.910
   289.900,    15.910
   290.000,    15.910
   290.100,    15.910
   290.200,    15.910
   290.300,    15.910
   290.400,    15.910
   290.500,    15.910
   290.600,    15.910
   290.700,    15.910
   290.800,    15.910
   290.900,    15.910
   291.000,    15.910
   291.100,    15.910
   291.200,    15.910
   291.300,    15.910
   291.400,    15.910
   291.500,    15.910
   291.600,    15.910
   291.700,    15.910
   291.800,    15.910
   291.900,    15.910
   292.000,    15.910
   292.100,    15.910
   292.200,    15.910
   292.300,    15.910
   292.400,    15.910
   292.500,    15.910
   292.600,    15.910
   292.700,    15.910
   292.800,    15.910
   292.900,    15.910
   293.000,    15.910
   293.100,    15.910
   293.200,    15.910
   293.300,    15.910
   293.400,    15.910
   293.500,    15.910
   293.600,    15.910
   293.700,    15.910
   293.800,    15.910
   293.900,    15.910
   294.000,    15.910
   294.100,    15.910
   294.200,    15.910
   294.300,    15.910
   294.400,    15.910
   294.500,    15.910
   294.600,    15.910
   294.700,    15.910
   294.800,    15.910
   294.900,    15.910
   295.000,    15.910
   295.100,    15.910
   295.200,    15.910
   295.300,    15.910
   295.400,    15.910
   295.500,    15.910
   295.600,    15.910
   295.700,    15.910
   295.800,    15.910
   295.900,    15.910
   296.000,    15.910
   296.100,    15.910
   296.200,    15.910
   296.300,    15.910
   296.400,    15.910
   296.500,    15.910
   296.600,    15.910
   296.700,    15.910
   296.800,    15.910
   296.900,    15.910
   297.000,    15.910
   297.100,    15.910
   297.200,    15.910
   297.300,    15.910
   297.400,    15.910
   297.500,    15.910
   297.600,    15.910
   297.700,    15.910
   297.800,    15.910
   297.900,    15.910
   298.000,    15.910
   298.100,    15.910
   298.200,    15.910
   298.300,    15.910
   298.400,    15.910
   298.500,    15.910
   298.600,    15.910
   298.700,    15.910
   298.800,    15.910
   298.900,    15.910
   299.000,    15.910
   299.100,    15.910
   299.200,    15.910
   299.300,    15.910
   299.400,    15.910
   299.500,    15.910
   299.600,    15.910
   299.700,    15.910
   299.800,    15.910
