     0.000,     4.000
     0.100,     4.143
     0.200,     4.281
     0.300,     4.414
     0.400,     4.544
     0.500,     4.669
     0.600,     4.792
     0.700,     4.911
     0.800,     5.027
     0.900,     5.141
     1.000,     5.252
     1.100,     5.361
     1.200,     5.468
     1.300,     5.572
     1.400,     5.675
     1.500,     5.775
     1.600,     5.874
     1.700,     5.972
     1.800,     6.067
     1.900,     6.162
     2.000,     6.254
     2.100,     6.346
     2.200,     6.436
     2.300,     6.524
     2.400,     6.612
     2.500,     6.698
     2.600,     6.784
     2.700,     6.868
     2.800,     6.951
     2.900,     7.033
     3.000,     7.115
     3.100,     7.195
     3.200,     7.274
     3.300,     7.353
     3.400,     7.431
     3.500,     7.508
     3.600,     7.584
     3.700,     7.659
     3.800,     7.734
     3.900,     7.808
     4.000,     7.881
     4.100,     7.953
     4.200,     8.025
     4.300,     8.096
     4.400,     8.167
     4.500,     8.237
     4.600,     8.306
     4.700,     8.375
     4.800,     8.443
     4.900,     8.511
     5.000,     8.578
     5.100,     8.645
     5.200,     8.711
     5.300,     8.776
     5.400,     8.841
     5.500,     8.906
     5.600,     8.970
     5.700,     9.034
     5.800,     9.097
     5.900,     9.160
     6.000,     9.222
     6.100,     9.284
     6.200,     9.346
     6.300,     9.407
     6.400,     9.468
     6.500,     9.528
     6.600,     9.588
     6.700,     9.648
     6.800,     9.707
     6.900,     9.766
     7.000,     9.824
     7.100,     9.883
     7.200,     9.940
     7.300,     9.998
     7.400,    10.055
     7.500,    10.112
     7.600,    10.168
     7.700,    10.225
     7.800,    10.280
     7.900,    10.336
     8.000,    10.391
     8.100,    10.446
     8.200,    10.501
     8.300,    10.555
     8.400,    10.610
     8.500,    10.663
     8.600,    10.717
     8.700,    10.770
     8.800,    10.823
     8.900,    10.876
     9.000,    10.929
     9.100,    10.981
     9.200,    11.033
     9.300,    11.085
     9.400,    11.136
     9.500,    11.188
     9.600,    11.239
     9.700,    11.290
     9.800,    11.340
     9.900,    11.391
    10.000,    11.441
    10.100,    11.491
    10.200,    11.540
    10.300,    11.590
    10.400,    11.639
    10.500,    11.688
    10.600,    11.737
    10.700,    11.786
    10.800,    11.834
    10.900,    11.883
    11.000,    11.931
    11.100,    11.979
    11.200,    12.026
    11.300,    12.074
    11.400,    12.121
    11.500,    12.168
    11.600,    12.215
    11.700,    12.262
    11.800,    12.309
    11.900,    12.355
    12.000,    12.401
    12.100,    12.447
    12.200,    12.493
    12.300,    12.539
    12.400,    12.585
    12.500,    12.630
    12.600,    12.675
    12.700,    12.720
    12.800,    12.765
    12.900,    12.810
    13.000,    12.855
    13.100,    12.899
    13.200,    12.943
    13.300,    12.988
    13.400,    13.032
    13.500,    13.075
    13.600,    13.119
    13.700,    13.163
    13.800,    13.206
    13.900,    13.249
    14.000,    13.293
    14.100,    13.336
    14.200,    13.378
    14.300,    13.421
    14.400,    13.464
    14.500,    13.506
    14.600,    13.548
    14.700,    13.591
    14.800,    13.633
    14.900,    13.675
    15.000,    13.716
    15.100,    13.758
    15.200,    13.800
    15.300,    13.841
    15.400,    13.882
    15.500,    13.923
    15.600,    13.964
    15.700,    14.005
    15.800,    14.046
    15.900,    14.087
    16.000,    14.127
    16.100,    14.168
    16.200,    14.208
    16.300,    14.248
    16.400,    14.288
    16.500,    14.328
    16.600,    14.368
    16.700,    14.408
    16.800,    14.448
    16.900,    14.487
    17.000,    14.527
    17.100,    14.566
    17.200,    14.605
    17.300,    14.644
    17.400,    14.683
    17.500,    14.722
    17.600,    14.761
    17.700,    14.800
    17.800,    14.839
    17.900,    14.877
    18.000,    14.915
    18.100,    14.954
    18.200,    14.992
    18.300,    15.030
    18.400,    15.068
    18.500,    15.106
    18.600,    15.144
    18.700,    15.182
    18.800,    15.219
    18.900,    15.257
    19.000,    15.294
    19.100,    15.332
    19.200,    15.369
    19.300,    15.406
    19.400,    15.443
    19.500,    15.480
    19.600,    15.517
    19.700,    15.554
    19.800,    15.591
    19.900,    15.627
    20.000,    15.664
    20.100,    15.700
    20.200,    15.737
    20.300,    15.773
    20.400,    15.809
    20.500,    15.845
    20.600,    15.881
    20.700,    15.917
    20.800,    15.953
    20.900,    15.989
    21.000,    16.025
    21.100,    16.061
    21.200,    16.096
    21.300,    16.132
    21.400,    16.167
    21.500,    16.202
    21.600,    16.238
    21.700,    16.273
    21.800,    16.308
    21.900,    16.343
    22.000,    16.378
    22.100,    16.413
    22.200,    16.448
    22.300,    16.482
    22.400,    16.517
    22.500,    16.552
    22.600,    16.586
    22.700,    16.621
    22.800,    16.655
    22.900,    16.689
    23.000,    16.724
    23.100,    16.758
    23.200,    16.792
    23.300,    16.826
    23.400,    16.860
    23.500,    16.894
    23.600,    16.928
    23.700,    16.961
    23.800,    16.995
    23.900,    17.029
    24.000,    17.062
    24.100,    17.096
    24.200,    17.129
    24.300,    17.163
    24.400,    17.196
    24.500,    17.229
    24.600,    17.262
    24.700,    17.295
    24.800,    17.328
    24.900,    17.361
    25.000,    17.394
    25.100,    17.427
    25.200,    17.460
    25.300,    17.493
    25.400,    17.525
    25.500,    17.558
    25.600,    17.590
    25.700,    17.623
    25.800,    17.655
    25.900,    17.688
    26.000,    17.720
    26.100,    17.752
    26.200,    17.784
    26.300,    17.817
    26.400,    17.849
    26.500,    17.881
    26.600,    17.913
    26.700,    17.945
    26.800,    17.976
    26.900,    18.008
    27.000,    18.040
    27.100,    18.072
    27.200,    18.103
    27.300,    18.135
    27.400,    18.166
    27.500,    18.198
    27.600,    18.229
    27.700,    18.260
    27.800,    18.292
    27.900,    18.323
    28.000,    18.354
    28.100,    18.385
    28.200,    18.416
    28.300,    18.447
    28.400,    18.478
    28.500,    18.509
    28.600,    18.540
    28.700,    18.571
    28.800,    18.602
    28.900,    18.632
    29.000,    18.663
    29.100,    18.694
    29.200,    18.724
    29.300,    18.755
    29.400,    18.785
    29.500,    18.816
    29.600,    18.846
    29.700,    18.876
    29.800,    18.907
    29.900,    18.937
    30.000,    18.967
    30.100,    18.997
    30.200,    19.027
    30.300,    19.057
    30.400,    19.087
    30.500,    19.117
    30.600,    19.147
    30.700,    19.177
    30.800,    19.207
    30.900,    19.237
    31.000,    19.266
    31.100,    19.296
    31.200,    19.326
    31.300,    19.355
    31.400,    19.385
    31.500,    19.414
    31.600,    19.444
    31.700,    19.473
    31.800,    19.502
    31.900,    19.532
    32.000,    19.561
    32.100,    19.590
    32.200,    19.619
    32.300,    19.648
    32.400,    19.677
    32.500,    19.706
    32.600,    19.735
    32.700,    19.764
    32.800,    19.793
    32.900,    19.822
    33.000,    19.851
    33.100,    19.880
    33.200,    19.909
    33.300,    19.937
    33.400,    19.966
    33.500,    19.995
    33.600,    20.023
    33.700,    20.052
    33.800,    20.080
    33.900,    20.109
    34.000,    20.137
    34.100,    20.165
    34.200,    20.194
    34.300,    20.222
    34.400,    20.250
    34.500,    20.279
    34.600,    20.307
    34.700,    20.335
    34.800,    20.363
    34.900,    20.391
    35.000,    20.419
    35.100,    20.447
    35.200,    20.475
    35.300,    20.503
    35.400,    20.531
    35.500,    20.559
    35.600,    20.586
    35.700,    20.614
    35.800,    20.642
    35.900,    20.670
    36.000,    20.697
    36.100,    20.725
    36.200,    20.752
    36.300,    20.780
    36.400,    20.807
    36.500,    20.835
    36.600,    20.862
    36.700,    20.890
    36.800,    20.917
    36.900,    20.944
    37.000,    20.972
    37.100,    20.999
    37.200,    21.026
    37.300,    21.053
    37.400,    21.080
    37.500,    21.108
    37.600,    21.135
    37.700,    21.162
    37.800,    21.189
    37.900,    21.216
    38.000,    21.243
    38.100,    21.269
    38.200,    21.296
    38.300,    21.323
    38.400,    21.350
    38.500,    21.377
    38.600,    21.403
    38.700,    21.430
    38.800,    21.457
    38.900,    21.483
    39.000,    21.510
    39.100,    21.537
    39.200,    21.563
    39.300,    21.590
    39.400,    21.616
    39.500,    21.643
    39.600,    21.669
    39.700,    21.695
    39.800,    21.722
    39.900,    21.748
    40.000,    21.774
    40.100,    21.800
    40.200,    21.827
    40.300,    21.853
    40.400,    21.879
    40.500,    21.905
    40.600,    21.931
    40.700,    21.957
    40.800,    21.983
    40.900,    22.009
    41.000,    22.035
    41.100,    22.061
    41.200,    22.087
    41.300,    22.113
    41.400,    22.139
    41.500,    22.165
    41.600,    22.190
    41.700,    22.216
    41.800,    22.242
    41.900,    22.268
    42.000,    22.293
    42.100,    22.319
    42.200,    22.344
    42.300,    22.370
    42.400,    22.396
    42.500,    22.421
    42.600,    22.447
    42.700,    22.472
    42.800,    22.497
    42.900,    22.523
    43.000,    22.548
    43.100,    22.574
    43.200,    22.599
    43.300,    22.624
    43.400,    22.649
    43.500,    22.675
    43.600,    22.700
    43.700,    22.725
    43.800,    22.750
    43.900,    22.775
    44.000,    22.800
    44.100,    22.825
    44.200,    22.850
    44.300,    22.875
    44.400,    22.900
    44.500,    22.925
    44.600,    22.950
    44.700,    22.975
    44.800,    23.000
    44.900,    23.025
    45.000,    23.050
    45.100,    23.075
    45.200,    23.099
    45.300,    23.124
    45.400,    23.149
    45.500,    23.173
    45.600,    23.198
    45.700,    23.223
    45.800,    23.247
    45.900,    23.272
    46.000,    23.296
    46.100,    23.321
    46.200,    23.346
    46.300,    23.370
    46.400,    23.394
    46.500,    23.419
    46.600,    23.443
    46.700,    23.468
    46.800,    23.492
    46.900,    23.516
    47.000,    23.541
    47.100,    23.565
    47.200,    23.589
    47.300,    23.613
    47.400,    23.638
    47.500,    23.662
    47.600,    23.686
    47.700,    23.710
    47.800,    23.734
    47.900,    23.758
    48.000,    23.782
    48.100,    23.806
    48.200,    23.830
    48.300,    23.854
    48.400,    23.878
    48.500,    23.902
    48.600,    23.926
    48.700,    23.950
    48.800,    23.974
    48.900,    23.998
    49.000,    24.021
    49.100,    24.045
    49.200,    24.069
    49.300,    24.093
    49.400,    24.116
    49.500,    24.140
    49.600,    24.164
    49.700,    24.187
    49.800,    24.211
    49.900,    24.235
    50.000,    24.258
    50.100,    24.282
    50.200,    24.305
    50.300,    24.329
    50.400,    24.352
    50.500,    24.376
    50.600,    24.399
    50.700,    24.423
    50.800,    24.446
    50.900,    24.469
    51.000,    24.493
    51.100,    24.516
    51.200,    24.539
    51.300,    24.563
    51.400,    24.586
    51.500,    24.609
    51.600,    24.632
    51.700,    24.656
    51.800,    24.679
    51.900,    24.702
    52.000,    24.725
    52.100,    24.748
    52.200,    24.771
    52.300,    24.794
    52.400,    24.817
    52.500,    24.840
    52.600,    24.863
    52.700,    24.886
    52.800,    24.909
    52.900,    24.932
    53.000,    24.955
    53.100,    24.978
    53.200,    25.001
    53.300,    25.024
    53.400,    25.047
    53.500,    25.070
    53.600,    25.092
    53.700,    25.115
    53.800,    25.138
    53.900,    25.161
    54.000,    25.183
    54.100,    25.206
    54.200,    25.229
    54.300,    25.251
    54.400,    25.274
    54.500,    25.297
    54.600,    25.319
    54.700,    25.342
    54.800,    25.364
    54.900,    25.387
    55.000,    25.409
    55.100,    25.432
    55.200,    25.454
    55.300,    25.477
    55.400,    25.499
    55.500,    25.522
    55.600,    25.544
    55.700,    25.566
    55.800,    25.589
    55.900,    25.611
    56.000,    25.633
    56.100,    25.656
    56.200,    25.678
    56.300,    25.700
    56.400,    25.722
    56.500,    25.745
    56.600,    25.767
    56.700,    25.789
    56.800,    25.811
    56.900,    25.833
    57.000,    25.855
    57.100,    25.877
    57.200,    25.900
    57.300,    25.922
    57.400,    25.944
    57.500,    25.966
    57.600,    25.988
    57.700,    26.010
    57.800,    26.032
    57.900,    26.054
    58.000,    26.076
    58.100,    26.097
    58.200,    26.119
    58.300,    26.141
    58.400,    26.163
    58.500,    26.185
    58.600,    26.207
    58.700,    26.229
    58.800,    26.250
    58.900,    26.272
    59.000,    26.294
    59.100,    26.316
    59.200,    26.337
    59.300,    26.359
    59.400,    26.381
    59.500,    26.402
    59.600,    26.424
    59.700,    26.446
    59.800,    26.467
    59.900,    26.489
    60.000,    26.510
    60.100,    26.532
    60.200,    26.553
    60.300,    26.575
    60.400,    26.596
    60.500,    26.618
    60.600,    26.639
    60.700,    26.661
    60.800,    26.682
    60.900,    26.704
    61.000,    26.725
    61.100,    26.747
    61.200,    26.768
    61.300,    26.789
    61.400,    26.811
    61.500,    26.832
    61.600,    26.853
    61.700,    26.874
    61.800,    26.896
    61.900,    26.917
    62.000,    26.938
    62.100,    26.959
    62.200,    26.981
    62.300,    27.002
    62.400,    27.023
    62.500,    27.044
    62.600,    27.065
    62.700,    27.086
    62.800,    27.107
    62.900,    27.129
    63.000,    27.150
    63.100,    27.171
    63.200,    27.192
    63.300,    27.213
    63.400,    27.234
    63.500,    27.255
    63.600,    27.276
    63.700,    27.297
    63.800,    27.317
    63.900,    27.338
    64.000,    27.359
    64.100,    27.380
    64.200,    27.401
    64.300,    27.422
    64.400,    27.443
    64.500,    27.464
    64.600,    27.484
    64.700,    27.505
    64.800,    27.526
    64.900,    27.547
    65.000,    27.567
    65.100,    27.588
    65.200,    27.609
    65.300,    27.630
    65.400,    27.650
    65.500,    27.671
    65.600,    27.692
    65.700,    27.712
    65.800,    27.733
    65.900,    27.753
    66.000,    27.774
    66.100,    27.795
    66.200,    27.815
    66.300,    27.836
    66.400,    27.856
    66.500,    27.877
    66.600,    27.897
    66.700,    27.918
    66.800,    27.938
    66.900,    27.959
    67.000,    27.979
    67.100,    28.000
    67.200,    28.020
    67.300,    28.040
    67.400,    28.061
    67.500,    28.081
    67.600,    28.101
    67.700,    28.122
    67.800,    28.142
    67.900,    28.162
    68.000,    28.183
    68.100,    28.203
    68.200,    28.223
    68.300,    28.243
    68.400,    28.264
    68.500,    28.284
    68.600,    28.304
    68.700,    28.324
    68.800,    28.344
    68.900,    28.365
    69.000,    28.385
    69.100,    28.405
    69.200,    28.425
    69.300,    28.445
    69.400,    28.465
    69.500,    28.485
    69.600,    28.505
    69.700,    28.525
    69.800,    28.545
    69.900,    28.565
    70.000,    28.585
    70.100,    28.605
    70.200,    28.625
    70.300,    28.645
    70.400,    28.665
    70.500,    28.685
    70.600,    28.705
    70.700,    28.725
    70.800,    28.745
    70.900,    28.765
    71.000,    28.785
    71.100,    28.805
    71.200,    28.824
    71.300,    28.844
    71.400,    28.864
    71.500,    28.884
    71.600,    28.904
    71.700,    28.923
    71.800,    28.943
    71.900,    28.963
    72.000,    28.983
    72.100,    29.002
    72.200,    29.022
    72.300,    29.042
    72.400,    29.061
    72.500,    29.081
    72.600,    29.101
    72.700,    29.120
    72.800,    29.140
    72.900,    29.160
    73.000,    29.179
    73.100,    29.199
    73.200,    29.218
    73.300,    29.238
    73.400,    29.257
    73.500,    29.277
    73.600,    29.297
    73.700,    29.316
    73.800,    29.336
    73.900,    29.355
    74.000,    29.374
    74.100,    29.394
    74.200,    29.413
    74.300,    29.433
    74.400,    29.452
    74.500,    29.472
    74.600,    29.491
    74.700,    29.510
    74.800,    29.530
    74.900,    29.549
    75.000,    29.568
    75.100,    29.588
    75.200,    29.607
    75.300,    29.626
    75.400,    29.646
    75.500,    29.665
    75.600,    29.684
    75.700,    29.703
    75.800,    29.723
    75.900,    29.742
    76.000,    29.761
    76.100,    29.780
    76.200,    29.799
    76.300,    29.819
    76.400,    29.838
    76.500,    29.857
    76.600,    29.876
    76.700,    29.895
    76.800,    29.914
    76.900,    29.933
    77.000,    29.953
    77.100,    29.972
    77.200,    29.991
    77.300,    30.010
    77.400,    30.029
    77.500,    30.048
    77.600,    30.067
    77.700,    30.086
    77.800,    30.105
    77.900,    30.124
    78.000,    30.143
    78.100,    30.162
    78.200,    30.181
    78.300,    30.200
    78.400,    30.219
    78.500,    30.237
    78.600,    30.256
    78.700,    30.275
    78.800,    30.294
    78.900,    30.313
    79.000,    30.332
    79.100,    30.351
    79.200,    30.369
    79.300,    30.388
    79.400,    30.407
    79.500,    30.426
    79.600,    30.445
    79.700,    30.463
    79.800,    30.482
    79.900,    30.501
    80.000,    30.520
    80.100,    30.538
    80.200,    30.557
    80.300,    30.576
    80.400,    30.595
    80.500,    30.613
    80.600,    30.632
    80.700,    30.651
    80.800,    30.669
    80.900,    30.688
    81.000,    30.706
    81.100,    30.725
    81.200,    30.744
    81.300,    30.762
    81.400,    30.781
    81.500,    30.799
    81.600,    30.818
    81.700,    30.836
    81.800,    30.855
    81.900,    30.873
    82.000,    30.892
    82.100,    30.911
    82.200,    30.929
    82.300,    30.947
    82.400,    30.966
    82.500,    30.984
    82.600,    31.003
    82.700,    31.021
    82.800,    31.040
    82.900,    31.058
    83.000,    31.076
    83.100,    31.095
    83.200,    31.113
    83.300,    31.132
    83.400,    31.150
    83.500,    31.168
    83.600,    31.187
    83.700,    31.205
    83.800,    31.223
    83.900,    31.242
    84.000,    31.260
    84.100,    31.278
    84.200,    31.296
    84.300,    31.315
    84.400,    31.333
    84.500,    31.351
    84.600,    31.369
    84.700,    31.388
    84.800,    31.406
    84.900,    31.424
    85.000,    31.442
    85.100,    31.460
    85.200,    31.479
    85.300,    31.497
    85.400,    31.515
    85.500,    31.533
    85.600,    31.551
    85.700,    31.569
    85.800,    31.587
    85.900,    31.605
    86.000,    31.623
    86.100,    31.642
    86.200,    31.660
    86.300,    31.678
    86.400,    31.696
    86.500,    31.714
    86.600,    31.732
    86.700,    31.750
    86.800,    31.768
    86.900,    31.786
    87.000,    31.804
    87.100,    31.822
    87.200,    31.840
    87.300,    31.858
    87.400,    31.876
    87.500,    31.893
    87.600,    31.911
    87.700,    31.929
    87.800,    31.947
    87.900,    31.965
    88.000,    31.983
    88.100,    32.001
    88.200,    32.019
    88.300,    32.036
    88.400,    32.054
    88.500,    32.072
    88.600,    32.090
    88.700,    32.108
    88.800,    32.126
    88.900,    32.143
    89.000,    32.161
    89.100,    32.179
    89.200,    32.197
    89.300,    32.214
    89.400,    32.232
    89.500,    32.250
    89.600,    32.268
    89.700,    32.285
    89.800,    32.303
    89.900,    32.321
    90.000,    32.338
    90.100,    32.356
    90.200,    32.374
    90.300,    32.391
    90.400,    32.409
    90.500,    32.427
    90.600,    32.444
    90.700,    32.462
    90.800,    32.479
    90.900,    32.497
    91.000,    32.515
    91.100,    32.532
    91.200,    32.550
    91.300,    32.567
    91.400,    32.585
    91.500,    32.602
    91.600,    32.620
    91.700,    32.637
    91.800,    32.655
    91.900,    32.672
    92.000,    32.690
    92.100,    32.707
    92.200,    32.725
    92.300,    32.742
    92.400,    32.760
    92.500,    32.777
    92.600,    32.795
    92.700,    32.812
    92.800,    32.830
    92.900,    32.847
    93.000,    32.864
    93.100,    32.882
    93.200,    32.899
    93.300,    32.916
    93.400,    32.934
    93.500,    32.951
    93.600,    32.969
    93.700,    32.986
    93.800,    33.003
    93.900,    33.021
    94.000,    33.038
    94.100,    33.055
    94.200,    33.072
    94.300,    33.090
    94.400,    33.107
    94.500,    33.124
    94.600,    33.141
    94.700,    33.159
    94.800,    33.176
    94.900,    33.193
    95.000,    33.210
    95.100,    33.228
    95.200,    33.245
    95.300,    33.262
    95.400,    33.279
    95.500,    33.296
    95.600,    33.313
    95.700,    33.331
    95.800,    33.348
    95.900,    33.365
    96.000,    33.382
    96.100,    33.399
    96.200,    33.416
    96.300,    33.433
    96.400,    33.450
    96.500,    33.468
    96.600,    33.485
    96.700,    33.502
    96.800,    33.519
    96.900,    33.536
    97.000,    33.553
    97.100,    33.570
    97.200,    33.587
    97.300,    33.604
    97.400,    33.621
    97.500,    33.638
    97.600,    33.655
    97.700,    33.672
    97.800,    33.689
    97.900,    33.706
    98.000,    33.723
    98.100,    33.740
    98.200,    33.757
    98.300,    33.774
    98.400,    33.790
    98.500,    33.807
    98.600,    33.824
    98.700,    33.841
    98.800,    33.858
    98.900,    33.875
    99.000,    33.892
    99.100,    33.909
    99.200,    33.926
    99.300,    33.942
    99.400,    33.959
    99.500,    33.976
    99.600,    33.993
    99.700,    34.010
    99.800,    34.026
    99.900,    34.043
   100.000,    34.060
   100.100,    34.077
   100.200,    34.094
   100.300,    34.110
   100.400,    34.127
   100.500,    34.144
   100.600,    34.161
   100.700,    34.177
   100.800,    34.194
   100.900,    34.211
   101.000,    34.227
   101.100,    34.244
   101.200,    34.261
   101.300,    34.277
   101.400,    34.294
   101.500,    34.311
   101.600,    34.327
   101.700,    34.344
   101.800,    34.361
   101.900,    34.377
   102.000,    34.394
   102.100,    34.411
   102.200,    34.427
   102.300,    34.444
   102.400,    34.460
   102.500,    34.477
   102.600,    34.494
   102.700,    34.510
   102.800,    34.527
   102.900,    34.543
   103.000,    34.560
   103.100,    34.576
   103.200,    34.593
   103.300,    34.609
   103.400,    34.626
   103.500,    34.642
   103.600,    34.659
   103.700,    34.675
   103.800,    34.692
   103.900,    34.708
   104.000,    34.725
   104.100,    34.741
   104.200,    34.758
   104.300,    34.774
   104.400,    34.791
   104.500,    34.807
   104.600,    34.823
   104.700,    34.840
   104.800,    34.856
   104.900,    34.873
   105.000,    34.889
   105.100,    34.905
   105.200,    34.922
   105.300,    34.938
   105.400,    34.954
   105.500,    34.971
   105.600,    34.987
   105.700,    35.003
   105.800,    35.020
   105.900,    35.036
   106.000,    35.052
   106.100,    35.069
   106.200,    35.085
   106.300,    35.101
   106.400,    35.118
   106.500,    35.134
   106.600,    35.150
   106.700,    35.166
   106.800,    35.183
   106.900,    35.199
   107.000,    35.215
   107.100,    35.231
   107.200,    35.248
   107.300,    35.264
   107.400,    35.280
   107.500,    35.296
   107.600,    35.312
   107.700,    35.329
   107.800,    35.345
   107.900,    35.361
   108.000,    35.377
   108.100,    35.393
   108.200,    35.409
   108.300,    35.425
   108.400,    35.442
   108.500,    35.458
   108.600,    35.474
   108.700,    35.490
   108.800,    35.506
   108.900,    35.522
   109.000,    35.538
   109.100,    35.554
   109.200,    35.570
   109.300,    35.586
   109.400,    35.603
   109.500,    35.619
   109.600,    35.635
   109.700,    35.651
   109.800,    35.667
   109.900,    35.683
   110.000,    35.699
   110.100,    35.715
   110.200,    35.731
   110.300,    35.747
   110.400,    35.763
   110.500,    35.779
   110.600,    35.795
   110.700,    35.811
   110.800,    35.827
   110.900,    35.843
   111.000,    35.858
   111.100,    35.874
   111.200,    35.890
   111.300,    35.906
   111.400,    35.922
   111.500,    35.938
   111.600,    35.954
   111.700,    35.970
   111.800,    35.986
   111.900,    36.002
   112.000,    36.018
   112.100,    36.033
   112.200,    36.049
   112.300,    36.065
   112.400,    36.081
   112.500,    36.097
   112.600,    36.113
   112.700,    36.128
   112.800,    36.144
   112.900,    36.160
   113.000,    36.176
   113.100,    36.192
   113.200,    36.207
   113.300,    36.223
   113.400,    36.239
   113.500,    36.255
   113.600,    36.271
   113.700,    36.286
   113.800,    36.302
   113.900,    36.318
   114.000,    36.333
   114.100,    36.349
   114.200,    36.365
   114.300,    36.381
   114.400,    36.396
   114.500,    36.412
   114.600,    36.428
   114.700,    36.443
   114.800,    36.459
   114.900,    36.475
   115.000,    36.490
   115.100,    36.506
   115.200,    36.522
   115.300,    36.537
   115.400,    36.553
   115.500,    36.569
   115.600,    36.584
   115.700,    36.600
   115.800,    36.616
   115.900,    36.631
   116.000,    36.647
   116.100,    36.662
   116.200,    36.678
   116.300,    36.694
   116.400,    36.709
   116.500,    36.725
   116.600,    36.740
   116.700,    36.756
   116.800,    36.771
   116.900,    36.787
   117.000,    36.802
   117.100,    36.818
   117.200,    36.833
   117.300,    36.849
   117.400,    36.864
   117.500,    36.880
   117.600,    36.895
   117.700,    36.911
   117.800,    36.926
   117.900,    36.942
   118.000,    36.957
   118.100,    36.973
   118.200,    36.988
   118.300,    37.004
   118.400,    37.019
   118.500,    37.035
   118.600,    37.050
   118.700,    37.065
   118.800,    37.081
   118.900,    37.096
   119.000,    37.112
   119.100,    37.127
   119.200,    37.142
   119.300,    37.158
   119.400,    37.173
   119.500,    37.189
   119.600,    37.204
   119.700,    37.219
   119.800,    37.235
   119.900,    37.250
   120.000,    37.265
   120.100,    37.281
   120.200,    37.296
   120.300,    37.311
   120.400,    37.327
   120.500,    37.342
   120.600,    37.357
   120.700,    37.373
   120.800,    37.388
   120.900,    37.403
   121.000,    37.418
   121.100,    37.434
   121.200,    37.449
   121.300,    37.464
   121.400,    37.479
   121.500,    37.495
   121.600,    37.510
   121.700,    37.525
   121.800,    37.540
   121.900,    37.556
   122.000,    37.571
   122.100,    37.586
   122.200,    37.601
   122.300,    37.616
   122.400,    37.632
   122.500,    37.647
   122.600,    37.662
   122.700,    37.677
   122.800,    37.692
   122.900,    37.708
   123.000,    37.723
   123.100,    37.738
   123.200,    37.753
   123.300,    37.768
   123.400,    37.783
   123.500,    37.798
   123.600,    37.813
   123.700,    37.829
   123.800,    37.844
   123.900,    37.859
   124.000,    37.874
   124.100,    37.889
   124.200,    37.904
   124.300,    37.919
   124.400,    37.934
   124.500,    37.949
   124.600,    37.964
   124.700,    37.979
   124.800,    37.994
   124.900,    38.009
   125.000,    38.025
   125.100,    38.040
   125.200,    38.055
   125.300,    38.070
   125.400,    38.085
   125.500,    38.100
   125.600,    38.115
   125.700,    38.130
   125.800,    38.145
   125.900,    38.160
   126.000,    38.175
   126.100,    38.189
   126.200,    38.204
   126.300,    38.219
   126.400,    38.234
   126.500,    38.249
   126.600,    38.264
   126.700,    38.279
   126.800,    38.294
   126.900,    38.309
   127.000,    38.324
   127.100,    38.339
   127.200,    38.354
   127.300,    38.369
   127.400,    38.384
   127.500,    38.398
   127.600,    38.413
   127.700,    38.428
   127.800,    38.443
   127.900,    38.458
   128.000,    38.473
   128.100,    38.488
   128.200,    38.502
   128.300,    38.517
   128.400,    38.532
   128.500,    38.547
   128.600,    38.562
   128.700,    38.577
   128.800,    38.591
   128.900,    38.606
   129.000,    38.621
   129.100,    38.636
   129.200,    38.651
   129.300,    38.665
   129.400,    38.680
   129.500,    38.695
   129.600,    38.710
   129.700,    38.725
   129.800,    38.739
   129.900,    38.754
   130.000,    38.769
   130.100,    38.784
   130.200,    38.798
   130.300,    38.813
   130.400,    38.828
   130.500,    38.842
   130.600,    38.857
   130.700,    38.872
   130.800,    38.887
   130.900,    38.901
   131.000,    38.916
   131.100,    38.931
   131.200,    38.945
   131.300,    38.960
   131.400,    38.975
   131.500,    38.989
   131.600,    39.004
   131.700,    39.019
   131.800,    39.033
   131.900,    39.048
   132.000,    39.062
   132.100,    39.077
   132.200,    39.092
   132.300,    39.106
   132.400,    39.121
   132.500,    39.136
   132.600,    39.150
   132.700,    39.165
   132.800,    39.179
   132.900,    39.194
   133.000,    39.209
   133.100,    39.223
   133.200,    39.238
   133.300,    39.252
   133.400,    39.267
   133.500,    39.281
   133.600,    39.296
   133.700,    39.310
   133.800,    39.325
   133.900,    39.340
   134.000,    39.354
   134.100,    39.369
   134.200,    39.383
   134.300,    39.398
   134.400,    39.412
   134.500,    39.427
   134.600,    39.441
   134.700,    39.456
   134.800,    39.470
   134.900,    39.485
   135.000,    39.499
   135.100,    39.513
   135.200,    39.528
   135.300,    39.542
   135.400,    39.557
   135.500,    39.571
   135.600,    39.586
   135.700,    39.600
   135.800,    39.615
   135.900,    39.629
   136.000,    39.643
   136.100,    39.658
   136.200,    39.672
   136.300,    39.687
   136.400,    39.701
   136.500,    39.715
   136.600,    39.730
   136.700,    39.744
   136.800,    39.759
   136.900,    39.773
   137.000,    39.787
   137.100,    39.802
   137.200,    39.816
   137.300,    39.830
   137.400,    39.845
   137.500,    39.859
   137.600,    39.873
   137.700,    39.888
   137.800,    39.902
   137.900,    39.916
   138.000,    39.931
   138.100,    39.945
   138.200,    39.959
   138.300,    39.974
   138.400,    39.988
   138.500,    40.002
   138.600,    40.017
   138.700,    40.031
   138.800,    40.045
   138.900,    40.059
   139.000,    40.074
   139.100,    40.088
   139.200,    40.102
   139.300,    40.116
   139.400,    40.131
   139.500,    40.145
   139.600,    40.159
   139.700,    40.173
   139.800,    40.188
   139.900,    40.202
   140.000,    40.216
   140.100,    40.230
   140.200,    40.244
   140.300,    40.259
   140.400,    40.273
   140.500,    40.287
   140.600,    40.301
   140.700,    40.315
   140.800,    40.329
   140.900,    40.344
   141.000,    40.358
   141.100,    40.372
   141.200,    40.386
   141.300,    40.400
   141.400,    40.414
   141.500,    40.429
   141.600,    40.443
   141.700,    40.457
   141.800,    40.471
   141.900,    40.485
   142.000,    40.499
   142.100,    40.513
   142.200,    40.527
   142.300,    40.542
   142.400,    40.556
   142.500,    40.570
   142.600,    40.584
   142.700,    40.598
   142.800,    40.612
   142.900,    40.626
   143.000,    40.640
   143.100,    40.654
   143.200,    40.668
   143.300,    40.682
   143.400,    40.696
   143.500,    40.710
   143.600,    40.724
   143.700,    40.738
   143.800,    40.752
   143.900,    40.766
   144.000,    40.780
   144.100,    40.794
   144.200,    40.808
   144.300,    40.822
   144.400,    40.836
   144.500,    40.850
   144.600,    40.864
   144.700,    40.878
   144.800,    40.892
   144.900,    40.906
   145.000,    40.920
   145.100,    40.934
   145.200,    40.948
   145.300,    40.962
   145.400,    40.976
   145.500,    40.990
   145.600,    41.004
   145.700,    41.018
   145.800,    41.032
   145.900,    41.046
   146.000,    41.060
   146.100,    41.074
   146.200,    41.088
   146.300,    41.102
   146.400,    41.115
   146.500,    41.129
   146.600,    41.143
   146.700,    41.157
   146.800,    41.171
   146.900,    41.185
   147.000,    41.199
   147.100,    41.213
   147.200,    41.226
   147.300,    41.240
   147.400,    41.254
   147.500,    41.268
   147.600,    41.282
   147.700,    41.296
   147.800,    41.310
   147.900,    41.323
   148.000,    41.337
   148.100,    41.351
   148.200,    41.365
   148.300,    41.379
   148.400,    41.393
   148.500,    41.406
   148.600,    41.420
   148.700,    41.434
   148.800,    41.448
   148.900,    41.461
   149.000,    41.475
   149.100,    41.489
   149.200,    41.503
   149.300,    41.517
   149.400,    41.530
   149.500,    41.544
   149.600,    41.558
   149.700,    41.572
   149.800,    41.585
   149.900,    41.599
   150.000,    41.613
   150.100,    41.627
   150.200,    41.640
   150.300,    41.654
   150.400,    41.668
   150.500,    41.681
   150.600,    41.695
   150.700,    41.709
   150.800,    41.723
   150.900,    41.736
   151.000,    41.750
   151.100,    41.764
   151.200,    41.777
   151.300,    41.791
   151.400,    41.805
   151.500,    41.818
   151.600,    41.832
   151.700,    41.846
   151.800,    41.859
   151.900,    41.873
   152.000,    41.887
   152.100,    41.900
   152.200,    41.914
   152.300,    41.928
   152.400,    41.941
   152.500,    41.955
   152.600,    41.968
   152.700,    41.982
   152.800,    41.996
   152.900,    42.009
   153.000,    42.023
   153.100,    42.036
   153.200,    42.050
   153.300,    42.064
   153.400,    42.077
   153.500,    42.091
   153.600,    42.104
   153.700,    42.118
   153.800,    42.132
   153.900,    42.145
   154.000,    42.159
   154.100,    42.172
   154.200,    42.186
   154.300,    42.199
   154.400,    42.213
   154.500,    42.226
   154.600,    42.240
   154.700,    42.253
   154.800,    42.267
   154.900,    42.280
   155.000,    42.294
   155.100,    42.307
   155.200,    42.321
   155.300,    42.335
   155.400,    42.348
   155.500,    42.361
   155.600,    42.375
   155.700,    42.388
   155.800,    42.402
   155.900,    42.415
   156.000,    42.429
   156.100,    42.442
   156.200,    42.456
   156.300,    42.469
   156.400,    42.483
   156.500,    42.496
   156.600,    42.510
   156.700,    42.523
   156.800,    42.537
   156.900,    42.550
   157.000,    42.563
   157.100,    42.577
   157.200,    42.590
   157.300,    42.604
   157.400,    42.617
   157.500,    42.630
   157.600,    42.644
   157.700,    42.657
   157.800,    42.671
   157.900,    42.684
   158.000,    42.697
   158.100,    42.711
   158.200,    42.724
   158.300,    42.738
   158.400,    42.751
   158.500,    42.764
   158.600,    42.778
   158.700,    42.791
   158.800,    42.804
   158.900,    42.818
   159.000,    42.831
   159.100,    42.844
   159.200,    42.858
   159.300,    42.871
   159.400,    42.884
   159.500,    42.898
   159.600,    42.911
   159.700,    42.924
   159.800,    42.938
   159.900,    42.951
   160.000,    42.964
   160.100,    42.978
   160.200,    42.991
   160.300,    43.004
   160.400,    43.018
   160.500,    43.031
   160.600,    43.044
   160.700,    43.057
   160.800,    43.071
   160.900,    43.084
   161.000,    43.097
   161.100,    43.110
   161.200,    43.124
   161.300,    43.137
   161.400,    43.150
   161.500,    43.163
   161.600,    43.177
   161.700,    43.190
   161.800,    43.203
   161.900,    43.216
   162.000,    43.230
   162.100,    43.243
   162.200,    43.256
   162.300,    43.269
   162.400,    43.282
   162.500,    43.296
   162.600,    43.309
   162.700,    43.322
   162.800,    43.335
   162.900,    43.348
   163.000,    43.362
   163.100,    43.375
   163.200,    43.388
   163.300,    43.401
   163.400,    43.414
   163.500,    43.427
   163.600,    43.441
   163.700,    43.454
   163.800,    43.467
   163.900,    43.480
   164.000,    43.493
   164.100,    43.506
   164.200,    43.519
   164.300,    43.533
   164.400,    43.546
   164.500,    43.559
   164.600,    43.572
   164.700,    43.585
   164.800,    43.598
   164.900,    43.611
   165.000,    43.624
   165.100,    43.637
   165.200,    43.651
   165.300,    43.664
   165.400,    43.677
   165.500,    43.690
   165.600,    43.703
   165.700,    43.716
   165.800,    43.729
   165.900,    43.742
   166.000,    43.755
   166.100,    43.768
   166.200,    43.781
   166.300,    43.794
   166.400,    43.807
   166.500,    43.820
   166.600,    43.833
   166.700,    43.847
   166.800,    43.860
   166.900,    43.873
   167.000,    43.886
   167.100,    43.899
   167.200,    43.912
   167.300,    43.925
   167.400,    43.938
   167.500,    43.951
   167.600,    43.964
   167.700,    43.977
   167.800,    43.990
   167.900,    44.003
   168.000,    44.016
   168.100,    44.029
   168.200,    44.042
   168.300,    44.055
   168.400,    44.068
   168.500,    44.081
   168.600,    44.093
   168.700,    44.106
   168.800,    44.119
   168.900,    44.132
   169.000,    44.145
   169.100,    44.158
   169.200,    44.171
   169.300,    44.184
   169.400,    44.197
   169.500,    44.210
   169.600,    44.223
   169.700,    44.236
   169.800,    44.249
   169.900,    44.262
   170.000,    44.275
   170.100,    44.287
   170.200,    44.300
   170.300,    44.313
   170.400,    44.326
   170.500,    44.339
   170.600,    44.352
   170.700,    44.365
   170.800,    44.378
   170.900,    44.391
   171.000,    44.403
   171.100,    44.416
   171.200,    44.429
   171.300,    44.442
   171.400,    44.455
   171.500,    44.468
   171.600,    44.481
   171.700,    44.493
   171.800,    44.506
   171.900,    44.519
   172.000,    44.532
   172.100,    44.545
   172.200,    44.558
   172.300,    44.570
   172.400,    44.583
   172.500,    44.596
   172.600,    44.609
   172.700,    44.622
   172.800,    44.635
   172.900,    44.647
   173.000,    44.660
   173.100,    44.673
   173.200,    44.686
   173.300,    44.698
   173.400,    44.711
   173.500,    44.724
   173.600,    44.737
   173.700,    44.750
   173.800,    44.762
   173.900,    44.775
   174.000,    44.788
   174.100,    44.801
   174.200,    44.813
   174.300,    44.826
   174.400,    44.839
   174.500,    44.852
   174.600,    44.864
   174.700,    44.877
   174.800,    44.890
   174.900,    44.903
   175.000,    44.915
   175.100,    44.928
   175.200,    44.941
   175.300,    44.953
   175.400,    44.966
   175.500,    44.979
   175.600,    44.992
   175.700,    45.004
   175.800,    45.017
   175.900,    45.030
   176.000,    45.042
   176.100,    45.055
   176.200,    45.068
   176.300,    45.080
   176.400,    45.093
   176.500,    45.106
   176.600,    45.118
   176.700,    45.131
   176.800,    45.144
   176.900,    45.156
   177.000,    45.169
   177.100,    45.182
   177.200,    45.194
   177.300,    45.207
   177.400,    45.220
   177.500,    45.232
   177.600,    45.245
   177.700,    45.258
   177.800,    45.270
   177.900,    45.283
   178.000,    45.295
   178.100,    45.308
   178.200,    45.321
   178.300,    45.333
   178.400,    45.346
   178.500,    45.358
   178.600,    45.371
   178.700,    45.384
   178.800,    45.396
   178.900,    45.409
   179.000,    45.421
   179.100,    45.434
   179.200,    45.447
   179.300,    45.459
   179.400,    45.472
   179.500,    45.484
   179.600,    45.497
   179.700,    45.509
   179.800,    45.522
   179.900,    45.535
   180.000,    45.547
   180.100,    45.560
   180.200,    45.572
   180.300,    45.585
   180.400,    45.597
   180.500,    45.610
   180.600,    45.622
   180.700,    45.635
   180.800,    45.647
   180.900,    45.660
   181.000,    45.672
   181.100,    45.685
   181.200,    45.697
   181.300,    45.710
   181.400,    45.722
   181.500,    45.735
   181.600,    45.747
   181.700,    45.760
   181.800,    45.772
   181.900,    45.785
   182.000,    45.797
   182.100,    45.810
   182.200,    45.822
   182.300,    45.835
   182.400,    45.847
   182.500,    45.860
   182.600,    45.872
   182.700,    45.885
   182.800,    45.897
   182.900,    45.910
   183.000,    45.922
   183.100,    45.934
   183.200,    45.947
   183.300,    45.959
   183.400,    45.972
   183.500,    45.984
   183.600,    45.997
   183.700,    46.009
   183.800,    46.021
   183.900,    46.034
   184.000,    46.046
   184.100,    46.059
   184.200,    46.071
   184.300,    46.083
   184.400,    46.096
   184.500,    46.108
   184.600,    46.121
   184.700,    46.133
   184.800,    46.145
   184.900,    46.158
   185.000,    46.170
   185.100,    46.183
   185.200,    46.195
   185.300,    46.207
   185.400,    46.220
   185.500,    46.232
   185.600,    46.244
   185.700,    46.257
   185.800,    46.269
   185.900,    46.281
   186.000,    46.294
   186.100,    46.306
   186.200,    46.319
   186.300,    46.331
   186.400,    46.343
   186.500,    46.356
   186.600,    46.368
   186.700,    46.380
   186.800,    46.392
   186.900,    46.405
   187.000,    46.417
   187.100,    46.429
   187.200,    46.442
   187.300,    46.454
   187.400,    46.466
   187.500,    46.479
   187.600,    46.491
   187.700,    46.503
   187.800,    46.516
   187.900,    46.528
   188.000,    46.540
   188.100,    46.552
   188.200,    46.565
   188.300,    46.577
   188.400,    46.589
   188.500,    46.601
   188.600,    46.614
   188.700,    46.626
   188.800,    46.638
   188.900,    46.650
   189.000,    46.663
   189.100,    46.675
   189.200,    46.687
   189.300,    46.699
   189.400,    46.712
   189.500,    46.724
   189.600,    46.736
   189.700,    46.748
   189.800,    46.761
   189.900,    46.773
   190.000,    46.785
   190.100,    46.797
   190.200,    46.809
   190.300,    46.822
   190.400,    46.834
   190.500,    46.846
   190.600,    46.858
   190.700,    46.870
   190.800,    46.883
   190.900,    46.895
   191.000,    46.907
   191.100,    46.919
   191.200,    46.931
   191.300,    46.944
   191.400,    46.956
   191.500,    46.968
   191.600,    46.980
   191.700,    46.992
   191.800,    47.004
   191.900,    47.017
   192.000,    47.029
   192.100,    47.041
   192.200,    47.053
   192.300,    47.065
   192.400,    47.077
   192.500,    47.089
   192.600,    47.102
   192.700,    47.114
   192.800,    47.126
   192.900,    47.138
   193.000,    47.150
   193.100,    47.162
   193.200,    47.174
   193.300,    47.186
   193.400,    47.199
   193.500,    47.211
   193.600,    47.223
   193.700,    47.235
   193.800,    47.247
   193.900,    47.259
   194.000,    47.271
   194.100,    47.283
   194.200,    47.295
   194.300,    47.307
   194.400,    47.319
   194.500,    47.332
   194.600,    47.344
   194.700,    47.356
   194.800,    47.368
   194.900,    47.380
   195.000,    47.392
   195.100,    47.404
   195.200,    47.416
   195.300,    47.428
   195.400,    47.440
   195.500,    47.452
   195.600,    47.464
   195.700,    47.476
   195.800,    47.488
   195.900,    47.500
   196.000,    47.512
   196.100,    47.524
   196.200,    47.536
   196.300,    47.548
   196.400,    47.560
   196.500,    47.572
   196.600,    47.584
   196.700,    47.596
   196.800,    47.608
   196.900,    47.620
   197.000,    47.632
   197.100,    47.644
   197.200,    47.656
   197.300,    47.668
   197.400,    47.680
   197.500,    47.692
   197.600,    47.704
   197.700,    47.716
   197.800,    47.728
   197.900,    47.740
   198.000,    47.752
   198.100,    47.764
   198.200,    47.776
   198.300,    47.788
   198.400,    47.800
   198.500,    47.812
   198.600,    47.824
   198.700,    47.836
   198.800,    47.848
   198.900,    47.860
   199.000,    47.872
   199.100,    47.884
   199.200,    47.896
   199.300,    47.908
   199.400,    47.920
   199.500,    47.931
   199.600,    47.943
   199.700,    47.955
   199.800,    47.967
   199.900,    47.979
   200.000,    47.991
   200.100,    48.003
   200.200,    48.015
   200.300,    48.027
   200.400,    48.039
   200.500,    48.051
   200.600,    48.062
   200.700,    48.074
   200.800,    48.086
   200.900,    48.098
   201.000,    48.110
   201.100,    48.122
   201.200,    48.134
   201.300,    48.146
   201.400,    48.157
   201.500,    48.169
   201.600,    48.181
   201.700,    48.193
   201.800,    48.205
   201.900,    48.217
   202.000,    48.229
   202.100,    48.240
   202.200,    48.252
   202.300,    48.264
   202.400,    48.276
   202.500,    48.288
   202.600,    48.300
   202.700,    48.311
   202.800,    48.323
   202.900,    48.335
   203.000,    48.347
   203.100,    48.359
   203.200,    48.371
   203.300,    48.382
   203.400,    48.394
   203.500,    48.406
   203.600,    48.418
   203.700,    48.430
   203.800,    48.441
   203.900,    48.453
   204.000,    48.465
   204.100,    48.477
   204.200,    48.489
   204.300,    48.500
   204.400,    48.512
   204.500,    48.524
   204.600,    48.536
   204.700,    48.548
   204.800,    48.559
   204.900,    48.571
   205.000,    48.583
   205.100,    48.595
   205.200,    48.606
   205.300,    48.618
   205.400,    48.630
   205.500,    48.642
   205.600,    48.653
   205.700,    48.665
   205.800,    48.677
   205.900,    48.689
   206.000,    48.700
   206.100,    48.712
   206.200,    48.724
   206.300,    48.735
   206.400,    48.747
   206.500,    48.759
   206.600,    48.771
   206.700,    48.782
   206.800,    48.794
   206.900,    48.806
   207.000,    48.818
   207.100,    48.829
   207.200,    48.841
   207.300,    48.853
   207.400,    48.864
   207.500,    48.876
   207.600,    48.888
   207.700,    48.899
   207.800,    48.911
   207.900,    48.923
   208.000,    48.934
   208.100,    48.946
   208.200,    48.958
   208.300,    48.969
   208.400,    48.981
   208.500,    48.993
   208.600,    49.004
   208.700,    49.016
   208.800,    49.028
   208.900,    49.039
   209.000,    49.051
   209.100,    49.063
   209.200,    49.074
   209.300,    49.086
   209.400,    49.098
   209.500,    49.109
   209.600,    49.121
   209.700,    49.133
   209.800,    49.144
   209.900,    49.156
   210.000,    49.167
   210.100,    49.179
   210.200,    49.191
   210.300,    49.202
   210.400,    49.214
   210.500,    49.226
   210.600,    49.237
   210.700,    49.249
   210.800,    49.260
   210.900,    49.272
   211.000,    49.284
   211.100,    49.295
   211.200,    49.307
   211.300,    49.318
   211.400,    49.330
   211.500,    49.342
   211.600,    49.353
   211.700,    49.365
   211.800,    49.376
   211.900,    49.388
   212.000,    49.399
   212.100,    49.411
   212.200,    49.423
   212.300,    49.434
   212.400,    49.446
   212.500,    49.457
   212.600,    49.469
   212.700,    49.480
   212.800,    49.492
   212.900,    49.503
   213.000,    49.515
   213.100,    49.526
   213.200,    49.538
   213.300,    49.550
   213.400,    49.561
   213.500,    49.573
   213.600,    49.584
   213.700,    49.596
   213.800,    49.607
   213.900,    49.619
   214.000,    49.630
   214.100,    49.642
   214.200,    49.653
   214.300,    49.665
   214.400,    49.676
   214.500,    49.688
   214.600,    49.699
   214.700,    49.711
   214.800,    49.722
   214.900,    49.734
   215.000,    49.745
   215.100,    49.757
   215.200,    49.768
   215.300,    49.780
   215.400,    49.791
   215.500,    49.803
   215.600,    49.814
   215.700,    49.826
   215.800,    49.837
   215.900,    49.849
   216.000,    49.860
   216.100,    49.871
   216.200,    49.883
   216.300,    49.894
   216.400,    49.906
   216.500,    49.917
   216.600,    49.929
   216.700,    49.940
   216.800,    49.952
   216.900,    49.963
   217.000,    49.974
   217.100,    49.986
   217.200,    49.997
   217.300,    50.009
   217.400,    50.020
   217.500,    50.032
   217.600,    50.043
   217.700,    50.054
   217.800,    50.066
   217.900,    50.077
   218.000,    50.089
   218.100,    50.100
   218.200,    50.112
   218.300,    50.123
   218.400,    50.134
   218.500,    50.146
   218.600,    50.157
   218.700,    50.169
   218.800,    50.180
   218.900,    50.191
   219.000,    50.203
   219.100,    50.214
   219.200,    50.225
   219.300,    50.237
   219.400,    50.248
   219.500,    50.260
   219.600,    50.271
   219.700,    50.282
   219.800,    50.294
   219.900,    50.305
   220.000,    50.316
   220.100,    50.328
   220.200,    50.339
   220.300,    50.350
   220.400,    50.362
   220.500,    50.373
   220.600,    50.384
   220.700,    50.396
   220.800,    50.407
   220.900,    50.418
   221.000,    50.430
   221.100,    50.441
   221.200,    50.452
   221.300,    50.464
   221.400,    50.475
   221.500,    50.486
   221.600,    50.498
   221.700,    50.509
   221.800,    50.520
   221.900,    50.532
   222.000,    50.543
   222.100,    50.554
   222.200,    50.566
   222.300,    50.577
   222.400,    50.588
   222.500,    50.600
   222.600,    50.611
   222.700,    50.622
   222.800,    50.633
   222.900,    50.645
   223.000,    50.656
   223.100,    50.667
   223.200,    50.679
   223.300,    50.690
   223.400,    50.701
   223.500,    50.712
   223.600,    50.724
   223.700,    50.735
   223.800,    50.746
   223.900,    50.757
   224.000,    50.769
   224.100,    50.780
   224.200,    50.791
   224.300,    50.802
   224.400,    50.814
   224.500,    50.825
   224.600,    50.836
   224.700,    50.847
   224.800,    50.859
   224.900,    50.870
   225.000,    50.881
   225.100,    50.892
   225.200,    50.904
   225.300,    50.915
   225.400,    50.926
   225.500,    50.937
   225.600,    50.948
   225.700,    50.960
   225.800,    50.971
   225.900,    50.982
   226.000,    50.993
   226.100,    51.005
   226.200,    51.016
   226.300,    51.027
   226.400,    51.038
   226.500,    51.049
   226.600,    51.061
   226.700,    51.072
   226.800,    51.083
   226.900,    51.094
   227.000,    51.105
   227.100,    51.116
   227.200,    51.128
   227.300,    51.139
   227.400,    51.150
   227.500,    51.161
   227.600,    51.172
   227.700,    51.183
   227.800,    51.195
   227.900,    51.206
   228.000,    51.217
   228.100,    51.228
   228.200,    51.239
   228.300,    51.250
   228.400,    51.262
   228.500,    51.273
   228.600,    51.284
   228.700,    51.295
   228.800,    51.306
   228.900,    51.317
   229.000,    51.328
   229.100,    51.340
   229.200,    51.351
   229.300,    51.362
   229.400,    51.373
   229.500,    51.384
   229.600,    51.395
   229.700,    51.406
   229.800,    51.417
   229.900,    51.429
   230.000,    51.440
   230.100,    51.451
   230.200,    51.462
   230.300,    51.473
   230.400,    51.484
   230.500,    51.495
   230.600,    51.506
   230.700,    51.517
   230.800,    51.528
   230.900,    51.540
   231.000,    51.551
   231.100,    51.562
   231.200,    51.573
   231.300,    51.584
   231.400,    51.595
   231.500,    51.606
   231.600,    51.617
   231.700,    51.628
   231.800,    51.639
   231.900,    51.650
   232.000,    51.661
   232.100,    51.672
   232.200,    51.683
   232.300,    51.695
   232.400,    51.706
   232.500,    51.717
   232.600,    51.728
   232.700,    51.739
   232.800,    51.750
   232.900,    51.761
   233.000,    51.772
   233.100,    51.783
   233.200,    51.794
   233.300,    51.805
   233.400,    51.816
   233.500,    51.827
   233.600,    51.838
   233.700,    51.849
   233.800,    51.860
   233.900,    51.871
   234.000,    51.882
   234.100,    51.893
   234.200,    51.904
   234.300,    51.915
   234.400,    51.926
   234.500,    51.937
   234.600,    51.948
   234.700,    51.959
   234.800,    51.970
   234.900,    51.981
   235.000,    51.992
   235.100,    52.003
   235.200,    52.014
   235.300,    52.025
   235.400,    52.036
   235.500,    52.047
   235.600,    52.058
   235.700,    52.069
   235.800,    52.080
   235.900,    52.091
   236.000,    52.102
   236.100,    52.113
   236.200,    52.124
   236.300,    52.135
   236.400,    52.146
   236.500,    52.157
   236.600,    52.168
   236.700,    52.179
   236.800,    52.190
   236.900,    52.201
   237.000,    52.212
   237.100,    52.222
   237.200,    52.233
   237.300,    52.244
   237.400,    52.255
   237.500,    52.266
   237.600,    52.277
   237.700,    52.288
   237.800,    52.299
   237.900,    52.310
   238.000,    52.321
   238.100,    52.332
   238.200,    52.343
   238.300,    52.354
   238.400,    52.365
   238.500,    52.375
   238.600,    52.386
   238.700,    52.397
   238.800,    52.408
   238.900,    52.419
   239.000,    52.430
   239.100,    52.441
   239.200,    52.452
   239.300,    52.463
   239.400,    52.474
   239.500,    52.484
   239.600,    52.495
   239.700,    52.506
   239.800,    52.517
   239.900,    52.528
   240.000,    52.539
   240.100,    52.550
   240.200,    52.561
   240.300,    52.572
   240.400,    52.582
   240.500,    52.593
   240.600,    52.604
   240.700,    52.615
   240.800,    52.626
   240.900,    52.637
   241.000,    52.648
   241.100,    52.658
   241.200,    52.669
   241.300,    52.680
   241.400,    52.691
   241.500,    52.702
   241.600,    52.713
   241.700,    52.723
   241.800,    52.734
   241.900,    52.745
   242.000,    52.756
   242.100,    52.767
   242.200,    52.778
   242.300,    52.788
   242.400,    52.799
   242.500,    52.810
   242.600,    52.821
   242.700,    52.832
   242.800,    52.843
   242.900,    52.853
   243.000,    52.864
   243.100,    52.875
   243.200,    52.886
   243.300,    52.897
   243.400,    52.907
   243.500,    52.918
   243.600,    52.929
   243.700,    52.940
   243.800,    52.951
   243.900,    52.961
   244.000,    52.972
   244.100,    52.983
   244.200,    52.994
   244.300,    53.005
   244.400,    53.015
   244.500,    53.026
   244.600,    53.037
   244.700,    53.048
   244.800,    53.058
   244.900,    53.069
   245.000,    53.080
   245.100,    53.091
   245.200,    53.101
   245.300,    53.112
   245.400,    53.123
   245.500,    53.134
   245.600,    53.145
   245.700,    53.155
   245.800,    53.166
   245.900,    53.177
   246.000,    53.188
   246.100,    53.198
   246.200,    53.209
   246.300,    53.220
   246.400,    53.230
   246.500,    53.241
   246.600,    53.252
   246.700,    53.263
   246.800,    53.273
   246.900,    53.284
   247.000,    53.295
   247.100,    53.306
   247.200,    53.316
   247.300,    53.327
   247.400,    53.338
   247.500,    53.348
   247.600,    53.359
   247.700,    53.370
   247.800,    53.381
   247.900,    53.391
   248.000,    53.402
   248.100,    53.413
   248.200,    53.423
   248.300,    53.434
   248.400,    53.445
   248.500,    53.455
   248.600,    53.466
   248.700,    53.477
   248.800,    53.488
   248.900,    53.498
   249.000,    53.509
   249.100,    53.520
   249.200,    53.530
   249.300,    53.541
   249.400,    53.552
   249.500,    53.562
   249.600,    53.573
   249.700,    53.584
   249.800,    53.594
   249.900,    53.605
   250.000,    53.616
   250.100,    53.626
   250.200,    53.637
   250.300,    53.648
   250.400,    53.658
   250.500,    53.669
   250.600,    53.680
   250.700,    53.690
   250.800,    53.701
   250.900,    53.711
   251.000,    53.722
   251.100,    53.733
   251.200,    53.743
   251.300,    53.754
   251.400,    53.765
   251.500,    53.775
   251.600,    53.786
   251.700,    53.796
   251.800,    53.807
   251.900,    53.818
   252.000,    53.828
   252.100,    53.839
   252.200,    53.850
   252.300,    53.860
   252.400,    53.871
   252.500,    53.881
   252.600,    53.892
   252.700,    53.903
   252.800,    53.913
   252.900,    53.924
   253.000,    53.934
   253.100,    53.945
   253.200,    53.956
   253.300,    53.966
   253.400,    53.977
   253.500,    53.987
   253.600,    53.998
   253.700,    54.009
   253.800,    54.019
   253.900,    54.030
   254.000,    54.040
   254.100,    54.051
   254.200,    54.061
   254.300,    54.072
   254.400,    54.083
   254.500,    54.093
   254.600,    54.104
   254.700,    54.114
   254.800,    54.125
   254.900,    54.135
   255.000,    54.146
   255.100,    54.156
   255.200,    54.167
   255.300,    54.178
   255.400,    54.188
   255.500,    54.199
   255.600,    54.209
   255.700,    54.220
   255.800,    54.230
   255.900,    54.241
   256.000,    54.251
   256.100,    54.262
   256.200,    54.272
   256.300,    54.283
   256.400,    54.293
   256.500,    54.304
   256.600,    54.315
   256.700,    54.325
   256.800,    54.336
   256.900,    54.346
   257.000,    54.357
   257.100,    54.367
   257.200,    54.378
   257.300,    54.388
   257.400,    54.399
   257.500,    54.409
   257.600,    54.420
   257.700,    54.430
   257.800,    54.441
   257.900,    54.451
   258.000,    54.462
   258.100,    54.472
   258.200,    54.483
   258.300,    54.493
   258.400,    54.504
   258.500,    54.514
   258.600,    54.525
   258.700,    54.535
   258.800,    54.546
   258.900,    54.556
   259.000,    54.566
   259.100,    54.577
   259.200,    54.587
   259.300,    54.598
   259.400,    54.608
   259.500,    54.619
   259.600,    54.629
   259.700,    54.640
   259.800,    54.650
   259.900,    54.661
   260.000,    54.671
   260.100,    54.682
   260.200,    54.692
   260.300,    54.702
   260.400,    54.713
   260.500,    54.723
   260.600,    54.734
   260.700,    54.744
   260.800,    54.755
   260.900,    54.765
   261.000,    54.776
   261.100,    54.786
   261.200,    54.796
   261.300,    54.807
   261.400,    54.817
   261.500,    54.828
   261.600,    54.838
   261.700,    54.849
   261.800,    54.859
   261.900,    54.869
   262.000,    54.880
   262.100,    54.890
   262.200,    54.901
   262.300,    54.911
   262.400,    54.921
   262.500,    54.932
   262.600,    54.942
   262.700,    54.953
   262.800,    54.963
   262.900,    54.973
   263.000,    54.984
   263.100,    54.994
   263.200,    55.005
   263.300,    55.015
   263.400,    55.025
   263.500,    55.036
   263.600,    55.046
   263.700,    55.056
   263.800,    55.067
   263.900,    55.077
   264.000,    55.088
   264.100,    55.098
   264.200,    55.108
   264.300,    55.119
   264.400,    55.129
   264.500,    55.139
   264.600,    55.150
   264.700,    55.160
   264.800,    55.171
   264.900,    55.181
   265.000,    55.191
   265.100,    55.202
   265.200,    55.212
   265.300,    55.222
   265.400,    55.233
   265.500,    55.243
   265.600,    55.253
   265.700,    55.264
   265.800,    55.274
   265.900,    55.284
   266.000,    55.295
   266.100,    55.305
   266.200,    55.315
   266.300,    55.326
   266.400,    55.336
   266.500,    55.346
   266.600,    55.357
   266.700,    55.367
   266.800,    55.377
   266.900,    55.388
   267.000,    55.398
   267.100,    55.408
   267.200,    55.419
   267.300,    55.429
   267.400,    55.439
   267.500,    55.450
   267.600,    55.460
   267.700,    55.470
   267.800,    55.480
   267.900,    55.491
   268.000,    55.501
   268.100,    55.511
   268.200,    55.522
   268.300,    55.532
   268.400,    55.542
   268.500,    55.552
   268.600,    55.563
   268.700,    55.573
   268.800,    55.583
   268.900,    55.594
   269.000,    55.604
   269.100,    55.614
   269.200,    55.624
   269.300,    55.635
   269.400,    55.645
   269.500,    55.655
   269.600,    55.666
   269.700,    55.676
   269.800,    55.686
   269.900,    55.696
   270.000,    55.707
   270.100,    55.717
   270.200,    55.727
   270.300,    55.737
   270.400,    55.748
   270.500,    55.758
   270.600,    55.768
   270.700,    55.778
   270.800,    55.789
   270.900,    55.799
   271.000,    55.809
   271.100,    55.819
   271.200,    55.830
   271.300,    55.840
   271.400,    55.850
   271.500,    55.860
   271.600,    55.870
   271.700,    55.881
   271.800,    55.891
   271.900,    55.901
   272.000,    55.911
   272.100,    55.922
   272.200,    55.932
   272.300,    55.942
   272.400,    55.952
   272.500,    55.962
   272.600,    55.973
   272.700,    55.983
   272.800,    55.993
   272.900,    56.003
   273.000,    56.014
   273.100,    56.024
   273.200,    56.034
   273.300,    56.044
   273.400,    56.054
   273.500,    56.064
   273.600,    56.075
   273.700,    56.085
   273.800,    56.095
   273.900,    56.105
   274.000,    56.115
   274.100,    56.126
   274.200,    56.136
   274.300,    56.146
   274.400,    56.156
   274.500,    56.166
   274.600,    56.177
   274.700,    56.187
   274.800,    56.197
   274.900,    56.207
   275.000,    56.217
   275.100,    56.227
   275.200,    56.238
   275.300,    56.248
   275.400,    56.258
   275.500,    56.268
   275.600,    56.278
   275.700,    56.288
   275.800,    56.298
   275.900,    56.309
   276.000,    56.319
   276.100,    56.329
   276.200,    56.339
   276.300,    56.349
   276.400,    56.359
   276.500,    56.369
   276.600,    56.380
   276.700,    56.390
   276.800,    56.400
   276.900,    56.410
   277.000,    56.420
   277.100,    56.430
   277.200,    56.440
   277.300,    56.451
   277.400,    56.461
   277.500,    56.471
   277.600,    56.481
   277.700,    56.491
   277.800,    56.501
   277.900,    56.511
   278.000,    56.521
   278.100,    56.531
   278.200,    56.542
   278.300,    56.552
   278.400,    56.562
   278.500,    56.572
   278.600,    56.582
   278.700,    56.592
   278.800,    56.602
   278.900,    56.612
   279.000,    56.622
   279.100,    56.632
   279.200,    56.643
   279.300,    56.653
   279.400,    56.663
   279.500,    56.673
   279.600,    56.683
   279.700,    56.693
   279.800,    56.703
   279.900,    56.713
   280.000,    56.723
   280.100,    56.733
   280.200,    56.743
   280.300,    56.753
   280.400,    56.763
   280.500,    56.774
   280.600,    56.784
   280.700,    56.794
   280.800,    56.804
   280.900,    56.814
   281.000,    56.824
   281.100,    56.834
   281.200,    56.844
   281.300,    56.854
   281.400,    56.864
   281.500,    56.874
   281.600,    56.884
   281.700,    56.894
   281.800,    56.904
   281.900,    56.914
   282.000,    56.924
   282.100,    56.934
   282.200,    56.944
   282.300,    56.954
   282.400,    56.964
   282.500,    56.975
   282.600,    56.985
   282.700,    56.995
   282.800,    57.005
   282.900,    57.015
   283.000,    57.025
   283.100,    57.035
   283.200,    57.045
   283.300,    57.055
   283.400,    57.065
   283.500,    57.075
   283.600,    57.085
   283.700,    57.095
   283.800,    57.105
   283.900,    57.115
   284.000,    57.125
   284.100,    57.135
   284.200,    57.145
   284.300,    57.155
   284.400,    57.165
   284.500,    57.175
   284.600,    57.185
   284.700,    57.195
   284.800,    57.205
   284.900,    57.215
   285.000,    57.225
   285.100,    57.235
   285.200,    57.245
   285.300,    57.255
   285.400,    57.265
   285.500,    57.275
   285.600,    57.285
   285.700,    57.295
   285.800,    57.305
   285.900,    57.315
   286.000,    57.324
   286.100,    57.334
   286.200,    57.344
   286.300,    57.354
   286.400,    57.364
   286.500,    57.374
   286.600,    57.384
   286.700,    57.394
   286.800,    57.404
   286.900,    57.414
   287.000,    57.424
   287.100,    57.434
   287.200,    57.444
   287.300,    57.454
   287.400,    57.464
   287.500,    57.474
   287.600,    57.484
   287.700,    57.494
   287.800,    57.504
   287.900,    57.514
   288.000,    57.524
   288.100,    57.533
   288.200,    57.543
   288.300,    57.553
   288.400,    57.563
   288.500,    57.573
   288.600,    57.583
   288.700,    57.593
   288.800,    57.603
   288.900,    57.613
   289.000,    57.623
   289.100,    57.633
   289.200,    57.643
   289.300,    57.653
   289.400,    57.662
   289.500,    57.672
   289.600,    57.682
   289.700,    57.692
   289.800,    57.702
   289.900,    57.712
   290.000,    57.722
   290.100,    57.732
   290.200,    57.742
   290.300,    57.752
   290.400,    57.761
   290.500,    57.771
   290.600,    57.781
   290.700,    57.791
   290.800,    57.801
   290.900,    57.811
   291.000,    57.821
   291.100,    57.831
   291.200,    57.841
   291.300,    57.850
   291.400,    57.860
   291.500,    57.870
   291.600,    57.880
   291.700,    57.890
   291.800,    57.900
   291.900,    57.910
   292.000,    57.920
   292.100,    57.929
   292.200,    57.939
   292.300,    57.949
   292.400,    57.959
   292.500,    57.969
   292.600,    57.979
   292.700,    57.989
   292.800,    57.998
   292.900,    58.008
   293.000,    58.018
   293.100,    58.028
   293.200,    58.038
   293.300,    58.048
   293.400,    58.058
   293.500,    58.067
   293.600,    58.077
   293.700,    58.087
   293.800,    58.097
   293.900,    58.107
   294.000,    58.117
   294.100,    58.126
   294.200,    58.136
   294.300,    58.146
   294.400,    58.156
   294.500,    58.166
   294.600,    58.176
   294.700,    58.185
   294.800,    58.195
   294.900,    58.205
   295.000,    58.215
   295.100,    58.225
   295.200,    58.234
   295.300,    58.244
   295.400,    58.254
   295.500,    58.264
   295.600,    58.274
   295.700,    58.283
   295.800,    58.293
   295.900,    58.303
   296.000,    58.313
   296.100,    58.323
   296.200,    58.332
   296.300,    58.342
   296.400,    58.352
   296.500,    58.362
   296.600,    58.372
   296.700,    58.381
   296.800,    58.391
   296.900,    58.401
   297.000,    58.411
   297.100,    58.421
   297.200,    58.430
   297.300,    58.440
   297.400,    58.450
   297.500,    58.460
   297.600,    58.469
   297.700,    58.479
   297.800,    58.489
   297.900,    58.499
   298.000,    58.509
   298.100,    58.518
   298.200,    58.528
   298.300,    58.538
   298.400,    58.548
   298.500,    58.557
   298.600,    58.567
   298.700,    58.577
   298.800,    58.587
   298.900,    58.596
   299.000,    58.606
   299.100,    58.616
   299.200,    58.626
   299.300,    58.635
   299.400,    58.645
   299.500,    58.655
   299.600,    58.665
   299.700,    58.674
   299.800,    58.684
