     0.000,     4.000
     0.100,     4.426
     0.200,     4.811
     0.300,     5.164
     0.400,     5.492
     0.500,     5.800
     0.600,     6.091
     0.700,     6.367
     0.800,     6.630
     0.900,     6.883
     1.000,     7.125
     1.100,     7.358
     1.200,     7.584
     1.300,     7.802
     1.400,     8.013
     1.500,     8.218
     1.600,     8.417
     1.700,     8.610
     1.800,     8.799
     1.900,     8.983
     2.000,     9.162
     2.100,     9.337
     2.200,     9.508
     2.300,     9.676
     2.400,     9.840
     2.500,    10.000
     2.600,    10.158
     2.700,    10.312
     2.800,    10.463
     2.900,    10.611
     3.000,    10.757
     3.100,    10.900
     3.200,    11.040
     3.300,    11.178
     3.400,    11.314
     3.500,    11.447
     3.600,    11.578
     3.700,    11.707
     3.800,    11.834
     3.900,    11.959
     4.000,    12.082
     4.100,    12.203
     4.200,    12.323
     4.300,    12.440
     4.400,    12.556
     4.500,    12.670
     4.600,    12.783
     4.700,    12.894
     4.800,    13.003
     4.900,    13.111
     5.000,    13.217
     5.100,    13.322
     5.200,    13.426
     5.300,    13.528
     5.400,    13.629
     5.500,    13.728
     5.600,    13.826
     5.700,    13.923
     5.800,    14.019
     5.900,    14.113
     6.000,    14.206
     6.100,    14.298
     6.200,    14.389
     6.300,    14.479
     6.400,    14.568
     6.500,    14.655
     6.600,    14.742
     6.700,    14.827
     6.800,    14.912
     6.900,    14.995
     7.000,    15.077
     7.100,    15.159
     7.200,    15.239
     7.300,    15.319
     7.400,    15.397
     7.500,    15.475
     7.600,    15.552
     7.700,    15.628
     7.800,    15.703
     7.900,    15.777
     8.000,    15.850
     8.100,    15.923
     8.200,    15.995
     8.300,    16.065
     8.400,    16.136
     8.500,    16.205
     8.600,    16.273
     8.700,    16.341
     8.800,    16.408
     8.900,    16.474
     9.000,    16.540
     9.100,    16.605
     9.200,    16.669
     9.300,    16.732
     9.400,    16.795
     9.500,    16.857
     9.600,    16.918
     9.700,    16.979
     9.800,    17.039
     9.900,    17.099
    10.000,    17.157
    10.100,    17.216
    10.200,    17.273
    10.300,    17.330
    10.400,    17.386
    10.500,    17.442
    10.600,    17.497
    10.700,    17.552
    10.800,    17.606
    10.900,    17.659
    11.000,    17.712
    11.100,    17.764
    11.200,    17.816
    11.300,    17.867
    11.400,    17.918
    11.500,    17.968
    11.600,    18.017
    11.700,    18.066
    11.800,    18.115
    11.900,    18.163
    12.000,    18.211
    12.100,    18.258
    12.200,    18.304
    12.300,    18.350
    12.400,    18.396
    12.500,    18.441
    12.600,    18.486
    12.700,    18.530
    12.800,    18.574
    12.900,    18.617
    13.000,    18.660
    13.100,    18.703
    13.200,    18.745
    13.300,    18.786
    13.400,    18.827
    13.500,    18.868
    13.600,    18.909
    13.700,    18.948
    13.800,    18.988
    13.900,    19.027
    14.000,    19.066
    14.100,    19.104
    14.200,    19.142
    14.300,    19.180
    14.400,    19.217
    14.500,    19.254
    14.600,    19.290
    14.700,    19.326
    14.800,    19.362
    14.900,    19.397
    15.000,    19.432
    15.100,    19.467
    15.200,    19.501
    15.300,    19.535
    15.400,    19.569
    15.500,    19.602
    15.600,    19.635
    15.700,    19.667
    15.800,    19.700
    15.900,    19.732
    16.000,    19.763
    16.100,    19.795
    16.200,    19.826
    16.300,    19.856
    16.400,    19.887
    16.500,    19.917
    16.600,    19.947
    16.700,    19.976
    16.800,    20.005
    16.900,    20.034
    17.000,    20.063
    17.100,    20.091
    17.200,    20.119
    17.300,    20.147
    17.400,    20.174
    17.500,    20.202
    17.600,    20.229
    17.700,    20.255
    17.800,    20.282
    17.900,    20.308
    18.000,    20.334
    18.100,    20.359
    18.200,    20.385
    18.300,    20.410
    18.400,    20.435
    18.500,    20.459
    18.600,    20.484
    18.700,    20.508
    18.800,    20.532
    18.900,    20.556
    19.000,    20.579
    19.100,    20.602
    19.200,    20.625
    19.300,    20.648
    19.400,    20.670
    19.500,    20.693
    19.600,    20.715
    19.700,    20.737
    19.800,    20.758
    19.900,    20.780
    20.000,    20.801
    20.100,    20.822
    20.200,    20.843
    20.300,    20.863
    20.400,    20.884
    20.500,    20.904
    20.600,    20.924
    20.700,    20.944
    20.800,    20.963
    20.900,    20.983
    21.000,    21.002
    21.100,    21.021
    21.200,    21.040
    21.300,    21.059
    21.400,    21.077
    21.500,    21.095
    21.600,    21.114
    21.700,    21.131
    21.800,    21.149
    21.900,    21.167
    22.000,    21.184
    22.100,    21.201
    22.200,    21.219
    22.300,    21.235
    22.400,    21.252
    22.500,    21.269
    22.600,    21.285
    22.700,    21.301
    22.800,    21.318
    22.900,    21.333
    23.000,    21.349
    23.100,    21.365
    23.200,    21.380
    23.300,    21.396
    23.400,    21.411
    23.500,    21.426
    23.600,    21.441
    23.700,    21.455
    23.800,    21.470
    23.900,    21.484
    24.000,    21.499
    24.100,    21.513
    24.200,    21.527
    24.300,    21.541
    24.400,    21.554
    24.500,    21.568
    24.600,    21.582
    24.700,    21.595
    24.800,    21.608
    24.900,    21.621
    25.000,    21.634
    25.100,    21.647
    25.200,    21.660
    25.300,    21.672
    25.400,    21.685
    25.500,    21.697
    25.600,    21.709
    25.700,    21.721
    25.800,    21.733
    25.900,    21.745
    26.000,    21.757
    26.100,    21.769
    26.200,    21.780
    26.300,    21.791
    26.400,    21.803
    26.500,    21.814
    26.600,    21.825
    26.700,    21.836
    26.800,    21.847
    26.900,    21.857
    27.000,    21.868
    27.100,    21.879
    27.200,    21.889
    27.300,    21.899
    27.400,    21.910
    27.500,    21.920
    27.600,    21.930
    27.700,    21.940
    27.800,    21.950
    27.900,    21.959
    28.000,    21.969
    28.100,    21.978
    28.200,    21.988
    28.300,    21.997
    28.400,    22.007
    28.500,    22.016
    28.600,    22.025
    28.700,    22.034
    28.800,    22.043
    28.900,    22.052
    29.000,    22.060
    29.100,    22.069
    29.200,    22.078
    29.300,    22.086
    29.400,    22.094
    29.500,    22.103
    29.600,    22.111
    29.700,    22.119
    29.800,    22.127
    29.900,    22.135
    30.000,    22.143
    30.100,    22.151
    30.200,    22.159
    30.300,    22.166
    30.400,    22.174
    30.500,    22.182
    30.600,    22.189
    30.700,    22.196
    30.800,    22.204
    30.900,    22.211
    31.000,    22.218
    31.100,    22.225
    31.200,    22.232
    31.300,    22.239
    31.400,    22.246
    31.500,    22.253
    31.600,    22.260
    31.700,    22.267
    31.800,    22.273
    31.900,    22.280
    32.000,    22.286
    32.100,    22.293
    32.200,    22.299
    32.300,    22.305
    32.400,    22.312
    32.500,    22.318
    32.600,    22.324
    32.700,    22.330
    32.800,    22.336
    32.900,    22.342
    33.000,    22.348
    33.100,    22.354
    33.200,    22.360
    33.300,    22.365
    33.400,    22.371
    33.500,    22.377
    33.600,    22.382
    33.700,    22.388
    33.800,    22.393
    33.900,    22.398
    34.000,    22.404
    34.100,    22.409
    34.200,    22.414
    34.300,    22.420
    34.400,    22.425
    34.500,    22.430
    34.600,    22.435
    34.700,    22.440
    34.800,    22.445
    34.900,    22.450
    35.000,    22.454
    35.100,    22.459
    35.200,    22.464
    35.300,    22.469
    35.400,    22.473
    35.500,    22.478
    35.600,    22.483
    35.700,    22.487
    35.800,    22.492
    35.900,    22.496
    36.000,    22.500
    36.100,    22.505
    36.200,    22.509
    36.300,    22.513
    36.400,    22.518
    36.500,    22.522
    36.600,    22.526
    36.700,    22.530
    36.800,    22.534
    36.900,    22.538
    37.000,    22.542
    37.100,    22.546
    37.200,    22.550
    37.300,    22.554
    37.400,    22.558
    37.500,    22.561
    37.600,    22.565
    37.700,    22.569
    37.800,    22.573
    37.900,    22.576
    38.000,    22.580
    38.100,    22.583
    38.200,    22.587
    38.300,    22.590
    38.400,    22.594
    38.500,    22.597
    38.600,    22.601
    38.700,    22.604
    38.800,    22.607
    38.900,    22.611
    39.000,    22.614
    39.100,    22.617
    39.200,    22.620
    39.300,    22.624
    39.400,    22.627
    39.500,    22.630
    39.600,    22.633
    39.700,    22.636
    39.800,    22.639
    39.900,    22.642
    40.000,    22.645
    40.100,    22.648
    40.200,    22.651
    40.300,    22.654
    40.400,    22.657
    40.500,    22.659
    40.600,    22.662
    40.700,    22.665
    40.800,    22.668
    40.900,    22.670
    41.000,    22.673
    41.100,    22.676
    41.200,    22.678
    41.300,    22.681
    41.400,    22.684
    41.500,    22.686
    41.600,    22.689
    41.700,    22.691
    41.800,    22.694
    41.900,    22.696
    42.000,    22.699
    42.100,    22.701
    42.200,    22.703
    42.300,    22.706
    42.400,    22.708
    42.500,    22.710
    42.600,    22.713
    42.700,    22.715
    42.800,    22.717
    42.900,    22.719
    43.000,    22.722
    43.100,    22.724
    43.200,    22.726
    43.300,    22.728
    43.400,    22.730
    43.500,    22.732
    43.600,    22.734
    43.700,    22.737
    43.800,    22.739
    43.900,    22.741
    44.000,    22.743
    44.100,    22.745
    44.200,    22.747
    44.300,    22.749
    44.400,    22.750
    44.500,    22.752
    44.600,    22.754
    44.700,    22.756
    44.800,    22.758
    44.900,    22.760
    45.000,    22.762
    45.100,    22.763
    45.200,    22.765
    45.300,    22.767
    45.400,    22.769
    45.500,    22.770
    45.600,    22.772
    45.700,    22.774
    45.800,    22.776
    45.900,    22.777
    46.000,    22.779
    46.100,    22.780
    46.200,    22.782
    46.300,    22.784
    46.400,    22.785
    46.500,    22.787
    46.600,    22.788
    46.700,    22.790
    46.800,    22.791
    46.900,    22.793
    47.000,    22.794
    47.100,    22.796
    47.200,    22.797
    47.300,    22.799
    47.400,    22.800
    47.500,    22.802
    47.600,    22.803
    47.700,    22.804
    47.800,    22.806
    47.900,    22.807
    48.000,    22.809
    48.100,    22.810
    48.200,    22.811
    48.300,    22.813
    48.400,    22.814
    48.500,    22.815
    48.600,    22.816
    48.700,    22.818
    48.800,    22.819
    48.900,    22.820
    49.000,    22.821
    49.100,    22.823
    49.200,    22.824
    49.300,    22.825
    49.400,    22.826
    49.500,    22.827
    49.600,    22.828
    49.700,    22.830
    49.800,    22.831
    49.900,    22.832
    50.000,    22.833
    50.100,    22.834
    50.200,    22.835
    50.300,    22.836
    50.400,    22.837
    50.500,    22.838
    50.600,    22.839
    50.700,    22.840
    50.800,    22.841
    50.900,    22.843
    51.000,    22.844
    51.100,    22.845
    51.200,    22.846
    51.300,    22.846
    51.400,    22.847
    51.500,    22.848
    51.600,    22.849
    51.700,    22.850
    51.800,    22.851
    51.900,    22.852
    52.000,    22.853
    52.100,    22.854
    52.200,    22.855
    52.300,    22.856
    52.400,    22.857
    52.500,    22.858
    52.600,    22.858
    52.700,    22.859
    52.800,    22.860
    52.900,    22.861
    53.000,    22.862
    53.100,    22.863
    53.200,    22.863
    53.300,    22.864
    53.400,    22.865
    53.500,    22.866
    53.600,    22.867
    53.700,    22.867
    53.800,    22.868
    53.900,    22.869
    54.000,    22.870
    54.100,    22.870
    54.200,    22.871
    54.300,    22.872
    54.400,    22.872
    54.500,    22.873
    54.600,    22.874
    54.700,    22.875
    54.800,    22.875
    54.900,    22.876
    55.000,    22.877
    55.100,    22.877
    55.200,    22.878
    55.300,    22.879
    55.400,    22.879
    55.500,    22.880
    55.600,    22.881
    55.700,    22.881
    55.800,    22.882
    55.900,    22.883
    56.000,    22.883
    56.100,    22.884
    56.200,    22.884
    56.300,    22.885
    56.400,    22.886
    56.500,    22.886
    56.600,    22.887
    56.700,    22.887
    56.800,    22.888
    56.900,    22.888
    57.000,    22.889
    57.100,    22.890
    57.200,    22.890
    57.300,    22.891
    57.400,    22.891
    57.500,    22.892
    57.600,    22.892
    57.700,    22.893
    57.800,    22.893
    57.900,    22.894
    58.000,    22.894
    58.100,    22.895
    58.200,    22.895
    58.300,    22.896
    58.400,    22.896
    58.500,    22.897
    58.600,    22.897
    58.700,    22.898
    58.800,    22.898
    58.900,    22.899
    59.000,    22.899
    59.100,    22.900
    59.200,    22.900
    59.300,    22.900
    59.400,    22.901
    59.500,    22.901
    59.600,    22.902
    59.700,    22.902
    59.800,    22.903
    59.900,    22.903
    60.000,    22.903
    60.100,    22.904
    60.200,    22.904
    60.300,    22.905
    60.400,    22.905
    60.500,    22.905
    60.600,    22.906
    60.700,    22.906
    60.800,    22.907
    60.900,    22.907
    61.000,    22.907
    61.100,    22.908
    61.200,    22.908
    61.300,    22.908
    61.400,    22.909
    61.500,    22.909
    61.600,    22.910
    61.700,    22.910
    61.800,    22.910
    61.900,    22.911
    62.000,    22.911
    62.100,    22.911
    62.200,    22.912
    62.300,    22.912
    62.400,    22.912
    62.500,    22.913
    62.600,    22.913
    62.700,    22.913
    62.800,    22.914
    62.900,    22.914
    63.000,    22.914
    63.100,    22.915
    63.200,    22.915
    63.300,    22.915
    63.400,    22.915
    63.500,    22.916
    63.600,    22.916
    63.700,    22.916
    63.800,    22.917
    63.900,    22.917
    64.000,    22.917
    64.100,    22.917
    64.200,    22.918
    64.300,    22.918
    64.400,    22.918
    64.500,    22.919
    64.600,    22.919
    64.700,    22.919
    64.800,    22.919
    64.900,    22.920
    65.000,    22.920
    65.100,    22.920
    65.200,    22.920
    65.300,    22.921
    65.400,    22.921
    65.500,    22.921
    65.600,    22.921
    65.700,    22.922
    65.800,    22.922
    65.900,    22.922
    66.000,    22.922
    66.100,    22.922
    66.200,    22.923
    66.300,    22.923
    66.400,    22.923
    66.500,    22.923
    66.600,    22.924
    66.700,    22.924
    66.800,    22.924
    66.900,    22.924
    67.000,    22.924
    67.100,    22.925
    67.200,    22.925
    67.300,    22.925
    67.400,    22.925
    67.500,    22.925
    67.600,    22.926
    67.700,    22.926
    67.800,    22.926
    67.900,    22.926
    68.000,    22.926
    68.100,    22.927
    68.200,    22.927
    68.300,    22.927
    68.400,    22.927
    68.500,    22.927
    68.600,    22.927
    68.700,    22.928
    68.800,    22.928
    68.900,    22.928
    69.000,    22.928
    69.100,    22.928
    69.200,    22.929
    69.300,    22.929
    69.400,    22.929
    69.500,    22.929
    69.600,    22.929
    69.700,    22.929
    69.800,    22.930
    69.900,    22.930
    70.000,    22.930
    70.100,    22.930
    70.200,    22.930
    70.300,    22.930
    70.400,    22.930
    70.500,    22.931
    70.600,    22.931
    70.700,    22.931
    70.800,    22.931
    70.900,    22.931
    71.000,    22.931
    71.100,    22.931
    71.200,    22.932
    71.300,    22.932
    71.400,    22.932
    71.500,    22.932
    71.600,    22.932
    71.700,    22.932
    71.800,    22.932
    71.900,    22.933
    72.000,    22.933
    72.100,    22.933
    72.200,    22.933
    72.300,    22.933
    72.400,    22.933
    72.500,    22.933
    72.600,    22.933
    72.700,    22.934
    72.800,    22.934
    72.900,    22.934
    73.000,    22.934
    73.100,    22.934
    73.200,    22.934
    73.300,    22.934
    73.400,    22.934
    73.500,    22.934
    73.600,    22.935
    73.700,    22.935
    73.800,    22.935
    73.900,    22.935
    74.000,    22.935
    74.100,    22.935
    74.200,    22.935
    74.300,    22.935
    74.400,    22.935
    74.500,    22.935
    74.600,    22.936
    74.700,    22.936
    74.800,    22.936
    74.900,    22.936
    75.000,    22.936
    75.100,    22.936
    75.200,    22.936
    75.300,    22.936
    75.400,    22.936
    75.500,    22.936
    75.600,    22.937
    75.700,    22.937
    75.800,    22.937
    75.900,    22.937
    76.000,    22.937
    76.100,    22.937
    76.200,    22.937
    76.300,    22.937
    76.400,    22.937
    76.500,    22.937
    76.600,    22.937
    76.700,    22.937
    76.800,    22.938
    76.900,    22.938
    77.000,    22.938
    77.100,    22.938
    77.200,    22.938
    77.300,    22.938
    77.400,    22.938
    77.500,    22.938
    77.600,    22.938
    77.700,    22.938
    77.800,    22.938
    77.900,    22.938
    78.000,    22.938
    78.100,    22.939
    78.200,    22.939
    78.300,    22.939
    78.400,    22.939
    78.500,    22.939
    78.600,    22.939
    78.700,    22.939
    78.800,    22.939
    78.900,    22.939
    79.000,    22.939
    79.100,    22.939
    79.200,    22.939
    79.300,    22.939
    79.400,    22.939
    79.500,    22.939
    79.600,    22.939
    79.700,    22.940
    79.800,    22.940
    79.900,    22.940
    80.000,    22.940
    80.100,    22.940
    80.200,    22.940
    80.300,    22.940
    80.400,    22.940
    80.500,    22.940
    80.600,    22.940
    80.700,    22.940
    80.800,    22.940
    80.900,    22.940
    81.000,    22.940
    81.100,    22.940
    81.200,    22.940
    81.300,    22.940
    81.400,    22.940
    81.500,    22.941
    81.600,    22.941
    81.700,    22.941
    81.800,    22.941
    81.900,    22.941
    82.000,    22.941
    82.100,    22.941
    82.200,    22.941
    82.300,    22.941
    82.400,    22.941
    82.500,    22.941
    82.600,    22.941
    82.700,    22.941
    82.800,    22.941
    82.900,    22.941
    83.000,    22.941
    83.100,    22.941
    83.200,    22.941
    83.300,    22.941
    83.400,    22.941
    83.500,    22.941
    83.600,    22.941
    83.700,    22.942
    83.800,    22.942
    83.900,    22.942
    84.000,    22.942
    84.100,    22.942
    84.200,    22.942
    84.300,    22.942
    84.400,    22.942
    84.500,    22.942
    84.600,    22.942
    84.700,    22.942
    84.800,    22.942
    84.900,    22.942
    85.000,    22.942
    85.100,    22.942
    85.200,    22.942
    85.300,    22.942
    85.400,    22.942
    85.500,    22.942
    85.600,    22.942
    85.700,    22.942
    85.800,    22.942
    85.900,    22.942
    86.000,    22.942
    86.100,    22.942
    86.200,    22.942
    86.300,    22.942
    86.400,    22.942
    86.500,    22.943
    86.600,    22.943
    86.700,    22.943
    86.800,    22.943
    86.900,    22.943
    87.000,    22.943
    87.100,    22.943
    87.200,    22.943
    87.300,    22.943
    87.400,    22.943
    87.500,    22.943
    87.600,    22.943
    87.700,    22.943
    87.800,    22.943
    87.900,    22.943
    88.000,    22.943
    88.100,    22.943
    88.200,    22.943
    88.300,    22.943
    88.400,    22.943
    88.500,    22.943
    88.600,    22.943
    88.700,    22.943
    88.800,    22.943
    88.900,    22.943
    89.000,    22.943
    89.100,    22.943
    89.200,    22.943
    89.300,    22.943
    89.400,    22.943
    89.500,    22.943
    89.600,    22.943
    89.700,    22.943
    89.800,    22.943
    89.900,    22.943
    90.000,    22.943
    90.100,    22.943
    90.200,    22.943
    90.300,    22.943
    90.400,    22.944
    90.500,    22.944
    90.600,    22.944
    90.700,    22.944
    90.800,    22.944
    90.900,    22.944
    91.000,    22.944
    91.100,    22.944
    91.200,    22.944
    91.300,    22.944
    91.400,    22.944
    91.500,    22.944
    91.600,    22.944
    91.700,    22.944
    91.800,    22.944
    91.900,    22.944
    92.000,    22.944
    92.100,    22.944
    92.200,    22.944
    92.300,    22.944
    92.400,    22.944
    92.500,    22.944
    92.600,    22.944
    92.700,    22.944
    92.800,    22.944
    92.900,    22.944
    93.000,    22.944
    93.100,    22.944
    93.200,    22.944
    93.300,    22.944
    93.400,    22.944
    93.500,    22.944
    93.600,    22.944
    93.700,    22.944
    93.800,    22.944
    93.900,    22.944
    94.000,    22.944
    94.100,    22.944
    94.200,    22.944
    94.300,    22.944
    94.400,    22.944
    94.500,    22.944
    94.600,    22.944
    94.700,    22.944
    94.800,    22.944
    94.900,    22.944
    95.000,    22.944
    95.100,    22.944
    95.200,    22.944
    95.300,    22.944
    95.400,    22.944
    95.500,    22.944
    95.600,    22.944
    95.700,    22.944
    95.800,    22.944
    95.900,    22.944
    96.000,    22.944
    96.100,    22.944
    96.200,    22.944
    96.300,    22.944
    96.400,    22.944
    96.500,    22.944
    96.600,    22.944
    96.700,    22.944
    96.800,    22.945
    96.900,    22.945
    97.000,    22.945
    97.100,    22.945
    97.200,    22.945
    97.300,    22.945
    97.400,    22.945
    97.500,    22.945
    97.600,    22.945
    97.700,    22.945
    97.800,    22.945
    97.900,    22.945
    98.000,    22.945
    98.100,    22.945
    98.200,    22.945
    98.300,    22.945
    98.400,    22.945
    98.500,    22.945
    98.600,    22.945
    98.700,    22.945
    98.800,    22.945
    98.900,    22.945
    99.000,    22.945
    99.100,    22.945
    99.200,    22.945
    99.300,    22.945
    99.400,    22.945
    99.500,    22.945
    99.600,    22.945
    99.700,    22.945
    99.800,    22.945
    99.900,    22.945
   100.000,    22.945
   100.100,    22.945
   100.200,    22.945
   100.300,    22.945
   100.400,    22.945
   100.500,    22.945
   100.600,    22.945
   100.700,    22.945
   100.800,    22.945
   100.900,    22.945
   101.000,    22.945
   101.100,    22.945
   101.200,    22.945
   101.300,    22.945
   101.400,    22.945
   101.500,    22.945
   101.600,    22.945
   101.700,    22.945
   101.800,    22.945
   101.900,    22.945
   102.000,    22.945
   102.100,    22.945
   102.200,    22.945
   102.300,    22.945
   102.400,    22.945
   102.500,    22.945
   102.600,    22.945
   102.700,    22.945
   102.800,    22.945
   102.900,    22.945
   103.000,    22.945
   103.100,    22.945
   103.200,    22.945
   103.300,    22.945
   103.400,    22.945
   103.500,    22.945
   103.600,    22.945
   103.700,    22.945
   103.800,    22.945
   103.900,    22.945
   104.000,    22.945
   104.100,    22.945
   104.200,    22.945
   104.300,    22.945
   104.400,    22.945
   104.500,    22.945
   104.600,    22.945
   104.700,    22.945
   104.800,    22.945
   104.900,    22.945
   105.000,    22.945
   105.100,    22.945
   105.200,    22.945
   105.300,    22.945
   105.400,    22.945
   105.500,    22.945
   105.600,    22.945
   105.700,    22.945
   105.800,    22.945
   105.900,    22.945
   106.000,    22.945
   106.100,    22.945
   106.200,    22.945
   106.300,    22.945
   106.400,    22.945
   106.500,    22.945
   106.600,    22.945
   106.700,    22.945
   106.800,    22.945
   106.900,    22.945
   107.000,    22.945
   107.100,    22.945
   107.200,    22.945
   107.300,    22.945
   107.400,    22.945
   107.500,    22.945
   107.600,    22.945
   107.700,    22.945
   107.800,    22.945
   107.900,    22.945
   108.000,    22.945
   108.100,    22.945
   108.200,    22.945
   108.300,    22.945
   108.400,    22.945
   108.500,    22.945
   108.600,    22.945
   108.700,    22.945
   108.800,    22.945
   108.900,    22.945
   109.000,    22.945
   109.100,    22.945
   109.200,    22.945
   109.300,    22.945
   109.400,    22.945
   109.500,    22.945
   109.600,    22.945
   109.700,    22.945
   109.800,    22.945
   109.900,    22.945
   110.000,    22.945
   110.100,    22.945
   110.200,    22.945
   110.300,    22.945
   110.400,    22.945
   110.500,    22.945
   110.600,    22.945
   110.700,    22.945
   110.800,    22.945
   110.900,    22.945
   111.000,    22.945
   111.100,    22.945
   111.200,    22.945
   111.300,    22.945
   111.400,    22.945
   111.500,    22.945
   111.600,    22.945
   111.700,    22.945
   111.800,    22.945
   111.900,    22.945
   112.000,    22.945
   112.100,    22.945
   112.200,    22.945
   112.300,    22.945
   112.400,    22.945
   112.500,    22.945
   112.600,    22.945
   112.700,    22.945
   112.800,    22.945
   112.900,    22.945
   113.000,    22.945
   113.100,    22.945
   113.200,    22.945
   113.300,    22.945
   113.400,    22.945
   113.500,    22.945
   113.600,    22.945
   113.700,    22.945
   113.800,    22.945
   113.900,    22.945
   114.000,    22.945
   114.100,    22.945
   114.200,    22.945
   114.300,    22.945
   114.400,    22.945
   114.500,    22.945
   114.600,    22.945
   114.700,    22.945
   114.800,    22.945
   114.900,    22.945
   115.000,    22.945
   115.100,    22.945
   115.200,    22.945
   115.300,    22.945
   115.400,    22.945
   115.500,    22.945
   115.600,    22.945
   115.700,    22.945
   115.800,    22.945
   115.900,    22.945
   116.000,    22.945
   116.100,    22.945
   116.200,    22.945
   116.300,    22.945
   116.400,    22.945
   116.500,    22.945
   116.600,    22.945
   116.700,    22.945
   116.800,    22.945
   116.900,    22.945
   117.000,    22.945
   117.100,    22.945
   117.200,    22.945
   117.300,    22.945
   117.400,    22.945
   117.500,    22.945
   117.600,    22.945
   117.700,    22.945
   117.800,    22.945
   117.900,    22.946
   118.000,    22.946
   118.100,    22.946
   118.200,    22.946
   118.300,    22.946
   118.400,    22.946
   118.500,    22.946
   118.600,    22.946
   118.700,    22.946
   118.800,    22.946
   118.900,    22.946
   119.000,    22.946
   119.100,    22.946
   119.200,    22.946
   119.300,    22.946
   119.400,    22.946
   119.500,    22.946
   119.600,    22.946
   119.700,    22.946
   119.800,    22.946
   119.900,    22.946
   120.000,    22.946
   120.100,    22.946
   120.200,    22.946
   120.300,    22.946
   120.400,    22.946
   120.500,    22.946
   120.600,    22.946
   120.700,    22.946
   120.800,    22.946
   120.900,    22.946
   121.000,    22.946
   121.100,    22.946
   121.200,    22.946
   121.300,    22.946
   121.400,    22.946
   121.500,    22.946
   121.600,    22.946
   121.700,    22.946
   121.800,    22.946
   121.900,    22.946
   122.000,    22.946
   122.100,    22.946
   122.200,    22.946
   122.300,    22.946
   122.400,    22.946
   122.500,    22.946
   122.600,    22.946
   122.700,    22.946
   122.800,    22.946
   122.900,    22.946
   123.000,    22.946
   123.100,    22.946
   123.200,    22.946
   123.300,    22.946
   123.400,    22.946
   123.500,    22.946
   123.600,    22.946
   123.700,    22.946
   123.800,    22.946
   123.900,    22.946
   124.000,    22.946
   124.100,    22.946
   124.200,    22.946
   124.300,    22.946
   124.400,    22.946
   124.500,    22.946
   124.600,    22.946
   124.700,    22.946
   124.800,    22.946
   124.900,    22.946
   125.000,    22.946
   125.100,    22.946
   125.200,    22.946
   125.300,    22.946
   125.400,    22.946
   125.500,    22.946
   125.600,    22.946
   125.700,    22.946
   125.800,    22.946
   125.900,    22.946
   126.000,    22.946
   126.100,    22.946
   126.200,    22.946
   126.300,    22.946
   126.400,    22.946
   126.500,    22.946
   126.600,    22.946
   126.700,    22.946
   126.800,    22.946
   126.900,    22.946
   127.000,    22.946
   127.100,    22.946
   127.200,    22.946
   127.300,    22.946
   127.400,    22.946
   127.500,    22.946
   127.600,    22.946
   127.700,    22.946
   127.800,    22.946
   127.900,    22.946
   128.000,    22.946
   128.100,    22.946
   128.200,    22.946
   128.300,    22.946
   128.400,    22.946
   128.500,    22.946
   128.600,    22.946
   128.700,    22.946
   128.800,    22.946
   128.900,    22.946
   129.000,    22.946
   129.100,    22.946
   129.200,    22.946
   129.300,    22.946
   129.400,    22.946
   129.500,    22.946
   129.600,    22.946
   129.700,    22.946
   129.800,    22.946
   129.900,    22.946
   130.000,    22.946
   130.100,    22.946
   130.200,    22.946
   130.300,    22.946
   130.400,    22.946
   130.500,    22.946
   130.600,    22.946
   130.700,    22.946
   130.800,    22.946
   130.900,    22.946
   131.000,    22.946
   131.100,    22.946
   131.200,    22.946
   131.300,    22.946
   131.400,    22.946
   131.500,    22.946
   131.600,    22.946
   131.700,    22.946
   131.800,    22.946
   131.900,    22.946
   132.000,    22.946
   132.100,    22.946
   132.200,    22.946
   132.300,    22.946
   132.400,    22.946
   132.500,    22.946
   132.600,    22.946
   132.700,    22.946
   132.800,    22.946
   132.900,    22.946
   133.000,    22.946
   133.100,    22.946
   133.200,    22.946
   133.300,    22.946
   133.400,    22.946
   133.500,    22.946
   133.600,    22.946
   133.700,    22.946
   133.800,    22.946
   133.900,    22.946
   134.000,    22.946
   134.100,    22.946
   134.200,    22.946
   134.300,    22.946
   134.400,    22.946
   134.500,    22.946
   134.600,    22.946
   134.700,    22.946
   134.800,    22.946
   134.900,    22.946
   135.000,    22.946
   135.100,    22.946
   135.200,    22.946
   135.300,    22.946
   135.400,    22.946
   135.500,    22.946
   135.600,    22.946
   135.700,    22.946
   135.800,    22.946
   135.900,    22.946
   136.000,    22.946
   136.100,    22.946
   136.200,    22.946
   136.300,    22.946
   136.400,    22.946
   136.500,    22.946
   136.600,    22.946
   136.700,    22.946
   136.800,    22.946
   136.900,    22.946
   137.000,    22.946
   137.100,    22.946
   137.200,    22.946
   137.300,    22.946
   137.400,    22.946
   137.500,    22.946
   137.600,    22.946
   137.700,    22.946
   137.800,    22.946
   137.900,    22.946
   138.000,    22.946
   138.100,    22.946
   138.200,    22.946
   138.300,    22.946
   138.400,    22.946
   138.500,    22.946
   138.600,    22.946
   138.700,    22.946
   138.800,    22.946
   138.900,    22.946
   139.000,    22.946
   139.100,    22.946
   139.200,    22.946
   139.300,    22.946
   139.400,    22.946
   139.500,    22.946
   139.600,    22.946
   139.700,    22.946
   139.800,    22.946
   139.900,    22.946
   140.000,    22.946
   140.100,    22.946
   140.200,    22.946
   140.300,    22.946
   140.400,    22.946
   140.500,    22.946
   140.600,    22.946
   140.700,    22.946
   140.800,    22.946
   140.900,    22.946
   141.000,    22.946
   141.100,    22.946
   141.200,    22.946
   141.300,    22.946
   141.400,    22.946
   141.500,    22.946
   141.600,    22.946
   141.700,    22.946
   141.800,    22.946
   141.900,    22.946
   142.000,    22.946
   142.100,    22.946
   142.200,    22.946
   142.300,    22.946
   142.400,    22.946
   142.500,    22.946
   142.600,    22.946
   142.700,    22.946
   142.800,    22.946
   142.900,    22.946
   143.000,    22.946
   143.100,    22.946
   143.200,    22.946
   143.300,    22.946
   143.400,    22.946
   143.500,    22.946
   143.600,    22.946
   143.700,    22.946
   143.800,    22.946
   143.900,    22.946
   144.000,    22.946
   144.100,    22.946
   144.200,    22.946
   144.300,    22.946
   144.400,    22.946
   144.500,    22.946
   144.600,    22.946
   144.700,    22.946
   144.800,    22.946
   144.900,    22.946
   145.000,    22.946
   145.100,    22.946
   145.200,    22.946
   145.300,    22.946
   145.400,    22.946
   145.500,    22.946
   145.600,    22.946
   145.700,    22.946
   145.800,    22.946
   145.900,    22.946
   146.000,    22.946
   146.100,    22.946
   146.200,    22.946
   146.300,    22.946
   146.400,    22.946
   146.500,    22.946
   146.600,    22.946
   146.700,    22.946
   146.800,    22.946
   146.900,    22.946
   147.000,    22.946
   147.100,    22.946
   147.200,    22.946
   147.300,    22.946
   147.400,    22.946
   147.500,    22.946
   147.600,    22.946
   147.700,    22.946
   147.800,    22.946
   147.900,    22.946
   148.000,    22.946
   148.100,    22.946
   148.200,    22.946
   148.300,    22.946
   148.400,    22.946
   148.500,    22.946
   148.600,    22.946
   148.700,    22.946
   148.800,    22.946
   148.900,    22.946
   149.000,    22.946
   149.100,    22.946
   149.200,    22.946
   149.300,    22.946
   149.400,    22.946
   149.500,    22.946
   149.600,    22.946
   149.700,    22.946
   149.800,    22.946
   149.900,    22.946
   150.000,    22.946
   150.100,    22.946
   150.200,    22.946
   150.300,    22.946
   150.400,    22.946
   150.500,    22.946
   150.600,    22.946
   150.700,    22.946
   150.800,    22.946
   150.900,    22.946
   151.000,    22.946
   151.100,    22.946
   151.200,    22.946
   151.300,    22.946
   151.400,    22.946
   151.500,    22.946
   151.600,    22.946
   151.700,    22.946
   151.800,    22.946
   151.900,    22.946
   152.000,    22.946
   152.100,    22.946
   152.200,    22.946
   152.300,    22.946
   152.400,    22.946
   152.500,    22.946
   152.600,    22.946
   152.700,    22.946
   152.800,    22.946
   152.900,    22.946
   153.000,    22.946
   153.100,    22.946
   153.200,    22.946
   153.300,    22.946
   153.400,    22.946
   153.500,    22.946
   153.600,    22.946
   153.700,    22.946
   153.800,    22.946
   153.900,    22.946
   154.000,    22.946
   154.100,    22.946
   154.200,    22.946
   154.300,    22.946
   154.400,    22.946
   154.500,    22.946
   154.600,    22.946
   154.700,    22.946
   154.800,    22.946
   154.900,    22.946
   155.000,    22.946
   155.100,    22.946
   155.200,    22.946
   155.300,    22.946
   155.400,    22.946
   155.500,    22.946
   155.600,    22.946
   155.700,    22.946
   155.800,    22.946
   155.900,    22.946
   156.000,    22.946
   156.100,    22.946
   156.200,    22.946
   156.300,    22.946
   156.400,    22.946
   156.500,    22.946
   156.600,    22.946
   156.700,    22.946
   156.800,    22.946
   156.900,    22.946
   157.000,    22.946
   157.100,    22.946
   157.200,    22.946
   157.300,    22.946
   157.400,    22.946
   157.500,    22.946
   157.600,    22.946
   157.700,    22.946
   157.800,    22.946
   157.900,    22.946
   158.000,    22.946
   158.100,    22.946
   158.200,    22.946
   158.300,    22.946
   158.400,    22.946
   158.500,    22.946
   158.600,    22.946
   158.700,    22.946
   158.800,    22.946
   158.900,    22.946
   159.000,    22.946
   159.100,    22.946
   159.200,    22.946
   159.300,    22.946
   159.400,    22.946
   159.500,    22.946
   159.600,    22.946
   159.700,    22.946
   159.800,    22.946
   159.900,    22.946
   160.000,    22.946
   160.100,    22.946
   160.200,    22.946
   160.300,    22.946
   160.400,    22.946
   160.500,    22.946
   160.600,    22.946
   160.700,    22.946
   160.800,    22.946
   160.900,    22.946
   161.000,    22.946
   161.100,    22.946
   161.200,    22.946
   161.300,    22.946
   161.400,    22.946
   161.500,    22.946
   161.600,    22.946
   161.700,    22.946
   161.800,    22.946
   161.900,    22.946
   162.000,    22.946
   162.100,    22.946
   162.200,    22.946
   162.300,    22.946
   162.400,    22.946
   162.500,    22.946
   162.600,    22.946
   162.700,    22.946
   162.800,    22.946
   162.900,    22.946
   163.000,    22.946
   163.100,    22.946
   163.200,    22.946
   163.300,    22.946
   163.400,    22.946
   163.500,    22.946
   163.600,    22.946
   163.700,    22.946
   163.800,    22.946
   163.900,    22.946
   164.000,    22.946
   164.100,    22.946
   164.200,    22.946
   164.300,    22.946
   164.400,    22.946
   164.500,    22.946
   164.600,    22.946
   164.700,    22.946
   164.800,    22.946
   164.900,    22.946
   165.000,    22.946
   165.100,    22.946
   165.200,    22.946
   165.300,    22.946
   165.400,    22.946
   165.500,    22.946
   165.600,    22.946
   165.700,    22.946
   165.800,    22.946
   165.900,    22.946
   166.000,    22.946
   166.100,    22.946
   166.200,    22.946
   166.300,    22.946
   166.400,    22.946
   166.500,    22.946
   166.600,    22.946
   166.700,    22.946
   166.800,    22.946
   166.900,    22.946
   167.000,    22.946
   167.100,    22.946
   167.200,    22.946
   167.300,    22.946
   167.400,    22.946
   167.500,    22.946
   167.600,    22.946
   167.700,    22.946
   167.800,    22.946
   167.900,    22.946
   168.000,    22.946
   168.100,    22.946
   168.200,    22.946
   168.300,    22.946
   168.400,    22.946
   168.500,    22.946
   168.600,    22.946
   168.700,    22.946
   168.800,    22.946
   168.900,    22.946
   169.000,    22.946
   169.100,    22.946
   169.200,    22.946
   169.300,    22.946
   169.400,    22.946
   169.500,    22.946
   169.600,    22.946
   169.700,    22.946
   169.800,    22.946
   169.900,    22.946
   170.000,    22.946
   170.100,    22.946
   170.200,    22.946
   170.300,    22.946
   170.400,    22.946
   170.500,    22.946
   170.600,    22.946
   170.700,    22.946
   170.800,    22.946
   170.900,    22.946
   171.000,    22.946
   171.100,    22.946
   171.200,    22.946
   171.300,    22.946
   171.400,    22.946
   171.500,    22.946
   171.600,    22.946
   171.700,    22.946
   171.800,    22.946
   171.900,    22.946
   172.000,    22.946
   172.100,    22.946
   172.200,    22.946
   172.300,    22.946
   172.400,    22.946
   172.500,    22.946
   172.600,    22.946
   172.700,    22.946
   172.800,    22.946
   172.900,    22.946
   173.000,    22.946
   173.100,    22.946
   173.200,    22.946
   173.300,    22.946
   173.400,    22.946
   173.500,    22.946
   173.600,    22.946
   173.700,    22.946
   173.800,    22.946
   173.900,    22.946
   174.000,    22.946
   174.100,    22.946
   174.200,    22.946
   174.300,    22.946
   174.400,    22.946
   174.500,    22.946
   174.600,    22.946
   174.700,    22.946
   174.800,    22.946
   174.900,    22.946
   175.000,    22.946
   175.100,    22.946
   175.200,    22.946
   175.300,    22.946
   175.400,    22.946
   175.500,    22.946
   175.600,    22.946
   175.700,    22.946
   175.800,    22.946
   175.900,    22.946
   176.000,    22.946
   176.100,    22.946
   176.200,    22.946
   176.300,    22.946
   176.400,    22.946
   176.500,    22.946
   176.600,    22.946
   176.700,    22.946
   176.800,    22.946
   176.900,    22.946
   177.000,    22.946
   177.100,    22.946
   177.200,    22.946
   177.300,    22.946
   177.400,    22.946
   177.500,    22.946
   177.600,    22.946
   177.700,    22.946
   177.800,    22.946
   177.900,    22.946
   178.000,    22.946
   178.100,    22.946
   178.200,    22.946
   178.300,    22.946
   178.400,    22.946
   178.500,    22.946
   178.600,    22.946
   178.700,    22.946
   178.800,    22.946
   178.900,    22.946
   179.000,    22.946
   179.100,    22.946
   179.200,    22.946
   179.300,    22.946
   179.400,    22.946
   179.500,    22.946
   179.600,    22.946
   179.700,    22.946
   179.800,    22.946
   179.900,    22.946
   180.000,    22.946
   180.100,    22.946
   180.200,    22.946
   180.300,    22.946
   180.400,    22.946
   180.500,    22.946
   180.600,    22.946
   180.700,    22.946
   180.800,    22.946
   180.900,    22.946
   181.000,    22.946
   181.100,    22.946
   181.200,    22.946
   181.300,    22.946
   181.400,    22.946
   181.500,    22.946
   181.600,    22.946
   181.700,    22.946
   181.800,    22.946
   181.900,    22.946
   182.000,    22.946
   182.100,    22.946
   182.200,    22.946
   182.300,    22.946
   182.400,    22.946
   182.500,    22.946
   182.600,    22.946
   182.700,    22.946
   182.800,    22.946
   182.900,    22.946
   183.000,    22.946
   183.100,    22.946
   183.200,    22.946
   183.300,    22.946
   183.400,    22.946
   183.500,    22.946
   183.600,    22.946
   183.700,    22.946
   183.800,    22.946
   183.900,    22.946
   184.000,    22.946
   184.100,    22.946
   184.200,    22.946
   184.300,    22.946
   184.400,    22.946
   184.500,    22.946
   184.600,    22.946
   184.700,    22.946
   184.800,    22.946
   184.900,    22.946
   185.000,    22.946
   185.100,    22.946
   185.200,    22.946
   185.300,    22.946
   185.400,    22.946
   185.500,    22.946
   185.600,    22.946
   185.700,    22.946
   185.800,    22.946
   185.900,    22.946
   186.000,    22.946
   186.100,    22.946
   186.200,    22.946
   186.300,    22.946
   186.400,    22.946
   186.500,    22.946
   186.600,    22.946
   186.700,    22.946
   186.800,    22.946
   186.900,    22.946
   187.000,    22.946
   187.100,    22.946
   187.200,    22.946
   187.300,    22.946
   187.400,    22.946
   187.500,    22.946
   187.600,    22.946
   187.700,    22.946
   187.800,    22.946
   187.900,    22.946
   188.000,    22.946
   188.100,    22.946
   188.200,    22.946
   188.300,    22.946
   188.400,    22.946
   188.500,    22.946
   188.600,    22.946
   188.700,    22.946
   188.800,    22.946
   188.900,    22.946
   189.000,    22.946
   189.100,    22.946
   189.200,    22.946
   189.300,    22.946
   189.400,    22.946
   189.500,    22.946
   189.600,    22.946
   189.700,    22.946
   189.800,    22.946
   189.900,    22.946
   190.000,    22.946
   190.100,    22.946
   190.200,    22.946
   190.300,    22.946
   190.400,    22.946
   190.500,    22.946
   190.600,    22.946
   190.700,    22.946
   190.800,    22.946
   190.900,    22.946
   191.000,    22.946
   191.100,    22.946
   191.200,    22.946
   191.300,    22.946
   191.400,    22.946
   191.500,    22.946
   191.600,    22.946
   191.700,    22.946
   191.800,    22.946
   191.900,    22.946
   192.000,    22.946
   192.100,    22.946
   192.200,    22.946
   192.300,    22.946
   192.400,    22.946
   192.500,    22.946
   192.600,    22.946
   192.700,    22.946
   192.800,    22.946
   192.900,    22.946
   193.000,    22.946
   193.100,    22.946
   193.200,    22.946
   193.300,    22.946
   193.400,    22.946
   193.500,    22.946
   193.600,    22.946
   193.700,    22.946
   193.800,    22.946
   193.900,    22.946
   194.000,    22.946
   194.100,    22.946
   194.200,    22.946
   194.300,    22.946
   194.400,    22.946
   194.500,    22.946
   194.600,    22.946
   194.700,    22.946
   194.800,    22.946
   194.900,    22.946
   195.000,    22.946
   195.100,    22.946
   195.200,    22.946
   195.300,    22.946
   195.400,    22.946
   195.500,    22.946
   195.600,    22.946
   195.700,    22.946
   195.800,    22.946
   195.900,    22.946
   196.000,    22.946
   196.100,    22.946
   196.200,    22.946
   196.300,    22.946
   196.400,    22.946
   196.500,    22.946
   196.600,    22.946
   196.700,    22.946
   196.800,    22.946
   196.900,    22.946
   197.000,    22.946
   197.100,    22.946
   197.200,    22.946
   197.300,    22.946
   197.400,    22.946
   197.500,    22.946
   197.600,    22.946
   197.700,    22.946
   197.800,    22.946
   197.900,    22.946
   198.000,    22.946
   198.100,    22.946
   198.200,    22.946
   198.300,    22.946
   198.400,    22.946
   198.500,    22.946
   198.600,    22.946
   198.700,    22.946
   198.800,    22.946
   198.900,    22.946
   199.000,    22.946
   199.100,    22.946
   199.200,    22.946
   199.300,    22.946
   199.400,    22.946
   199.500,    22.946
   199.600,    22.946
   199.700,    22.946
   199.800,    22.946
   199.900,    22.946
   200.000,    22.946
   200.100,    22.946
   200.200,    22.946
   200.300,    22.946
   200.400,    22.946
   200.500,    22.946
   200.600,    22.946
   200.700,    22.946
   200.800,    22.946
   200.900,    22.946
   201.000,    22.946
   201.100,    22.946
   201.200,    22.946
   201.300,    22.946
   201.400,    22.946
   201.500,    22.946
   201.600,    22.946
   201.700,    22.946
   201.800,    22.946
   201.900,    22.946
   202.000,    22.946
   202.100,    22.946
   202.200,    22.946
   202.300,    22.946
   202.400,    22.946
   202.500,    22.946
   202.600,    22.946
   202.700,    22.946
   202.800,    22.946
   202.900,    22.946
   203.000,    22.946
   203.100,    22.946
   203.200,    22.946
   203.300,    22.946
   203.400,    22.946
   203.500,    22.946
   203.600,    22.946
   203.700,    22.946
   203.800,    22.946
   203.900,    22.946
   204.000,    22.946
   204.100,    22.946
   204.200,    22.946
   204.300,    22.946
   204.400,    22.946
   204.500,    22.946
   204.600,    22.946
   204.700,    22.946
   204.800,    22.946
   204.900,    22.946
   205.000,    22.946
   205.100,    22.946
   205.200,    22.946
   205.300,    22.946
   205.400,    22.946
   205.500,    22.946
   205.600,    22.946
   205.700,    22.946
   205.800,    22.946
   205.900,    22.946
   206.000,    22.946
   206.100,    22.946
   206.200,    22.946
   206.300,    22.946
   206.400,    22.946
   206.500,    22.946
   206.600,    22.946
   206.700,    22.946
   206.800,    22.946
   206.900,    22.946
   207.000,    22.946
   207.100,    22.946
   207.200,    22.946
   207.300,    22.946
   207.400,    22.946
   207.500,    22.946
   207.600,    22.946
   207.700,    22.946
   207.800,    22.946
   207.900,    22.946
   208.000,    22.946
   208.100,    22.946
   208.200,    22.946
   208.300,    22.946
   208.400,    22.946
   208.500,    22.946
   208.600,    22.946
   208.700,    22.946
   208.800,    22.946
   208.900,    22.946
   209.000,    22.946
   209.100,    22.946
   209.200,    22.946
   209.300,    22.946
   209.400,    22.946
   209.500,    22.946
   209.600,    22.946
   209.700,    22.946
   209.800,    22.946
   209.900,    22.946
   210.000,    22.946
   210.100,    22.946
   210.200,    22.946
   210.300,    22.946
   210.400,    22.946
   210.500,    22.946
   210.600,    22.946
   210.700,    22.946
   210.800,    22.946
   210.900,    22.946
   211.000,    22.946
   211.100,    22.946
   211.200,    22.946
   211.300,    22.946
   211.400,    22.946
   211.500,    22.946
   211.600,    22.946
   211.700,    22.946
   211.800,    22.946
   211.900,    22.946
   212.000,    22.946
   212.100,    22.946
   212.200,    22.946
   212.300,    22.946
   212.400,    22.946
   212.500,    22.946
   212.600,    22.946
   212.700,    22.946
   212.800,    22.946
   212.900,    22.946
   213.000,    22.946
   213.100,    22.946
   213.200,    22.946
   213.300,    22.946
   213.400,    22.946
   213.500,    22.946
   213.600,    22.946
   213.700,    22.946
   213.800,    22.946
   213.900,    22.946
   214.000,    22.946
   214.100,    22.946
   214.200,    22.946
   214.300,    22.946
   214.400,    22.946
   214.500,    22.946
   214.600,    22.946
   214.700,    22.946
   214.800,    22.946
   214.900,    22.946
   215.000,    22.946
   215.100,    22.946
   215.200,    22.946
   215.300,    22.946
   215.400,    22.946
   215.500,    22.946
   215.600,    22.946
   215.700,    22.946
   215.800,    22.946
   215.900,    22.946
   216.000,    22.946
   216.100,    22.946
   216.200,    22.946
   216.300,    22.946
   216.400,    22.946
   216.500,    22.946
   216.600,    22.946
   216.700,    22.946
   216.800,    22.946
   216.900,    22.946
   217.000,    22.946
   217.100,    22.946
   217.200,    22.946
   217.300,    22.946
   217.400,    22.946
   217.500,    22.946
   217.600,    22.946
   217.700,    22.946
   217.800,    22.946
   217.900,    22.946
   218.000,    22.946
   218.100,    22.946
   218.200,    22.946
   218.300,    22.946
   218.400,    22.946
   218.500,    22.946
   218.600,    22.946
   218.700,    22.946
   218.800,    22.946
   218.900,    22.946
   219.000,    22.946
   219.100,    22.946
   219.200,    22.946
   219.300,    22.946
   219.400,    22.946
   219.500,    22.946
   219.600,    22.946
   219.700,    22.946
   219.800,    22.946
   219.900,    22.946
   220.000,    22.946
   220.100,    22.946
   220.200,    22.946
   220.300,    22.946
   220.400,    22.946
   220.500,    22.946
   220.600,    22.946
   220.700,    22.946
   220.800,    22.946
   220.900,    22.946
   221.000,    22.946
   221.100,    22.946
   221.200,    22.946
   221.300,    22.946
   221.400,    22.946
   221.500,    22.946
   221.600,    22.946
   221.700,    22.946
   221.800,    22.946
   221.900,    22.946
   222.000,    22.946
   222.100,    22.946
   222.200,    22.946
   222.300,    22.946
   222.400,    22.946
   222.500,    22.946
   222.600,    22.946
   222.700,    22.946
   222.800,    22.946
   222.900,    22.946
   223.000,    22.946
   223.100,    22.946
   223.200,    22.946
   223.300,    22.946
   223.400,    22.946
   223.500,    22.946
   223.600,    22.946
   223.700,    22.946
   223.800,    22.946
   223.900,    22.946
   224.000,    22.946
   224.100,    22.946
   224.200,    22.946
   224.300,    22.946
   224.400,    22.946
   224.500,    22.946
   224.600,    22.946
   224.700,    22.946
   224.800,    22.946
   224.900,    22.946
   225.000,    22.946
   225.100,    22.946
   225.200,    22.946
   225.300,    22.946
   225.400,    22.946
   225.500,    22.946
   225.600,    22.946
   225.700,    22.946
   225.800,    22.946
   225.900,    22.946
   226.000,    22.946
   226.100,    22.946
   226.200,    22.946
   226.300,    22.946
   226.400,    22.946
   226.500,    22.946
   226.600,    22.946
   226.700,    22.946
   226.800,    22.946
   226.900,    22.946
   227.000,    22.946
   227.100,    22.946
   227.200,    22.946
   227.300,    22.946
   227.400,    22.946
   227.500,    22.946
   227.600,    22.946
   227.700,    22.946
   227.800,    22.946
   227.900,    22.946
   228.000,    22.946
   228.100,    22.946
   228.200,    22.946
   228.300,    22.946
   228.400,    22.946
   228.500,    22.946
   228.600,    22.946
   228.700,    22.946
   228.800,    22.946
   228.900,    22.946
   229.000,    22.946
   229.100,    22.946
   229.200,    22.946
   229.300,    22.946
   229.400,    22.946
   229.500,    22.946
   229.600,    22.946
   229.700,    22.946
   229.800,    22.946
   229.900,    22.946
   230.000,    22.946
   230.100,    22.946
   230.200,    22.946
   230.300,    22.946
   230.400,    22.946
   230.500,    22.946
   230.600,    22.946
   230.700,    22.946
   230.800,    22.946
   230.900,    22.946
   231.000,    22.946
   231.100,    22.946
   231.200,    22.946
   231.300,    22.946
   231.400,    22.946
   231.500,    22.946
   231.600,    22.946
   231.700,    22.946
   231.800,    22.946
   231.900,    22.946
   232.000,    22.946
   232.100,    22.946
   232.200,    22.946
   232.300,    22.946
   232.400,    22.946
   232.500,    22.946
   232.600,    22.946
   232.700,    22.946
   232.800,    22.946
   232.900,    22.946
   233.000,    22.946
   233.100,    22.946
   233.200,    22.946
   233.300,    22.946
   233.400,    22.946
   233.500,    22.946
   233.600,    22.946
   233.700,    22.946
   233.800,    22.946
   233.900,    22.946
   234.000,    22.946
   234.100,    22.946
   234.200,    22.946
   234.300,    22.946
   234.400,    22.946
   234.500,    22.946
   234.600,    22.946
   234.700,    22.946
   234.800,    22.946
   234.900,    22.946
   235.000,    22.946
   235.100,    22.946
   235.200,    22.946
   235.300,    22.946
   235.400,    22.946
   235.500,    22.946
   235.600,    22.946
   235.700,    22.946
   235.800,    22.946
   235.900,    22.946
   236.000,    22.946
   236.100,    22.946
   236.200,    22.946
   236.300,    22.946
   236.400,    22.946
   236.500,    22.946
   236.600,    22.946
   236.700,    22.946
   236.800,    22.946
   236.900,    22.946
   237.000,    22.946
   237.100,    22.946
   237.200,    22.946
   237.300,    22.946
   237.400,    22.946
   237.500,    22.946
   237.600,    22.946
   237.700,    22.946
   237.800,    22.946
   237.900,    22.946
   238.000,    22.946
   238.100,    22.946
   238.200,    22.946
   238.300,    22.946
   238.400,    22.946
   238.500,    22.946
   238.600,    22.946
   238.700,    22.946
   238.800,    22.946
   238.900,    22.946
   239.000,    22.946
   239.100,    22.946
   239.200,    22.946
   239.300,    22.946
   239.400,    22.946
   239.500,    22.946
   239.600,    22.946
   239.700,    22.946
   239.800,    22.946
   239.900,    22.946
   240.000,    22.946
   240.100,    22.946
   240.200,    22.946
   240.300,    22.946
   240.400,    22.946
   240.500,    22.946
   240.600,    22.946
   240.700,    22.946
   240.800,    22.946
   240.900,    22.946
   241.000,    22.946
   241.100,    22.946
   241.200,    22.946
   241.300,    22.946
   241.400,    22.946
   241.500,    22.946
   241.600,    22.946
   241.700,    22.946
   241.800,    22.946
   241.900,    22.946
   242.000,    22.946
   242.100,    22.946
   242.200,    22.946
   242.300,    22.946
   242.400,    22.946
   242.500,    22.946
   242.600,    22.946
   242.700,    22.946
   242.800,    22.946
   242.900,    22.946
   243.000,    22.946
   243.100,    22.946
   243.200,    22.946
   243.300,    22.946
   243.400,    22.946
   243.500,    22.946
   243.600,    22.946
   243.700,    22.946
   243.800,    22.946
   243.900,    22.946
   244.000,    22.946
   244.100,    22.946
   244.200,    22.946
   244.300,    22.946
   244.400,    22.946
   244.500,    22.946
   244.600,    22.946
   244.700,    22.946
   244.800,    22.946
   244.900,    22.946
   245.000,    22.946
   245.100,    22.946
   245.200,    22.946
   245.300,    22.946
   245.400,    22.946
   245.500,    22.946
   245.600,    22.946
   245.700,    22.946
   245.800,    22.946
   245.900,    22.946
   246.000,    22.946
   246.100,    22.946
   246.200,    22.946
   246.300,    22.946
   246.400,    22.946
   246.500,    22.946
   246.600,    22.946
   246.700,    22.946
   246.800,    22.946
   246.900,    22.946
   247.000,    22.946
   247.100,    22.946
   247.200,    22.946
   247.300,    22.946
   247.400,    22.946
   247.500,    22.946
   247.600,    22.946
   247.700,    22.946
   247.800,    22.946
   247.900,    22.946
   248.000,    22.946
   248.100,    22.946
   248.200,    22.946
   248.300,    22.946
   248.400,    22.946
   248.500,    22.946
   248.600,    22.946
   248.700,    22.946
   248.800,    22.946
   248.900,    22.946
   249.000,    22.946
   249.100,    22.946
   249.200,    22.946
   249.300,    22.946
   249.400,    22.946
   249.500,    22.946
   249.600,    22.946
   249.700,    22.946
   249.800,    22.946
   249.900,    22.946
   250.000,    22.946
   250.100,    22.946
   250.200,    22.946
   250.300,    22.946
   250.400,    22.946
   250.500,    22.946
   250.600,    22.946
   250.700,    22.946
   250.800,    22.946
   250.900,    22.946
   251.000,    22.946
   251.100,    22.946
   251.200,    22.946
   251.300,    22.946
   251.400,    22.946
   251.500,    22.946
   251.600,    22.946
   251.700,    22.946
   251.800,    22.946
   251.900,    22.946
   252.000,    22.946
   252.100,    22.946
   252.200,    22.946
   252.300,    22.946
   252.400,    22.946
   252.500,    22.946
   252.600,    22.946
   252.700,    22.946
   252.800,    22.946
   252.900,    22.946
   253.000,    22.946
   253.100,    22.946
   253.200,    22.946
   253.300,    22.946
   253.400,    22.946
   253.500,    22.946
   253.600,    22.946
   253.700,    22.946
   253.800,    22.946
   253.900,    22.946
   254.000,    22.946
   254.100,    22.946
   254.200,    22.946
   254.300,    22.946
   254.400,    22.946
   254.500,    22.946
   254.600,    22.946
   254.700,    22.946
   254.800,    22.946
   254.900,    22.946
   255.000,    22.946
   255.100,    22.946
   255.200,    22.946
   255.300,    22.946
   255.400,    22.946
   255.500,    22.946
   255.600,    22.946
   255.700,    22.946
   255.800,    22.946
   255.900,    22.946
   256.000,    22.946
   256.100,    22.946
   256.200,    22.946
   256.300,    22.946
   256.400,    22.946
   256.500,    22.946
   256.600,    22.946
   256.700,    22.946
   256.800,    22.946
   256.900,    22.946
   257.000,    22.946
   257.100,    22.946
   257.200,    22.946
   257.300,    22.946
   257.400,    22.946
   257.500,    22.946
   257.600,    22.946
   257.700,    22.946
   257.800,    22.946
   257.900,    22.946
   258.000,    22.946
   258.100,    22.946
   258.200,    22.946
   258.300,    22.946
   258.400,    22.946
   258.500,    22.946
   258.600,    22.946
   258.700,    22.946
   258.800,    22.946
   258.900,    22.946
   259.000,    22.946
   259.100,    22.946
   259.200,    22.946
   259.300,    22.946
   259.400,    22.946
   259.500,    22.946
   259.600,    22.946
   259.700,    22.946
   259.800,    22.946
   259.900,    22.946
   260.000,    22.946
   260.100,    22.946
   260.200,    22.946
   260.300,    22.946
   260.400,    22.946
   260.500,    22.946
   260.600,    22.946
   260.700,    22.946
   260.800,    22.946
   260.900,    22.946
   261.000,    22.946
   261.100,    22.946
   261.200,    22.946
   261.300,    22.946
   261.400,    22.946
   261.500,    22.946
   261.600,    22.946
   261.700,    22.946
   261.800,    22.946
   261.900,    22.946
   262.000,    22.946
   262.100,    22.946
   262.200,    22.946
   262.300,    22.946
   262.400,    22.946
   262.500,    22.946
   262.600,    22.946
   262.700,    22.946
   262.800,    22.946
   262.900,    22.946
   263.000,    22.946
   263.100,    22.946
   263.200,    22.946
   263.300,    22.946
   263.400,    22.946
   263.500,    22.946
   263.600,    22.946
   263.700,    22.946
   263.800,    22.946
   263.900,    22.946
   264.000,    22.946
   264.100,    22.946
   264.200,    22.946
   264.300,    22.946
   264.400,    22.946
   264.500,    22.946
   264.600,    22.946
   264.700,    22.946
   264.800,    22.946
   264.900,    22.946
   265.000,    22.946
   265.100,    22.946
   265.200,    22.946
   265.300,    22.946
   265.400,    22.946
   265.500,    22.946
   265.600,    22.946
   265.700,    22.946
   265.800,    22.946
   265.900,    22.946
   266.000,    22.946
   266.100,    22.946
   266.200,    22.946
   266.300,    22.946
   266.400,    22.946
   266.500,    22.946
   266.600,    22.946
   266.700,    22.946
   266.800,    22.946
   266.900,    22.946
   267.000,    22.946
   267.100,    22.946
   267.200,    22.946
   267.300,    22.946
   267.400,    22.946
   267.500,    22.946
   267.600,    22.946
   267.700,    22.946
   267.800,    22.946
   267.900,    22.946
   268.000,    22.946
   268.100,    22.946
   268.200,    22.946
   268.300,    22.946
   268.400,    22.946
   268.500,    22.946
   268.600,    22.946
   268.700,    22.946
   268.800,    22.946
   268.900,    22.946
   269.000,    22.946
   269.100,    22.946
   269.200,    22.946
   269.300,    22.946
   269.400,    22.946
   269.500,    22.946
   269.600,    22.946
   269.700,    22.946
   269.800,    22.946
   269.900,    22.946
   270.000,    22.946
   270.100,    22.946
   270.200,    22.946
   270.300,    22.946
   270.400,    22.946
   270.500,    22.946
   270.600,    22.946
   270.700,    22.946
   270.800,    22.946
   270.900,    22.946
   271.000,    22.946
   271.100,    22.946
   271.200,    22.946
   271.300,    22.946
   271.400,    22.946
   271.500,    22.946
   271.600,    22.946
   271.700,    22.946
   271.800,    22.946
   271.900,    22.946
   272.000,    22.946
   272.100,    22.946
   272.200,    22.946
   272.300,    22.946
   272.400,    22.946
   272.500,    22.946
   272.600,    22.946
   272.700,    22.946
   272.800,    22.946
   272.900,    22.946
   273.000,    22.946
   273.100,    22.946
   273.200,    22.946
   273.300,    22.946
   273.400,    22.946
   273.500,    22.946
   273.600,    22.946
   273.700,    22.946
   273.800,    22.946
   273.900,    22.946
   274.000,    22.946
   274.100,    22.946
   274.200,    22.946
   274.300,    22.946
   274.400,    22.946
   274.500,    22.946
   274.600,    22.946
   274.700,    22.946
   274.800,    22.946
   274.900,    22.946
   275.000,    22.946
   275.100,    22.946
   275.200,    22.946
   275.300,    22.946
   275.400,    22.946
   275.500,    22.946
   275.600,    22.946
   275.700,    22.946
   275.800,    22.946
   275.900,    22.946
   276.000,    22.946
   276.100,    22.946
   276.200,    22.946
   276.300,    22.946
   276.400,    22.946
   276.500,    22.946
   276.600,    22.946
   276.700,    22.946
   276.800,    22.946
   276.900,    22.946
   277.000,    22.946
   277.100,    22.946
   277.200,    22.946
   277.300,    22.946
   277.400,    22.946
   277.500,    22.946
   277.600,    22.946
   277.700,    22.946
   277.800,    22.946
   277.900,    22.946
   278.000,    22.946
   278.100,    22.946
   278.200,    22.946
   278.300,    22.946
   278.400,    22.946
   278.500,    22.946
   278.600,    22.946
   278.700,    22.946
   278.800,    22.946
   278.900,    22.946
   279.000,    22.946
   279.100,    22.946
   279.200,    22.946
   279.300,    22.946
   279.400,    22.946
   279.500,    22.946
   279.600,    22.946
   279.700,    22.946
   279.800,    22.946
   279.900,    22.946
   280.000,    22.946
   280.100,    22.946
   280.200,    22.946
   280.300,    22.946
   280.400,    22.946
   280.500,    22.946
   280.600,    22.946
   280.700,    22.946
   280.800,    22.946
   280.900,    22.946
   281.000,    22.946
   281.100,    22.946
   281.200,    22.946
   281.300,    22.946
   281.400,    22.946
   281.500,    22.946
   281.600,    22.946
   281.700,    22.946
   281.800,    22.946
   281.900,    22.946
   282.000,    22.946
   282.100,    22.946
   282.200,    22.946
   282.300,    22.946
   282.400,    22.946
   282.500,    22.946
   282.600,    22.946
   282.700,    22.946
   282.800,    22.946
   282.900,    22.946
   283.000,    22.946
   283.100,    22.946
   283.200,    22.946
   283.300,    22.946
   283.400,    22.946
   283.500,    22.946
   283.600,    22.946
   283.700,    22.946
   283.800,    22.946
   283.900,    22.946
   284.000,    22.946
   284.100,    22.946
   284.200,    22.946
   284.300,    22.946
   284.400,    22.946
   284.500,    22.946
   284.600,    22.946
   284.700,    22.946
   284.800,    22.946
   284.900,    22.946
   285.000,    22.946
   285.100,    22.946
   285.200,    22.946
   285.300,    22.946
   285.400,    22.946
   285.500,    22.946
   285.600,    22.946
   285.700,    22.946
   285.800,    22.946
   285.900,    22.946
   286.000,    22.946
   286.100,    22.946
   286.200,    22.946
   286.300,    22.946
   286.400,    22.946
   286.500,    22.946
   286.600,    22.946
   286.700,    22.946
   286.800,    22.946
   286.900,    22.946
   287.000,    22.946
   287.100,    22.946
   287.200,    22.946
   287.300,    22.946
   287.400,    22.946
   287.500,    22.946
   287.600,    22.946
   287.700,    22.946
   287.800,    22.946
   287.900,    22.946
   288.000,    22.946
   288.100,    22.946
   288.200,    22.946
   288.300,    22.946
   288.400,    22.946
   288.500,    22.946
   288.600,    22.946
   288.700,    22.946
   288.800,    22.946
   288.900,    22.946
   289.000,    22.946
   289.100,    22.946
   289.200,    22.946
   289.300,    22.946
   289.400,    22.946
   289.500,    22.946
   289.600,    22.946
   289.700,    22.946
   289.800,    22.946
   289.900,    22.946
   290.000,    22.946
   290.100,    22.946
   290.200,    22.946
   290.300,    22.946
   290.400,    22.946
   290.500,    22.946
   290.600,    22.946
   290.700,    22.946
   290.800,    22.946
   290.900,    22.946
   291.000,    22.946
   291.100,    22.946
   291.200,    22.946
   291.300,    22.946
   291.400,    22.946
   291.500,    22.946
   291.600,    22.946
   291.700,    22.946
   291.800,    22.946
   291.900,    22.946
   292.000,    22.946
   292.100,    22.946
   292.200,    22.946
   292.300,    22.946
   292.400,    22.946
   292.500,    22.946
   292.600,    22.946
   292.700,    22.946
   292.800,    22.946
   292.900,    22.946
   293.000,    22.946
   293.100,    22.946
   293.200,    22.946
   293.300,    22.946
   293.400,    22.946
   293.500,    22.946
   293.600,    22.946
   293.700,    22.946
   293.800,    22.946
   293.900,    22.946
   294.000,    22.946
   294.100,    22.946
   294.200,    22.946
   294.300,    22.946
   294.400,    22.946
   294.500,    22.946
   294.600,    22.946
   294.700,    22.946
   294.800,    22.946
   294.900,    22.946
   295.000,    22.946
   295.100,    22.946
   295.200,    22.946
   295.300,    22.946
   295.400,    22.946
   295.500,    22.946
   295.600,    22.946
   295.700,    22.946
   295.800,    22.946
   295.900,    22.946
   296.000,    22.946
   296.100,    22.946
   296.200,    22.946
   296.300,    22.946
   296.400,    22.946
   296.500,    22.946
   296.600,    22.946
   296.700,    22.946
   296.800,    22.946
   296.900,    22.946
   297.000,    22.946
   297.100,    22.946
   297.200,    22.946
   297.300,    22.946
   297.400,    22.946
   297.500,    22.946
   297.600,    22.946
   297.700,    22.946
   297.800,    22.946
   297.900,    22.946
   298.000,    22.946
   298.100,    22.946
   298.200,    22.946
   298.300,    22.946
   298.400,    22.946
   298.500,    22.946
   298.600,    22.946
   298.700,    22.946
   298.800,    22.946
   298.900,    22.946
   299.000,    22.946
   299.100,    22.946
   299.200,    22.946
   299.300,    22.946
   299.400,    22.946
   299.500,    22.946
   299.600,    22.946
   299.700,    22.946
   299.800,    22.946
