     0.000,     4.000,     0.000
     0.100,     4.000,     0.283
     0.200,     4.001,     0.566
     0.300,     4.001,     0.849
     0.400,     4.001,     1.132
     0.500,     4.002,     1.414
     0.600,     4.002,     1.697
     0.700,     4.002,     1.980
     0.800,     4.002,     2.263
     0.900,     4.003,     2.546
     1.000,     4.003,     2.829
     1.100,     4.003,     3.112
     1.200,     4.004,     3.396
     1.300,     4.004,     3.679
     1.400,     4.004,     3.962
     1.500,     4.005,     4.245
     1.600,     4.005,     4.528
     1.700,     4.005,     4.811
     1.800,     4.005,     5.094
     1.900,     4.006,     5.378
     2.000,     4.006,     5.661
     2.100,     4.006,     5.944
     2.200,     4.007,     6.228
     2.300,     4.007,     6.511
     2.400,     4.007,     6.794
     2.500,     4.008,     7.078
     2.600,     4.008,     7.361
     2.700,     4.008,     7.644
     2.800,     4.009,     7.928
     2.900,     4.009,     8.211
     3.000,     4.009,     8.495
     3.100,     4.009,     8.778
     3.200,     4.010,     9.062
     3.300,     4.010,     9.345
     3.400,     4.010,     9.629
     3.500,     4.011,     9.912
     3.600,     4.011,    10.196
     3.700,     4.011,    10.480
     3.800,     4.012,    10.763
     3.900,     4.012,    11.047
     4.000,     4.012,    11.331
     4.100,     4.012,    11.614
     4.200,     4.013,    11.898
     4.300,     4.013,    12.182
     4.400,     4.013,    12.465
     4.500,     4.014,    12.749
     4.600,     4.014,    13.033
     4.700,     4.014,    13.317
     4.800,     4.015,    13.601
     4.900,     4.015,    13.885
     5.000,     4.015,    14.169
     5.100,     4.016,    14.452
     5.200,     4.016,    14.736
     5.300,     4.016,    15.020
     5.400,     4.016,    15.304
     5.500,     4.017,    15.588
     5.600,     4.017,    15.872
     5.700,     4.017,    16.156
     5.800,     4.018,    16.441
     5.900,     4.018,    16.725
     6.000,     4.018,    17.009
     6.100,     4.019,    17.293
     6.200,     4.019,    17.577
     6.300,     4.019,    17.861
     6.400,     4.019,    18.145
     6.500,     4.020,    18.430
     6.600,     4.020,    18.714
     6.700,     4.020,    18.998
     6.800,     4.021,    19.282
     6.900,     4.021,    19.567
     7.000,     4.021,    19.851
     7.100,     4.022,    20.135
     7.200,     4.022,    20.420
     7.300,     4.022,    20.704
     7.400,     4.023,    20.989
     7.500,     4.023,    21.273
     7.600,     4.023,    21.557
     7.700,     4.023,    21.842
     7.800,     4.024,    22.126
     7.900,     4.024,    22.411
     8.000,     4.024,    22.695
     8.100,     4.025,    22.980
     8.200,     4.025,    23.265
     8.300,     4.025,    23.549
     8.400,     4.026,    23.834
     8.500,     4.026,    24.119
     8.600,     4.026,    24.403
     8.700,     4.026,    24.688
     8.800,     4.027,    24.973
     8.900,     4.027,    25.257
     9.000,     4.027,    25.542
     9.100,     4.028,    25.827
     9.200,     4.028,    26.112
     9.300,     4.028,    26.396
     9.400,     4.029,    26.681
     9.500,     4.029,    26.966
     9.600,     4.029,    27.251
     9.700,     4.030,    27.536
     9.800,     4.030,    27.821
     9.900,     4.030,    28.106
    10.000,     4.030,    28.391
    10.100,     4.031,    28.676
    10.200,     4.031,    28.961
    10.300,     4.031,    29.246
    10.400,     4.032,    29.531
    10.500,     4.032,    29.816
    10.600,     4.032,    30.101
    10.700,     4.033,    30.386
    10.800,     4.033,    30.671
    10.900,     4.033,    30.957
    11.000,     4.033,    31.242
    11.100,     4.034,    31.527
    11.200,     4.034,    31.812
    11.300,     4.034,    32.097
    11.400,     4.035,    32.383
    11.500,     4.035,    32.668
    11.600,     4.035,    32.953
    11.700,     4.036,    33.239
    11.800,     4.036,    33.524
    11.900,     4.036,    33.809
    12.000,     4.036,    34.095
    12.100,     4.037,    34.380
    12.200,     4.037,    34.666
    12.300,     4.037,    34.951
    12.400,     4.038,    35.237
    12.500,     4.038,    35.522
    12.600,     4.038,    35.808
    12.700,     4.039,    36.093
    12.800,     4.039,    36.379
    12.900,     4.039,    36.664
    13.000,     4.039,    36.950
    13.100,     4.040,    37.236
    13.200,     4.040,    37.521
    13.300,     4.040,    37.807
    13.400,     4.041,    38.093
    13.500,     4.041,    38.378
    13.600,     4.041,    38.664
    13.700,     4.042,    38.950
    13.800,     4.042,    39.236
    13.900,     4.042,    39.521
    14.000,     4.043,    39.807
    14.100,     4.043,    40.093
    14.200,     4.043,    40.379
    14.300,     4.043,    40.665
    14.400,     4.044,    40.951
    14.500,     4.044,    41.237
    14.600,     4.044,    41.523
    14.700,     4.045,    41.809
    14.800,     4.045,    42.095
    14.900,     4.045,    42.381
    15.000,     4.046,    42.667
    15.100,     4.046,    42.953
    15.200,     4.046,    43.239
    15.300,     4.046,    43.525
    15.400,     4.047,    43.811
    15.500,     4.047,    44.097
    15.600,     4.047,    44.383
    15.700,     4.048,    44.670
    15.800,     4.048,    44.956
    15.900,     4.048,    45.242
    16.000,     4.049,    45.528
    16.100,     4.049,    45.815
    16.200,     4.049,    46.101
    16.300,     4.049,    46.387
    16.400,     4.050,    46.674
    16.500,     4.050,    46.960
    16.600,     4.050,    47.246
    16.700,     4.051,    47.533
    16.800,     4.051,    47.819
    16.900,     4.051,    48.106
    17.000,     4.052,    48.392
    17.100,     4.052,    48.678
    17.200,     4.052,    48.965
    17.300,     4.052,    49.252
    17.400,     4.053,    49.538
    17.500,     4.053,    49.825
    17.600,     4.053,    50.111
    17.700,     4.054,    50.398
    17.800,     4.054,    50.685
    17.900,     4.054,    50.971
    18.000,     4.055,    51.258
    18.100,     4.055,    51.545
    18.200,     4.055,    51.831
    18.300,     4.055,    52.118
    18.400,     4.056,    52.405
    18.500,     4.056,    52.692
    18.600,     4.056,    52.978
    18.700,     4.057,    53.265
    18.800,     4.057,    53.552
    18.900,     4.057,    53.839
    19.000,     4.058,    54.126
    19.100,     4.058,    54.413
    19.200,     4.058,    54.700
    19.300,     4.058,    54.987
    19.400,     4.059,    55.274
    19.500,     4.059,    55.561
    19.600,     4.059,    55.848
    19.700,     4.060,    56.135
    19.800,     4.060,    56.422
    19.900,     4.060,    56.709
    20.000,     4.061,    56.996
    20.100,     4.061,    57.283
    20.200,     4.061,    57.570
    20.300,     4.061,    57.857
    20.400,     4.062,    58.145
    20.500,     4.062,    58.432
    20.600,     4.062,    58.719
    20.700,     4.063,    59.006
    20.800,     4.063,    59.294
    20.900,     4.063,    59.581
    21.000,     4.064,    59.868
    21.100,     4.064,    60.155
    21.200,     4.064,    60.443
    21.300,     4.064,    60.730
    21.400,     4.065,    61.018
    21.500,     4.065,    61.305
    21.600,     4.065,    61.593
    21.700,     4.066,    61.880
    21.800,     4.066,    62.167
    21.900,     4.066,    62.455
    22.000,     4.067,    62.743
    22.100,     4.067,    63.030
    22.200,     4.067,    63.318
    22.300,     4.068,    63.605
    22.400,     4.068,    63.893
    22.500,     4.068,    64.180
    22.600,     4.068,    64.468
    22.700,     4.069,    64.756
    22.800,     4.069,    65.044
    22.900,     4.069,    65.331
    23.000,     4.070,    65.619
    23.100,     4.070,    65.907
    23.200,     4.070,    66.195
    23.300,     4.071,    66.482
    23.400,     4.071,    66.770
    23.500,     4.071,    67.058
    23.600,     4.071,    67.346
    23.700,     4.072,    67.634
    23.800,     4.072,    67.922
    23.900,     4.072,    68.210
    24.000,     4.073,    68.498
    24.100,     4.073,    68.786
    24.200,     4.073,    69.074
    24.300,     4.074,    69.362
    24.400,     4.074,    69.650
    24.500,     4.074,    69.938
    24.600,     4.074,    70.226
    24.700,     4.075,    70.514
    24.800,     4.075,    70.802
    24.900,     4.075,    71.090
    25.000,     4.076,    71.378
    25.100,     4.076,    71.666
    25.200,     4.076,    71.955
    25.300,     4.076,    72.243
    25.400,     4.077,    72.531
    25.500,     4.077,    72.819
    25.600,     4.077,    73.108
    25.700,     4.078,    73.396
    25.800,     4.078,    73.684
    25.900,     4.078,    73.973
    26.000,     4.079,    74.261
    26.100,     4.079,    74.550
    26.200,     4.079,    74.838
    26.300,     4.079,    75.126
    26.400,     4.080,    75.415
    26.500,     4.080,    75.703
    26.600,     4.080,    75.992
    26.700,     4.081,    76.280
    26.800,     4.081,    76.569
    26.900,     4.081,    76.857
    27.000,     4.082,    77.146
    27.100,     4.082,    77.435
    27.200,     4.082,    77.723
    27.300,     4.082,    78.012
    27.400,     4.083,    78.301
    27.500,     4.083,    78.589
    27.600,     4.083,    78.878
    27.700,     4.084,    79.167
    27.800,     4.084,    79.456
    27.900,     4.084,    79.744
    28.000,     4.085,    80.033
    28.100,     4.085,    80.322
    28.200,     4.085,    80.611
    28.300,     4.085,    80.900
    28.400,     4.086,    81.189
    28.500,     4.086,    81.477
    28.600,     4.086,    81.766
    28.700,     4.087,    82.055
    28.800,     4.087,    82.344
    28.900,     4.087,    82.633
    29.000,     4.088,    82.922
    29.100,     4.088,    83.211
    29.200,     4.088,    83.500
    29.300,     4.088,    83.790
    29.400,     4.089,    84.079
    29.500,     4.089,    84.368
    29.600,     4.089,    84.657
    29.700,     4.090,    84.946
    29.800,     4.090,    85.235
    29.900,     4.090,    85.524
    30.000,     4.091,    85.814
    30.100,     4.091,    86.103
    30.200,     4.091,    86.392
    30.300,     4.091,    86.681
    30.400,     4.092,    86.971
    30.500,     4.092,    87.260
    30.600,     4.092,    87.549
    30.700,     4.093,    87.839
    30.800,     4.093,    88.128
    30.900,     4.093,    88.418
    31.000,     4.094,    88.707
    31.100,     4.094,    88.996
    31.200,     4.094,    89.286
    31.300,     4.094,    89.575
    31.400,     4.095,    89.865
    31.500,     4.095,    90.155
    31.600,     4.095,    90.444
    31.700,     4.096,    90.734
    31.800,     4.096,    91.023
    31.900,     4.096,    91.313
    32.000,     4.097,    91.603
    32.100,     4.097,    91.892
    32.200,     4.097,    92.182
    32.300,     4.097,    92.472
    32.400,     4.098,    92.761
    32.500,     4.098,    93.051
    32.600,     4.098,    93.341
    32.700,     4.099,    93.631
    32.800,     4.099,    93.920
    32.900,     4.099,    94.210
    33.000,     4.099,    94.500
    33.100,     4.100,    94.790
    33.200,     4.100,    95.080
    33.300,     4.100,    95.370
    33.400,     4.101,    95.660
    33.500,     4.101,    95.950
    33.600,     4.101,    96.240
    33.700,     4.102,    96.530
    33.800,     4.102,    96.820
    33.900,     4.102,    97.110
    34.000,     4.102,    97.400
    34.100,     4.103,    97.690
    34.200,     4.103,    97.980
    34.300,     4.103,    98.270
    34.400,     4.104,    98.560
    34.500,     4.104,    98.851
    34.600,     4.104,    99.141
    34.700,     4.105,    99.431
    34.800,     4.105,    99.721
    34.900,     4.105,   100.011
    35.000,     4.105,   100.302
    35.100,     4.106,   100.592
    35.200,     4.106,   100.882
    35.300,     4.106,   101.173
    35.400,     4.107,   101.463
    35.500,     4.107,   101.753
    35.600,     4.107,   102.044
    35.700,     4.108,   102.334
    35.800,     4.108,   102.625
    35.900,     4.108,   102.915
    36.000,     4.108,   103.206
    36.100,     4.109,   103.496
    36.200,     4.109,   103.787
    36.300,     4.109,   104.077
    36.400,     4.110,   104.368
    36.500,     4.110,   104.658
    36.600,     4.110,   104.949
    36.700,     4.111,   105.240
    36.800,     4.111,   105.530
    36.900,     4.111,   105.821
    37.000,     4.111,   106.112
    37.100,     4.112,   106.402
    37.200,     4.112,   106.693
    37.300,     4.112,   106.984
    37.400,     4.113,   107.275
    37.500,     4.113,   107.566
    37.600,     4.113,   107.856
    37.700,     4.113,   108.147
    37.800,     4.114,   108.438
    37.900,     4.114,   108.729
    38.000,     4.114,   109.020
    38.100,     4.115,   109.311
    38.200,     4.115,   109.602
    38.300,     4.115,   109.893
    38.400,     4.116,   110.184
    38.500,     4.116,   110.475
    38.600,     4.116,   110.766
    38.700,     4.116,   111.057
    38.800,     4.117,   111.348
    38.900,     4.117,   111.639
    39.000,     4.117,   111.930
    39.100,     4.118,   112.221
    39.200,     4.118,   112.512
    39.300,     4.118,   112.804
    39.400,     4.119,   113.095
    39.500,     4.119,   113.386
    39.600,     4.119,   113.677
    39.700,     4.119,   113.969
    39.800,     4.120,   114.260
    39.900,     4.120,   114.551
    40.000,     4.120,   114.842
    40.100,     4.121,   115.134
    40.200,     4.121,   115.425
    40.300,     4.121,   115.717
    40.400,     4.121,   116.008
    40.500,     4.122,   116.299
    40.600,     4.122,   116.591
    40.700,     4.122,   116.882
    40.800,     4.123,   117.174
    40.900,     4.123,   117.465
    41.000,     4.123,   117.757
    41.100,     4.124,   118.048
    41.200,     4.124,   118.340
    41.300,     4.124,   118.632
    41.400,     4.124,   118.923
    41.500,     4.125,   119.215
    41.600,     4.125,   119.507
    41.700,     4.125,   119.798
    41.800,     4.126,   120.090
    41.900,     4.126,   120.382
    42.000,     4.126,   120.673
    42.100,     4.127,   120.965
    42.200,     4.127,   121.257
    42.300,     4.127,   121.549
    42.400,     4.127,   121.841
    42.500,     4.128,   122.132
    42.600,     4.128,   122.424
    42.700,     4.128,   122.716
    42.800,     4.129,   123.008
    42.900,     4.129,   123.300
    43.000,     4.129,   123.592
    43.100,     4.129,   123.884
    43.200,     4.130,   124.176
    43.300,     4.130,   124.468
    43.400,     4.130,   124.760
    43.500,     4.131,   125.052
    43.600,     4.131,   125.344
    43.700,     4.131,   125.636
    43.800,     4.132,   125.928
    43.900,     4.132,   126.221
    44.000,     4.132,   126.513
    44.100,     4.132,   126.805
    44.200,     4.133,   127.097
    44.300,     4.133,   127.389
    44.400,     4.133,   127.682
    44.500,     4.134,   127.974
    44.600,     4.134,   128.266
    44.700,     4.134,   128.558
    44.800,     4.134,   128.851
    44.900,     4.135,   129.143
    45.000,     4.135,   129.435
    45.100,     4.135,   129.728
    45.200,     4.136,   130.020
    45.300,     4.136,   130.313
    45.400,     4.136,   130.605
    45.500,     4.137,   130.898
    45.600,     4.137,   131.190
    45.700,     4.137,   131.483
    45.800,     4.137,   131.775
    45.900,     4.138,   132.068
    46.000,     4.138,   132.360
    46.100,     4.138,   132.653
    46.200,     4.139,   132.946
    46.300,     4.139,   133.238
    46.400,     4.139,   133.531
    46.500,     4.140,   133.824
    46.600,     4.140,   134.116
    46.700,     4.140,   134.409
    46.800,     4.140,   134.702
    46.900,     4.141,   134.995
    47.000,     4.141,   135.287
    47.100,     4.141,   135.580
    47.200,     4.142,   135.873
    47.300,     4.142,   136.166
    47.400,     4.142,   136.459
    47.500,     4.142,   136.752
    47.600,     4.143,   137.045
    47.700,     4.143,   137.337
    47.800,     4.143,   137.630
    47.900,     4.144,   137.923
    48.000,     4.144,   138.216
    48.100,     4.144,   138.509
    48.200,     4.145,   138.802
    48.300,     4.145,   139.096
    48.400,     4.145,   139.389
    48.500,     4.145,   139.682
    48.600,     4.146,   139.975
    48.700,     4.146,   140.268
    48.800,     4.146,   140.561
    48.900,     4.147,   140.854
    49.000,     4.147,   141.148
    49.100,     4.147,   141.441
    49.200,     4.147,   141.734
    49.300,     4.148,   142.027
    49.400,     4.148,   142.321
    49.500,     4.148,   142.614
    49.600,     4.149,   142.907
    49.700,     4.149,   143.201
    49.800,     4.149,   143.494
    49.900,     4.150,   143.787
    50.000,     4.150,   144.081
    50.100,     4.150,   144.374
    50.200,     4.150,   144.668
    50.300,     4.151,   144.961
    50.400,     4.151,   145.255
    50.500,     4.151,   145.548
    50.600,     4.152,   145.842
    50.700,     4.152,   146.135
    50.800,     4.152,   146.429
    50.900,     4.152,   146.722
    51.000,     4.153,   147.016
    51.100,     4.153,   147.310
    51.200,     4.153,   147.603
    51.300,     4.154,   147.897
    51.400,     4.154,   148.191
    51.500,     4.154,   148.484
    51.600,     4.155,   148.778
    51.700,     4.155,   149.072
    51.800,     4.155,   149.366
    51.900,     4.155,   149.660
    52.000,     4.156,   149.953
    52.100,     4.156,   150.247
    52.200,     4.156,   150.541
    52.300,     4.157,   150.835
    52.400,     4.157,   151.129
    52.500,     4.157,   151.423
    52.600,     4.157,   151.717
    52.700,     4.158,   152.011
    52.800,     4.158,   152.305
    52.900,     4.158,   152.599
    53.000,     4.159,   152.893
    53.100,     4.159,   153.187
    53.200,     4.159,   153.481
    53.300,     4.160,   153.775
    53.400,     4.160,   154.069
    53.500,     4.160,   154.363
    53.600,     4.160,   154.658
    53.700,     4.161,   154.952
    53.800,     4.161,   155.246
    53.900,     4.161,   155.540
    54.000,     4.162,   155.834
    54.100,     4.162,   156.129
    54.200,     4.162,   156.423
    54.300,     4.162,   156.717
    54.400,     4.163,   157.012
    54.500,     4.163,   157.306
    54.600,     4.163,   157.600
    54.700,     4.164,   157.895
    54.800,     4.164,   158.189
    54.900,     4.164,   158.484
    55.000,     4.165,   158.778
    55.100,     4.165,   159.073
    55.200,     4.165,   159.367
    55.300,     4.165,   159.662
    55.400,     4.166,   159.956
    55.500,     4.166,   160.251
    55.600,     4.166,   160.545
    55.700,     4.167,   160.840
    55.800,     4.167,   161.134
    55.900,     4.167,   161.429
    56.000,     4.167,   161.724
    56.100,     4.168,   162.018
    56.200,     4.168,   162.313
    56.300,     4.168,   162.608
    56.400,     4.169,   162.903
    56.500,     4.169,   163.197
    56.600,     4.169,   163.492
    56.700,     4.169,   163.787
    56.800,     4.170,   164.082
    56.900,     4.170,   164.377
    57.000,     4.170,   164.671
    57.100,     4.171,   164.966
    57.200,     4.171,   165.261
    57.300,     4.171,   165.556
    57.400,     4.172,   165.851
    57.500,     4.172,   166.146
    57.600,     4.172,   166.441
    57.700,     4.172,   166.736
    57.800,     4.173,   167.031
    57.900,     4.173,   167.326
    58.000,     4.173,   167.621
    58.100,     4.174,   167.916
    58.200,     4.174,   168.212
    58.300,     4.174,   168.507
    58.400,     4.174,   168.802
    58.500,     4.175,   169.097
    58.600,     4.175,   169.392
    58.700,     4.175,   169.687
    58.800,     4.176,   169.983
    58.900,     4.176,   170.278
    59.000,     4.176,   170.573
    59.100,     4.177,   170.869
    59.200,     4.177,   171.164
    59.300,     4.177,   171.459
    59.400,     4.177,   171.755
    59.500,     4.178,   172.050
    59.600,     4.178,   172.345
    59.700,     4.178,   172.641
    59.800,     4.179,   172.936
    59.900,     4.179,   173.232
    60.000,     4.179,   173.527
    60.100,     4.179,   173.823
    60.200,     4.180,   174.118
    60.300,     4.180,   174.414
    60.400,     4.180,   174.709
    60.500,     4.181,   175.005
    60.600,     4.181,   175.301
    60.700,     4.181,   175.596
    60.800,     4.181,   175.892
    60.900,     4.182,   176.188
    61.000,     4.182,   176.483
    61.100,     4.182,   176.779
    61.200,     4.183,   177.075
    61.300,     4.183,   177.370
    61.400,     4.183,   177.666
    61.500,     4.184,   177.962
    61.600,     4.184,   178.258
    61.700,     4.184,   178.554
    61.800,     4.184,   178.850
    61.900,     4.185,   179.145
    62.000,     4.185,   179.441
    62.100,     4.185,   179.737
    62.200,     4.186,   180.033
    62.300,     4.186,   180.329
    62.400,     4.186,   180.625
    62.500,     4.186,   180.921
    62.600,     4.187,   181.217
    62.700,     4.187,   181.513
    62.800,     4.187,   181.809
    62.900,     4.188,   182.105
    63.000,     4.188,   182.401
    63.100,     4.188,   182.698
    63.200,     4.188,   182.994
    63.300,     4.189,   183.290
    63.400,     4.189,   183.586
    63.500,     4.189,   183.882
    63.600,     4.190,   184.179
    63.700,     4.190,   184.475
    63.800,     4.190,   184.771
    63.900,     4.191,   185.067
    64.000,     4.191,   185.364
    64.100,     4.191,   185.660
    64.200,     4.191,   185.956
    64.300,     4.192,   186.253
    64.400,     4.192,   186.549
    64.500,     4.192,   186.846
    64.600,     4.193,   187.142
    64.700,     4.193,   187.438
    64.800,     4.193,   187.735
    64.900,     4.193,   188.031
    65.000,     4.194,   188.328
    65.100,     4.194,   188.624
    65.200,     4.194,   188.921
    65.300,     4.195,   189.218
    65.400,     4.195,   189.514
    65.500,     4.195,   189.811
    65.600,     4.195,   190.107
    65.700,     4.196,   190.404
    65.800,     4.196,   190.701
    65.900,     4.196,   190.998
    66.000,     4.197,   191.294
    66.100,     4.197,   191.591
    66.200,     4.197,   191.888
    66.300,     4.198,   192.185
    66.400,     4.198,   192.481
    66.500,     4.198,   192.778
    66.600,     4.198,   193.075
    66.700,     4.199,   193.372
    66.800,     4.199,   193.669
    66.900,     4.199,   193.966
    67.000,     4.200,   194.263
    67.100,     4.200,   194.560
    67.200,     4.200,   194.857
    67.300,     4.200,   195.154
    67.400,     4.201,   195.451
    67.500,     4.201,   195.748
    67.600,     4.201,   196.045
    67.700,     4.202,   196.342
    67.800,     4.202,   196.639
    67.900,     4.202,   196.936
    68.000,     4.202,   197.233
    68.100,     4.203,   197.530
    68.200,     4.203,   197.827
    68.300,     4.203,   198.125
    68.400,     4.204,   198.422
    68.500,     4.204,   198.719
    68.600,     4.204,   199.016
    68.700,     4.204,   199.314
    68.800,     4.205,   199.611
    68.900,     4.205,   199.908
    69.000,     4.205,   200.206
    69.100,     4.206,   200.503
    69.200,     4.206,   200.800
    69.300,     4.206,   201.098
    69.400,     4.207,   201.395
    69.500,     4.207,   201.693
    69.600,     4.207,   201.990
    69.700,     4.207,   202.288
    69.800,     4.208,   202.585
    69.900,     4.208,   202.883
    70.000,     4.208,   203.180
    70.100,     4.209,   203.478
    70.200,     4.209,   203.775
    70.300,     4.209,   204.073
    70.400,     4.209,   204.371
    70.500,     4.210,   204.668
    70.600,     4.210,   204.966
    70.700,     4.210,   205.264
    70.800,     4.211,   205.561
    70.900,     4.211,   205.859
    71.000,     4.211,   206.157
    71.100,     4.211,   206.455
    71.200,     4.212,   206.752
    71.300,     4.212,   207.050
    71.400,     4.212,   207.348
    71.500,     4.213,   207.646
    71.600,     4.213,   207.944
    71.700,     4.213,   208.242
    71.800,     4.213,   208.540
    71.900,     4.214,   208.837
    72.000,     4.214,   209.135
    72.100,     4.214,   209.433
    72.200,     4.215,   209.731
    72.300,     4.215,   210.029
    72.400,     4.215,   210.327
    72.500,     4.216,   210.626
    72.600,     4.216,   210.924
    72.700,     4.216,   211.222
    72.800,     4.216,   211.520
    72.900,     4.217,   211.818
    73.000,     4.217,   212.116
    73.100,     4.217,   212.414
    73.200,     4.218,   212.713
    73.300,     4.218,   213.011
    73.400,     4.218,   213.309
    73.500,     4.218,   213.607
    73.600,     4.219,   213.906
    73.700,     4.219,   214.204
    73.800,     4.219,   214.502
    73.900,     4.220,   214.801
    74.000,     4.220,   215.099
    74.100,     4.220,   215.397
    74.200,     4.220,   215.696
    74.300,     4.221,   215.994
    74.400,     4.221,   216.293
    74.500,     4.221,   216.591
    74.600,     4.222,   216.890
    74.700,     4.222,   217.188
    74.800,     4.222,   217.487
    74.900,     4.222,   217.785
    75.000,     4.223,   218.084
    75.100,     4.223,   218.382
    75.200,     4.223,   218.681
    75.300,     4.224,   218.980
    75.400,     4.224,   219.278
    75.500,     4.224,   219.577
    75.600,     4.224,   219.876
    75.700,     4.225,   220.174
    75.800,     4.225,   220.473
    75.900,     4.225,   220.772
    76.000,     4.226,   221.071
    76.100,     4.226,   221.369
    76.200,     4.226,   221.668
    76.300,     4.226,   221.967
    76.400,     4.227,   222.266
    76.500,     4.227,   222.565
    76.600,     4.227,   222.864
    76.700,     4.228,   223.163
    76.800,     4.228,   223.462
    76.900,     4.228,   223.760
    77.000,     4.229,   224.059
    77.100,     4.229,   224.358
    77.200,     4.229,   224.657
    77.300,     4.229,   224.957
    77.400,     4.230,   225.256
    77.500,     4.230,   225.555
    77.600,     4.230,   225.854
    77.700,     4.231,   226.153
    77.800,     4.231,   226.452
    77.900,     4.231,   226.751
    78.000,     4.231,   227.050
    78.100,     4.232,   227.350
    78.200,     4.232,   227.649
    78.300,     4.232,   227.948
    78.400,     4.233,   228.247
    78.500,     4.233,   228.547
    78.600,     4.233,   228.846
    78.700,     4.233,   229.145
    78.800,     4.234,   229.445
    78.900,     4.234,   229.744
    79.000,     4.234,   230.043
    79.100,     4.235,   230.343
    79.200,     4.235,   230.642
    79.300,     4.235,   230.942
    79.400,     4.235,   231.241
    79.500,     4.236,   231.541
    79.600,     4.236,   231.840
    79.700,     4.236,   232.140
    79.800,     4.237,   232.439
    79.900,     4.237,   232.739
    80.000,     4.237,   233.038
    80.100,     4.237,   233.338
    80.200,     4.238,   233.638
    80.300,     4.238,   233.937
    80.400,     4.238,   234.237
    80.500,     4.239,   234.537
    80.600,     4.239,   234.836
    80.700,     4.239,   235.136
    80.800,     4.239,   235.436
    80.900,     4.240,   235.736
    81.000,     4.240,   236.035
    81.100,     4.240,   236.335
    81.200,     4.241,   236.635
    81.300,     4.241,   236.935
    81.400,     4.241,   237.235
    81.500,     4.241,   237.535
    81.600,     4.242,   237.835
    81.700,     4.242,   238.135
    81.800,     4.242,   238.435
    81.900,     4.243,   238.734
    82.000,     4.243,   239.034
    82.100,     4.243,   239.335
    82.200,     4.244,   239.635
    82.300,     4.244,   239.935
    82.400,     4.244,   240.235
    82.500,     4.244,   240.535
    82.600,     4.245,   240.835
    82.700,     4.245,   241.135
    82.800,     4.245,   241.435
    82.900,     4.246,   241.735
    83.000,     4.246,   242.036
    83.100,     4.246,   242.336
    83.200,     4.246,   242.636
    83.300,     4.247,   242.936
    83.400,     4.247,   243.237
    83.500,     4.247,   243.537
    83.600,     4.248,   243.837
    83.700,     4.248,   244.138
    83.800,     4.248,   244.438
    83.900,     4.248,   244.738
    84.000,     4.249,   245.039
    84.100,     4.249,   245.339
    84.200,     4.249,   245.640
    84.300,     4.250,   245.940
    84.400,     4.250,   246.241
    84.500,     4.250,   246.541
    84.600,     4.250,   246.842
    84.700,     4.251,   247.142
    84.800,     4.251,   247.443
    84.900,     4.251,   247.743
    85.000,     4.252,   248.044
    85.100,     4.252,   248.345
    85.200,     4.252,   248.645
    85.300,     4.252,   248.946
    85.400,     4.253,   249.247
    85.500,     4.253,   249.547
    85.600,     4.253,   249.848
    85.700,     4.254,   250.149
    85.800,     4.254,   250.450
    85.900,     4.254,   250.750
    86.000,     4.254,   251.051
    86.100,     4.255,   251.352
    86.200,     4.255,   251.653
    86.300,     4.255,   251.954
    86.400,     4.256,   252.255
    86.500,     4.256,   252.556
    86.600,     4.256,   252.856
    86.700,     4.256,   253.157
    86.800,     4.257,   253.458
    86.900,     4.257,   253.759
    87.000,     4.257,   254.060
    87.100,     4.258,   254.361
    87.200,     4.258,   254.663
    87.300,     4.258,   254.964
    87.400,     4.258,   255.265
    87.500,     4.259,   255.566
    87.600,     4.259,   255.867
    87.700,     4.259,   256.168
    87.800,     4.260,   256.469
    87.900,     4.260,   256.770
    88.000,     4.260,   257.072
    88.100,     4.260,   257.373
    88.200,     4.261,   257.674
    88.300,     4.261,   257.975
    88.400,     4.261,   258.277
    88.500,     4.262,   258.578
    88.600,     4.262,   258.879
    88.700,     4.262,   259.181
    88.800,     4.262,   259.482
    88.900,     4.263,   259.784
    89.000,     4.263,   260.085
    89.100,     4.263,   260.386
    89.200,     4.264,   260.688
    89.300,     4.264,   260.989
    89.400,     4.264,   261.291
    89.500,     4.264,   261.592
    89.600,     4.265,   261.894
    89.700,     4.265,   262.196
    89.800,     4.265,   262.497
    89.900,     4.266,   262.799
    90.000,     4.266,   263.100
    90.100,     4.266,   263.402
    90.200,     4.266,   263.704
    90.300,     4.267,   264.005
    90.400,     4.267,   264.307
    90.500,     4.267,   264.609
    90.600,     4.268,   264.910
    90.700,     4.268,   265.212
    90.800,     4.268,   265.514
    90.900,     4.268,   265.816
    91.000,     4.269,   266.118
    91.100,     4.269,   266.420
    91.200,     4.269,   266.721
    91.300,     4.270,   267.023
    91.400,     4.270,   267.325
    91.500,     4.270,   267.627
    91.600,     4.270,   267.929
    91.700,     4.271,   268.231
    91.800,     4.271,   268.533
    91.900,     4.271,   268.835
    92.000,     4.272,   269.137
    92.100,     4.272,   269.439
    92.200,     4.272,   269.741
    92.300,     4.272,   270.043
    92.400,     4.273,   270.345
    92.500,     4.273,   270.647
    92.600,     4.273,   270.950
    92.700,     4.274,   271.252
    92.800,     4.274,   271.554
    92.900,     4.274,   271.856
    93.000,     4.274,   272.158
    93.100,     4.275,   272.461
    93.200,     4.275,   272.763
    93.300,     4.275,   273.065
    93.400,     4.276,   273.368
    93.500,     4.276,   273.670
    93.600,     4.276,   273.972
    93.700,     4.276,   274.275
    93.800,     4.277,   274.577
    93.900,     4.277,   274.879
    94.000,     4.277,   275.182
    94.100,     4.278,   275.484
    94.200,     4.278,   275.787
    94.300,     4.278,   276.089
    94.400,     4.278,   276.392
    94.500,     4.279,   276.694
    94.600,     4.279,   276.997
    94.700,     4.279,   277.299
    94.800,     4.280,   277.602
    94.900,     4.280,   277.905
    95.000,     4.280,   278.207
    95.100,     4.280,   278.510
    95.200,     4.281,   278.813
    95.300,     4.281,   279.115
    95.400,     4.281,   279.418
    95.500,     4.282,   279.721
    95.600,     4.282,   280.024
    95.700,     4.282,   280.326
    95.800,     4.282,   280.629
    95.900,     4.283,   280.932
    96.000,     4.283,   281.235
    96.100,     4.283,   281.538
    96.200,     4.284,   281.840
    96.300,     4.284,   282.143
    96.400,     4.284,   282.446
    96.500,     4.284,   282.749
    96.600,     4.285,   283.052
    96.700,     4.285,   283.355
    96.800,     4.285,   283.658
    96.900,     4.286,   283.961
    97.000,     4.286,   284.264
    97.100,     4.286,   284.567
    97.200,     4.286,   284.870
    97.300,     4.287,   285.173
    97.400,     4.287,   285.477
    97.500,     4.287,   285.780
    97.600,     4.288,   286.083
    97.700,     4.288,   286.386
    97.800,     4.288,   286.689
    97.900,     4.288,   286.992
    98.000,     4.289,   287.296
    98.100,     4.289,   287.599
    98.200,     4.289,   287.902
    98.300,     4.290,   288.206
    98.400,     4.290,   288.509
    98.500,     4.290,   288.812
    98.600,     4.290,   289.116
    98.700,     4.291,   289.419
    98.800,     4.291,   289.722
    98.900,     4.291,   290.026
    99.000,     4.292,   290.329
    99.100,     4.292,   290.633
    99.200,     4.292,   290.936
    99.300,     4.292,   291.240
    99.400,     4.293,   291.543
    99.500,     4.293,   291.847
    99.600,     4.293,   292.150
    99.700,     4.294,   292.454
    99.800,     4.294,   292.757
    99.900,     4.294,   293.061
   100.000,     4.294,   293.365
   100.100,     4.295,   293.668
   100.200,     4.295,   293.972
   100.300,     4.295,   294.276
   100.400,     4.296,   294.579
   100.500,     4.296,   294.883
   100.600,     4.296,   295.187
   100.700,     4.296,   295.491
   100.800,     4.297,   295.795
   100.900,     4.297,   296.098
   101.000,     4.297,   296.402
   101.100,     4.298,   296.706
   101.200,     4.298,   297.010
   101.300,     4.298,   297.314
   101.400,     4.298,   297.618
   101.500,     4.299,   297.922
   101.600,     4.299,   298.226
   101.700,     4.299,   298.530
   101.800,     4.300,   298.834
   101.900,     4.300,   299.138
   102.000,     4.300,   299.442
   102.100,     4.300,   299.746
   102.200,     4.301,   300.050
   102.300,     4.301,   300.354
   102.400,     4.301,   300.658
   102.500,     4.302,   300.962
   102.600,     4.302,   301.266
   102.700,     4.302,   301.571
   102.800,     4.302,   301.875
   102.900,     4.303,   302.179
   103.000,     4.303,   302.483
   103.100,     4.303,   302.788
   103.200,     4.304,   303.092
   103.300,     4.304,   303.396
   103.400,     4.304,   303.700
   103.500,     4.304,   304.005
   103.600,     4.305,   304.309
   103.700,     4.305,   304.614
   103.800,     4.305,   304.918
   103.900,     4.305,   305.222
   104.000,     4.306,   305.527
   104.100,     4.306,   305.831
   104.200,     4.306,   306.136
   104.300,     4.307,   306.440
   104.400,     4.307,   306.745
   104.500,     4.307,   307.049
   104.600,     4.307,   307.354
   104.700,     4.308,   307.658
   104.800,     4.308,   307.963
   104.900,     4.308,   308.268
   105.000,     4.309,   308.572
   105.100,     4.309,   308.877
   105.200,     4.309,   309.182
   105.300,     4.309,   309.486
   105.400,     4.310,   309.791
   105.500,     4.310,   310.096
   105.600,     4.310,   310.401
   105.700,     4.311,   310.705
   105.800,     4.311,   311.010
   105.900,     4.311,   311.315
   106.000,     4.311,   311.620
   106.100,     4.312,   311.925
   106.200,     4.312,   312.230
   106.300,     4.312,   312.535
   106.400,     4.313,   312.839
   106.500,     4.313,   313.144
   106.600,     4.313,   313.449
   106.700,     4.313,   313.754
   106.800,     4.314,   314.059
   106.900,     4.314,   314.364
   107.000,     4.314,   314.669
   107.100,     4.315,   314.975
   107.200,     4.315,   315.280
   107.300,     4.315,   315.585
   107.400,     4.315,   315.890
   107.500,     4.316,   316.195
   107.600,     4.316,   316.500
   107.700,     4.316,   316.805
   107.800,     4.317,   317.111
   107.900,     4.317,   317.416
   108.000,     4.317,   317.721
   108.100,     4.317,   318.026
   108.200,     4.318,   318.332
   108.300,     4.318,   318.637
   108.400,     4.318,   318.942
   108.500,     4.319,   319.248
   108.600,     4.319,   319.553
   108.700,     4.319,   319.858
   108.800,     4.319,   320.164
   108.900,     4.320,   320.469
   109.000,     4.320,   320.775
   109.100,     4.320,   321.080
   109.200,     4.320,   321.385
   109.300,     4.321,   321.691
   109.400,     4.321,   321.997
   109.500,     4.321,   322.302
   109.600,     4.322,   322.608
   109.700,     4.322,   322.913
   109.800,     4.322,   323.219
   109.900,     4.322,   323.524
   110.000,     4.323,   323.830
   110.100,     4.323,   324.136
   110.200,     4.323,   324.441
   110.300,     4.324,   324.747
   110.400,     4.324,   325.053
   110.500,     4.324,   325.359
   110.600,     4.324,   325.664
   110.700,     4.325,   325.970
   110.800,     4.325,   326.276
   110.900,     4.325,   326.582
   111.000,     4.326,   326.888
   111.100,     4.326,   327.194
   111.200,     4.326,   327.499
   111.300,     4.326,   327.805
   111.400,     4.327,   328.111
   111.500,     4.327,   328.417
   111.600,     4.327,   328.723
   111.700,     4.328,   329.029
   111.800,     4.328,   329.335
   111.900,     4.328,   329.641
   112.000,     4.328,   329.947
   112.100,     4.329,   330.253
   112.200,     4.329,   330.559
   112.300,     4.329,   330.865
   112.400,     4.330,   331.172
   112.500,     4.330,   331.478
   112.600,     4.330,   331.784
   112.700,     4.330,   332.090
   112.800,     4.331,   332.396
   112.900,     4.331,   332.702
   113.000,     4.331,   333.009
   113.100,     4.332,   333.315
   113.200,     4.332,   333.621
   113.300,     4.332,   333.928
   113.400,     4.332,   334.234
   113.500,     4.333,   334.540
   113.600,     4.333,   334.847
   113.700,     4.333,   335.153
   113.800,     4.333,   335.459
   113.900,     4.334,   335.766
   114.000,     4.334,   336.072
   114.100,     4.334,   336.379
   114.200,     4.335,   336.685
   114.300,     4.335,   336.992
   114.400,     4.335,   337.298
   114.500,     4.335,   337.605
   114.600,     4.336,   337.911
   114.700,     4.336,   338.218
   114.800,     4.336,   338.525
   114.900,     4.337,   338.831
   115.000,     4.337,   339.138
   115.100,     4.337,   339.444
   115.200,     4.337,   339.751
   115.300,     4.338,   340.058
   115.400,     4.338,   340.365
   115.500,     4.338,   340.671
   115.600,     4.339,   340.978
   115.700,     4.339,   341.285
   115.800,     4.339,   341.592
   115.900,     4.339,   341.898
   116.000,     4.340,   342.205
   116.100,     4.340,   342.512
   116.200,     4.340,   342.819
   116.300,     4.341,   343.126
   116.400,     4.341,   343.433
   116.500,     4.341,   343.740
   116.600,     4.341,   344.047
   116.700,     4.342,   344.354
   116.800,     4.342,   344.661
   116.900,     4.342,   344.968
   117.000,     4.342,   345.275
   117.100,     4.343,   345.582
   117.200,     4.343,   345.889
   117.300,     4.343,   346.196
   117.400,     4.344,   346.503
   117.500,     4.344,   346.810
   117.600,     4.344,   347.117
   117.700,     4.344,   347.425
   117.800,     4.345,   347.732
   117.900,     4.345,   348.039
   118.000,     4.345,   348.346
   118.100,     4.346,   348.654
   118.200,     4.346,   348.961
   118.300,     4.346,   349.268
   118.400,     4.346,   349.575
   118.500,     4.347,   349.883
   118.600,     4.347,   350.190
   118.700,     4.347,   350.498
   118.800,     4.348,   350.805
   118.900,     4.348,   351.112
   119.000,     4.348,   351.420
   119.100,     4.348,   351.727
   119.200,     4.349,   352.035
   119.300,     4.349,   352.342
   119.400,     4.349,   352.650
   119.500,     4.350,   352.957
   119.600,     4.350,   353.265
   119.700,     4.350,   353.572
   119.800,     4.350,   353.880
   119.900,     4.351,   354.188
   120.000,     4.351,   354.495
   120.100,     4.351,   354.803
   120.200,     4.351,   355.111
   120.300,     4.352,   355.418
   120.400,     4.352,   355.726
   120.500,     4.352,   356.034
   120.600,     4.353,   356.341
   120.700,     4.353,   356.649
   120.800,     4.353,   356.957
   120.900,     4.353,   357.265
   121.000,     4.354,   357.573
   121.100,     4.354,   357.881
   121.200,     4.354,   358.188
   121.300,     4.355,   358.496
   121.400,     4.355,   358.804
   121.500,     4.355,   359.112
   121.600,     4.355,   359.420
   121.700,     4.356,   359.728
   121.800,     4.356,   360.036
   121.900,     4.356,   360.344
   122.000,     4.357,   360.652
   122.100,     4.357,   360.960
   122.200,     4.357,   361.268
   122.300,     4.357,   361.576
   122.400,     4.358,   361.884
   122.500,     4.358,   362.193
   122.600,     4.358,   362.501
   122.700,     4.358,   362.809
   122.800,     4.359,   363.117
   122.900,     4.359,   363.425
   123.000,     4.359,   363.734
   123.100,     4.360,   364.042
   123.200,     4.360,   364.350
   123.300,     4.360,   364.658
   123.400,     4.360,   364.967
   123.500,     4.361,   365.275
   123.600,     4.361,   365.583
   123.700,     4.361,   365.892
   123.800,     4.362,   366.200
   123.900,     4.362,   366.509
   124.000,     4.362,   366.817
   124.100,     4.362,   367.125
   124.200,     4.363,   367.434
   124.300,     4.363,   367.742
   124.400,     4.363,   368.051
   124.500,     4.364,   368.359
   124.600,     4.364,   368.668
   124.700,     4.364,   368.976
   124.800,     4.364,   369.285
   124.900,     4.365,   369.594
   125.000,     4.365,   369.902
   125.100,     4.365,   370.211
   125.200,     4.365,   370.520
   125.300,     4.366,   370.828
   125.400,     4.366,   371.137
   125.500,     4.366,   371.446
   125.600,     4.367,   371.754
   125.700,     4.367,   372.063
   125.800,     4.367,   372.372
   125.900,     4.367,   372.681
   126.000,     4.368,   372.990
   126.100,     4.368,   373.299
   126.200,     4.368,   373.607
   126.300,     4.369,   373.916
   126.400,     4.369,   374.225
   126.500,     4.369,   374.534
   126.600,     4.369,   374.843
   126.700,     4.370,   375.152
   126.800,     4.370,   375.461
   126.900,     4.370,   375.770
   127.000,     4.371,   376.079
   127.100,     4.371,   376.388
   127.200,     4.371,   376.697
   127.300,     4.371,   377.006
   127.400,     4.372,   377.315
   127.500,     4.372,   377.624
   127.600,     4.372,   377.934
   127.700,     4.372,   378.243
   127.800,     4.373,   378.552
   127.900,     4.373,   378.861
   128.000,     4.373,   379.170
   128.100,     4.374,   379.480
   128.200,     4.374,   379.789
   128.300,     4.374,   380.098
   128.400,     4.374,   380.407
   128.500,     4.375,   380.717
   128.600,     4.375,   381.026
   128.700,     4.375,   381.335
   128.800,     4.376,   381.645
   128.900,     4.376,   381.954
   129.000,     4.376,   382.264
   129.100,     4.376,   382.573
   129.200,     4.377,   382.882
   129.300,     4.377,   383.192
   129.400,     4.377,   383.501
   129.500,     4.377,   383.811
   129.600,     4.378,   384.121
   129.700,     4.378,   384.430
   129.800,     4.378,   384.740
   129.900,     4.379,   385.049
   130.000,     4.379,   385.359
   130.100,     4.379,   385.668
   130.200,     4.379,   385.978
   130.300,     4.380,   386.288
   130.400,     4.380,   386.597
   130.500,     4.380,   386.907
   130.600,     4.381,   387.217
   130.700,     4.381,   387.527
   130.800,     4.381,   387.836
   130.900,     4.381,   388.146
   131.000,     4.382,   388.456
   131.100,     4.382,   388.766
   131.200,     4.382,   389.076
   131.300,     4.383,   389.386
   131.400,     4.383,   389.696
   131.500,     4.383,   390.005
   131.600,     4.383,   390.315
   131.700,     4.384,   390.625
   131.800,     4.384,   390.935
   131.900,     4.384,   391.245
   132.000,     4.384,   391.555
   132.100,     4.385,   391.865
   132.200,     4.385,   392.175
   132.300,     4.385,   392.485
   132.400,     4.386,   392.795
   132.500,     4.386,   393.106
   132.600,     4.386,   393.416
   132.700,     4.386,   393.726
   132.800,     4.387,   394.036
   132.900,     4.387,   394.346
   133.000,     4.387,   394.656
   133.100,     4.388,   394.967
   133.200,     4.388,   395.277
   133.300,     4.388,   395.587
   133.400,     4.388,   395.897
   133.500,     4.389,   396.208
   133.600,     4.389,   396.518
   133.700,     4.389,   396.828
   133.800,     4.389,   397.139
   133.900,     4.390,   397.449
   134.000,     4.390,   397.760
   134.100,     4.390,   398.070
   134.200,     4.391,   398.380
   134.300,     4.391,   398.691
   134.400,     4.391,   399.001
   134.500,     4.391,   399.312
   134.600,     4.392,   399.622
   134.700,     4.392,   399.933
   134.800,     4.392,   400.243
   134.900,     4.393,   400.554
   135.000,     4.393,   400.865
   135.100,     4.393,   401.175
   135.200,     4.393,   401.486
   135.300,     4.394,   401.797
   135.400,     4.394,   402.107
   135.500,     4.394,   402.418
   135.600,     4.394,   402.729
   135.700,     4.395,   403.039
   135.800,     4.395,   403.350
   135.900,     4.395,   403.661
   136.000,     4.396,   403.972
   136.100,     4.396,   404.283
   136.200,     4.396,   404.593
   136.300,     4.396,   404.904
   136.400,     4.397,   405.215
   136.500,     4.397,   405.526
   136.600,     4.397,   405.837
   136.700,     4.398,   406.148
   136.800,     4.398,   406.459
   136.900,     4.398,   406.770
   137.000,     4.398,   407.081
   137.100,     4.399,   407.392
   137.200,     4.399,   407.703
   137.300,     4.399,   408.014
   137.400,     4.399,   408.325
   137.500,     4.400,   408.636
   137.600,     4.400,   408.947
   137.700,     4.400,   409.258
   137.800,     4.401,   409.569
   137.900,     4.401,   409.881
   138.000,     4.401,   410.192
   138.100,     4.401,   410.503
   138.200,     4.402,   410.814
   138.300,     4.402,   411.125
   138.400,     4.402,   411.437
   138.500,     4.403,   411.748
   138.600,     4.403,   412.059
   138.700,     4.403,   412.371
   138.800,     4.403,   412.682
   138.900,     4.404,   412.993
   139.000,     4.404,   413.305
   139.100,     4.404,   413.616
   139.200,     4.404,   413.928
   139.300,     4.405,   414.239
   139.400,     4.405,   414.550
   139.500,     4.405,   414.862
   139.600,     4.406,   415.173
   139.700,     4.406,   415.485
   139.800,     4.406,   415.796
   139.900,     4.406,   416.108
   140.000,     4.407,   416.420
   140.100,     4.407,   416.731
   140.200,     4.407,   417.043
   140.300,     4.408,   417.354
   140.400,     4.408,   417.666
   140.500,     4.408,   417.978
   140.600,     4.408,   418.290
   140.700,     4.409,   418.601
   140.800,     4.409,   418.913
   140.900,     4.409,   419.225
   141.000,     4.409,   419.536
   141.100,     4.410,   419.848
   141.200,     4.410,   420.160
   141.300,     4.410,   420.472
   141.400,     4.411,   420.784
   141.500,     4.411,   421.096
   141.600,     4.411,   421.408
   141.700,     4.411,   421.719
   141.800,     4.412,   422.031
   141.900,     4.412,   422.343
   142.000,     4.412,   422.655
   142.100,     4.412,   422.967
   142.200,     4.413,   423.279
   142.300,     4.413,   423.591
   142.400,     4.413,   423.903
   142.500,     4.414,   424.215
   142.600,     4.414,   424.528
   142.700,     4.414,   424.840
   142.800,     4.414,   425.152
   142.900,     4.415,   425.464
   143.000,     4.415,   425.776
   143.100,     4.415,   426.088
   143.200,     4.416,   426.401
   143.300,     4.416,   426.713
   143.400,     4.416,   427.025
   143.500,     4.416,   427.337
   143.600,     4.417,   427.650
   143.700,     4.417,   427.962
   143.800,     4.417,   428.274
   143.900,     4.417,   428.586
   144.000,     4.418,   428.899
   144.100,     4.418,   429.211
   144.200,     4.418,   429.524
   144.300,     4.419,   429.836
   144.400,     4.419,   430.149
   144.500,     4.419,   430.461
   144.600,     4.419,   430.773
   144.700,     4.420,   431.086
   144.800,     4.420,   431.398
   144.900,     4.420,   431.711
   145.000,     4.421,   432.024
   145.100,     4.421,   432.336
   145.200,     4.421,   432.649
   145.300,     4.421,   432.961
   145.400,     4.422,   433.274
   145.500,     4.422,   433.587
   145.600,     4.422,   433.899
   145.700,     4.422,   434.212
   145.800,     4.423,   434.525
   145.900,     4.423,   434.837
   146.000,     4.423,   435.150
   146.100,     4.424,   435.463
   146.200,     4.424,   435.776
   146.300,     4.424,   436.089
   146.400,     4.424,   436.401
   146.500,     4.425,   436.714
   146.600,     4.425,   437.027
   146.700,     4.425,   437.340
   146.800,     4.425,   437.653
   146.900,     4.426,   437.966
   147.000,     4.426,   438.279
   147.100,     4.426,   438.592
   147.200,     4.427,   438.905
   147.300,     4.427,   439.218
   147.400,     4.427,   439.531
   147.500,     4.427,   439.844
   147.600,     4.428,   440.157
   147.700,     4.428,   440.470
   147.800,     4.428,   440.783
   147.900,     4.429,   441.096
   148.000,     4.429,   441.409
   148.100,     4.429,   441.723
   148.200,     4.429,   442.036
   148.300,     4.430,   442.349
   148.400,     4.430,   442.662
   148.500,     4.430,   442.975
   148.600,     4.430,   443.289
   148.700,     4.431,   443.602
   148.800,     4.431,   443.915
   148.900,     4.431,   444.229
   149.000,     4.432,   444.542
   149.100,     4.432,   444.855
   149.200,     4.432,   445.169
   149.300,     4.432,   445.482
   149.400,     4.433,   445.795
   149.500,     4.433,   446.109
   149.600,     4.433,   446.422
   149.700,     4.433,   446.736
   149.800,     4.434,   447.049
   149.900,     4.434,   447.363
   150.000,     4.434,   447.676
   150.100,     4.435,   447.990
   150.200,     4.435,   448.303
   150.300,     4.435,   448.617
   150.400,     4.435,   448.931
   150.500,     4.436,   449.244
   150.600,     4.436,   449.558
   150.700,     4.436,   449.872
   150.800,     4.437,   450.185
   150.900,     4.437,   450.499
   151.000,     4.437,   450.813
   151.100,     4.437,   451.126
   151.200,     4.438,   451.440
   151.300,     4.438,   451.754
   151.400,     4.438,   452.068
   151.500,     4.438,   452.382
   151.600,     4.439,   452.695
   151.700,     4.439,   453.009
   151.800,     4.439,   453.323
   151.900,     4.440,   453.637
   152.000,     4.440,   453.951
   152.100,     4.440,   454.265
   152.200,     4.440,   454.579
   152.300,     4.441,   454.893
   152.400,     4.441,   455.207
   152.500,     4.441,   455.521
   152.600,     4.441,   455.835
   152.700,     4.442,   456.149
   152.800,     4.442,   456.463
   152.900,     4.442,   456.777
   153.000,     4.443,   457.091
   153.100,     4.443,   457.405
   153.200,     4.443,   457.720
   153.300,     4.443,   458.034
   153.400,     4.444,   458.348
   153.500,     4.444,   458.662
   153.600,     4.444,   458.976
   153.700,     4.444,   459.291
   153.800,     4.445,   459.605
   153.900,     4.445,   459.919
   154.000,     4.445,   460.234
   154.100,     4.446,   460.548
   154.200,     4.446,   460.862
   154.300,     4.446,   461.177
   154.400,     4.446,   461.491
   154.500,     4.447,   461.805
   154.600,     4.447,   462.120
   154.700,     4.447,   462.434
   154.800,     4.447,   462.749
   154.900,     4.448,   463.063
   155.000,     4.448,   463.378
   155.100,     4.448,   463.692
   155.200,     4.449,   464.007
   155.300,     4.449,   464.321
   155.400,     4.449,   464.636
   155.500,     4.449,   464.951
   155.600,     4.450,   465.265
   155.700,     4.450,   465.580
   155.800,     4.450,   465.895
   155.900,     4.451,   466.209
   156.000,     4.451,   466.524
   156.100,     4.451,   466.839
   156.200,     4.451,   467.153
   156.300,     4.452,   467.468
   156.400,     4.452,   467.783
   156.500,     4.452,   468.098
   156.600,     4.452,   468.412
   156.700,     4.453,   468.727
   156.800,     4.453,   469.042
   156.900,     4.453,   469.357
   157.000,     4.454,   469.672
   157.100,     4.454,   469.987
   157.200,     4.454,   470.302
   157.300,     4.454,   470.617
   157.400,     4.455,   470.932
   157.500,     4.455,   471.247
   157.600,     4.455,   471.562
   157.700,     4.455,   471.877
   157.800,     4.456,   472.192
   157.900,     4.456,   472.507
   158.000,     4.456,   472.822
   158.100,     4.457,   473.137
   158.200,     4.457,   473.452
   158.300,     4.457,   473.767
   158.400,     4.457,   474.082
   158.500,     4.458,   474.398
   158.600,     4.458,   474.713
   158.700,     4.458,   475.028
   158.800,     4.458,   475.343
   158.900,     4.459,   475.659
   159.000,     4.459,   475.974
   159.100,     4.459,   476.289
   159.200,     4.460,   476.604
   159.300,     4.460,   476.920
   159.400,     4.460,   477.235
   159.500,     4.460,   477.551
   159.600,     4.461,   477.866
   159.700,     4.461,   478.181
   159.800,     4.461,   478.497
   159.900,     4.461,   478.812
   160.000,     4.462,   479.128
   160.100,     4.462,   479.443
   160.200,     4.462,   479.759
   160.300,     4.463,   480.074
   160.400,     4.463,   480.390
   160.500,     4.463,   480.705
   160.600,     4.463,   481.021
   160.700,     4.464,   481.337
   160.800,     4.464,   481.652
   160.900,     4.464,   481.968
   161.000,     4.464,   482.284
   161.100,     4.465,   482.599
   161.200,     4.465,   482.915
   161.300,     4.465,   483.231
   161.400,     4.466,   483.546
   161.500,     4.466,   483.862
   161.600,     4.466,   484.178
   161.700,     4.466,   484.494
   161.800,     4.467,   484.810
   161.900,     4.467,   485.125
   162.000,     4.467,   485.441
   162.100,     4.467,   485.757
   162.200,     4.468,   486.073
   162.300,     4.468,   486.389
   162.400,     4.468,   486.705
   162.500,     4.469,   487.021
   162.600,     4.469,   487.337
   162.700,     4.469,   487.653
   162.800,     4.469,   487.969
   162.900,     4.470,   488.285
   163.000,     4.470,   488.601
   163.100,     4.470,   488.917
   163.200,     4.470,   489.233
   163.300,     4.471,   489.549
   163.400,     4.471,   489.865
   163.500,     4.471,   490.182
   163.600,     4.472,   490.498
   163.700,     4.472,   490.814
   163.800,     4.472,   491.130
   163.900,     4.472,   491.446
   164.000,     4.473,   491.763
   164.100,     4.473,   492.079
   164.200,     4.473,   492.395
   164.300,     4.474,   492.711
   164.400,     4.474,   493.028
   164.500,     4.474,   493.344
   164.600,     4.474,   493.660
   164.700,     4.475,   493.977
   164.800,     4.475,   494.293
   164.900,     4.475,   494.610
   165.000,     4.475,   494.926
   165.100,     4.476,   495.243
   165.200,     4.476,   495.559
   165.300,     4.476,   495.876
   165.400,     4.477,   496.192
   165.500,     4.477,   496.509
   165.600,     4.477,   496.825
   165.700,     4.477,   497.142
   165.800,     4.478,   497.458
   165.900,     4.478,   497.775
   166.000,     4.478,   498.092
   166.100,     4.478,   498.408
   166.200,     4.479,   498.725
   166.300,     4.479,   499.042
   166.400,     4.479,   499.358
   166.500,     4.480,   499.675
   166.600,     4.480,   499.992
   166.700,     4.480,   500.309
   166.800,     4.480,   500.625
   166.900,     4.481,   500.942
   167.000,     4.481,   501.259
   167.100,     4.481,   501.576
   167.200,     4.481,   501.893
   167.300,     4.482,   502.210
   167.400,     4.482,   502.526
   167.500,     4.482,   502.843
   167.600,     4.483,   503.160
   167.700,     4.483,   503.477
   167.800,     4.483,   503.794
   167.900,     4.483,   504.111
   168.000,     4.484,   504.428
   168.100,     4.484,   504.745
   168.200,     4.484,   505.062
   168.300,     4.484,   505.379
   168.400,     4.485,   505.697
   168.500,     4.485,   506.014
   168.600,     4.485,   506.331
   168.700,     4.485,   506.648
   168.800,     4.486,   506.965
   168.900,     4.486,   507.282
   169.000,     4.486,   507.600
   169.100,     4.487,   507.917
   169.200,     4.487,   508.234
   169.300,     4.487,   508.551
   169.400,     4.487,   508.869
   169.500,     4.488,   509.186
   169.600,     4.488,   509.503
   169.700,     4.488,   509.821
   169.800,     4.488,   510.138
   169.900,     4.489,   510.455
   170.000,     4.489,   510.773
   170.100,     4.489,   511.090
   170.200,     4.490,   511.408
   170.300,     4.490,   511.725
   170.400,     4.490,   512.042
   170.500,     4.490,   512.360
   170.600,     4.491,   512.678
   170.700,     4.491,   512.995
   170.800,     4.491,   513.313
   170.900,     4.491,   513.630
   171.000,     4.492,   513.948
   171.100,     4.492,   514.265
   171.200,     4.492,   514.583
   171.300,     4.493,   514.901
   171.400,     4.493,   515.218
   171.500,     4.493,   515.536
   171.600,     4.493,   515.854
   171.700,     4.494,   516.171
   171.800,     4.494,   516.489
   171.900,     4.494,   516.807
   172.000,     4.494,   517.125
   172.100,     4.495,   517.443
   172.200,     4.495,   517.760
   172.300,     4.495,   518.078
   172.400,     4.496,   518.396
   172.500,     4.496,   518.714
   172.600,     4.496,   519.032
   172.700,     4.496,   519.350
   172.800,     4.497,   519.668
   172.900,     4.497,   519.986
   173.000,     4.497,   520.304
   173.100,     4.497,   520.622
   173.200,     4.498,   520.940
   173.300,     4.498,   521.258
   173.400,     4.498,   521.576
   173.500,     4.499,   521.894
   173.600,     4.499,   522.212
   173.700,     4.499,   522.530
   173.800,     4.499,   522.848
   173.900,     4.500,   523.166
   174.000,     4.500,   523.485
   174.100,     4.500,   523.803
   174.200,     4.500,   524.121
   174.300,     4.501,   524.439
   174.400,     4.501,   524.757
   174.500,     4.501,   525.076
   174.600,     4.502,   525.394
   174.700,     4.502,   525.712
   174.800,     4.502,   526.031
   174.900,     4.502,   526.349
   175.000,     4.503,   526.667
   175.100,     4.503,   526.986
   175.200,     4.503,   527.304
   175.300,     4.503,   527.623
   175.400,     4.504,   527.941
   175.500,     4.504,   528.259
   175.600,     4.504,   528.578
   175.700,     4.505,   528.896
   175.800,     4.505,   529.215
   175.900,     4.505,   529.533
   176.000,     4.505,   529.852
   176.100,     4.506,   530.171
   176.200,     4.506,   530.489
   176.300,     4.506,   530.808
   176.400,     4.506,   531.126
   176.500,     4.507,   531.445
   176.600,     4.507,   531.764
   176.700,     4.507,   532.082
   176.800,     4.507,   532.401
   176.900,     4.508,   532.720
   177.000,     4.508,   533.039
   177.100,     4.508,   533.357
   177.200,     4.509,   533.676
   177.300,     4.509,   533.995
   177.400,     4.509,   534.314
   177.500,     4.509,   534.633
   177.600,     4.510,   534.952
   177.700,     4.510,   535.270
   177.800,     4.510,   535.589
   177.900,     4.510,   535.908
   178.000,     4.511,   536.227
   178.100,     4.511,   536.546
   178.200,     4.511,   536.865
   178.300,     4.512,   537.184
   178.400,     4.512,   537.503
   178.500,     4.512,   537.822
   178.600,     4.512,   538.141
   178.700,     4.513,   538.460
   178.800,     4.513,   538.779
   178.900,     4.513,   539.098
   179.000,     4.513,   539.418
   179.100,     4.514,   539.737
   179.200,     4.514,   540.056
   179.300,     4.514,   540.375
   179.400,     4.515,   540.694
   179.500,     4.515,   541.014
   179.600,     4.515,   541.333
   179.700,     4.515,   541.652
   179.800,     4.516,   541.971
   179.900,     4.516,   542.291
   180.000,     4.516,   542.610
   180.100,     4.516,   542.929
   180.200,     4.517,   543.249
   180.300,     4.517,   543.568
   180.400,     4.517,   543.887
   180.500,     4.518,   544.207
   180.600,     4.518,   544.526
   180.700,     4.518,   544.846
   180.800,     4.518,   545.165
   180.900,     4.519,   545.485
   181.000,     4.519,   545.804
   181.100,     4.519,   546.124
   181.200,     4.519,   546.443
   181.300,     4.520,   546.763
   181.400,     4.520,   547.082
   181.500,     4.520,   547.402
   181.600,     4.520,   547.722
   181.700,     4.521,   548.041
   181.800,     4.521,   548.361
   181.900,     4.521,   548.681
   182.000,     4.522,   549.000
   182.100,     4.522,   549.320
   182.200,     4.522,   549.640
   182.300,     4.522,   549.960
   182.400,     4.523,   550.279
   182.500,     4.523,   550.599
   182.600,     4.523,   550.919
   182.700,     4.523,   551.239
   182.800,     4.524,   551.559
   182.900,     4.524,   551.879
   183.000,     4.524,   552.198
   183.100,     4.525,   552.518
   183.200,     4.525,   552.838
   183.300,     4.525,   553.158
   183.400,     4.525,   553.478
   183.500,     4.526,   553.798
   183.600,     4.526,   554.118
   183.700,     4.526,   554.438
   183.800,     4.526,   554.758
   183.900,     4.527,   555.078
   184.000,     4.527,   555.398
   184.100,     4.527,   555.719
   184.200,     4.527,   556.039
   184.300,     4.528,   556.359
   184.400,     4.528,   556.679
   184.500,     4.528,   556.999
   184.600,     4.529,   557.319
   184.700,     4.529,   557.640
   184.800,     4.529,   557.960
   184.900,     4.529,   558.280
   185.000,     4.530,   558.600
   185.100,     4.530,   558.921
   185.200,     4.530,   559.241
   185.300,     4.530,   559.561
   185.400,     4.531,   559.882
   185.500,     4.531,   560.202
   185.600,     4.531,   560.522
   185.700,     4.532,   560.843
   185.800,     4.532,   561.163
   185.900,     4.532,   561.484
   186.000,     4.532,   561.804
   186.100,     4.533,   562.125
   186.200,     4.533,   562.445
   186.300,     4.533,   562.766
   186.400,     4.533,   563.086
   186.500,     4.534,   563.407
   186.600,     4.534,   563.727
   186.700,     4.534,   564.048
   186.800,     4.534,   564.369
   186.900,     4.535,   564.689
   187.000,     4.535,   565.010
   187.100,     4.535,   565.331
   187.200,     4.536,   565.651
   187.300,     4.536,   565.972
   187.400,     4.536,   566.293
   187.500,     4.536,   566.613
   187.600,     4.537,   566.934
   187.700,     4.537,   567.255
   187.800,     4.537,   567.576
   187.900,     4.537,   567.897
   188.000,     4.538,   568.217
   188.100,     4.538,   568.538
   188.200,     4.538,   568.859
   188.300,     4.539,   569.180
   188.400,     4.539,   569.501
   188.500,     4.539,   569.822
   188.600,     4.539,   570.143
   188.700,     4.540,   570.464
   188.800,     4.540,   570.785
   188.900,     4.540,   571.106
   189.000,     4.540,   571.427
   189.100,     4.541,   571.748
   189.200,     4.541,   572.069
   189.300,     4.541,   572.390
   189.400,     4.541,   572.711
   189.500,     4.542,   573.032
   189.600,     4.542,   573.354
   189.700,     4.542,   573.675
   189.800,     4.543,   573.996
   189.900,     4.543,   574.317
   190.000,     4.543,   574.638
   190.100,     4.543,   574.960
   190.200,     4.544,   575.281
   190.300,     4.544,   575.602
   190.400,     4.544,   575.924
   190.500,     4.544,   576.245
   190.600,     4.545,   576.566
   190.700,     4.545,   576.888
   190.800,     4.545,   577.209
   190.900,     4.546,   577.530
   191.000,     4.546,   577.852
   191.100,     4.546,   578.173
   191.200,     4.546,   578.495
   191.300,     4.547,   578.816
   191.400,     4.547,   579.138
   191.500,     4.547,   579.459
   191.600,     4.547,   579.781
   191.700,     4.548,   580.102
   191.800,     4.548,   580.424
   191.900,     4.548,   580.745
   192.000,     4.548,   581.067
   192.100,     4.549,   581.389
   192.200,     4.549,   581.710
   192.300,     4.549,   582.032
   192.400,     4.550,   582.354
   192.500,     4.550,   582.675
   192.600,     4.550,   582.997
   192.700,     4.550,   583.319
   192.800,     4.551,   583.640
   192.900,     4.551,   583.962
   193.000,     4.551,   584.284
   193.100,     4.551,   584.606
   193.200,     4.552,   584.928
   193.300,     4.552,   585.250
   193.400,     4.552,   585.571
   193.500,     4.553,   585.893
   193.600,     4.553,   586.215
   193.700,     4.553,   586.537
   193.800,     4.553,   586.859
   193.900,     4.554,   587.181
   194.000,     4.554,   587.503
   194.100,     4.554,   587.825
   194.200,     4.554,   588.147
   194.300,     4.555,   588.469
   194.400,     4.555,   588.791
   194.500,     4.555,   589.113
   194.600,     4.555,   589.435
   194.700,     4.556,   589.758
   194.800,     4.556,   590.080
   194.900,     4.556,   590.402
   195.000,     4.557,   590.724
   195.100,     4.557,   591.046
   195.200,     4.557,   591.368
   195.300,     4.557,   591.691
   195.400,     4.558,   592.013
   195.500,     4.558,   592.335
   195.600,     4.558,   592.657
   195.700,     4.558,   592.980
   195.800,     4.559,   593.302
   195.900,     4.559,   593.624
   196.000,     4.559,   593.947
   196.100,     4.559,   594.269
   196.200,     4.560,   594.592
   196.300,     4.560,   594.914
   196.400,     4.560,   595.236
   196.500,     4.561,   595.559
   196.600,     4.561,   595.881
   196.700,     4.561,   596.204
   196.800,     4.561,   596.526
   196.900,     4.562,   596.849
   197.000,     4.562,   597.171
   197.100,     4.562,   597.494
   197.200,     4.562,   597.817
   197.300,     4.563,   598.139
   197.400,     4.563,   598.462
   197.500,     4.563,   598.785
   197.600,     4.563,   599.107
   197.700,     4.564,   599.430
   197.800,     4.564,   599.753
   197.900,     4.564,   600.075
   198.000,     4.565,   600.398
   198.100,     4.565,   600.721
   198.200,     4.565,   601.044
   198.300,     4.565,   601.366
   198.400,     4.566,   601.689
   198.500,     4.566,   602.012
   198.600,     4.566,   602.335
   198.700,     4.566,   602.658
   198.800,     4.567,   602.981
   198.900,     4.567,   603.304
   199.000,     4.567,   603.627
   199.100,     4.567,   603.950
   199.200,     4.568,   604.272
   199.300,     4.568,   604.595
   199.400,     4.568,   604.918
   199.500,     4.569,   605.241
   199.600,     4.569,   605.565
   199.700,     4.569,   605.888
   199.800,     4.569,   606.211
   199.900,     4.570,   606.534
   200.000,     4.570,   606.857
   200.100,     4.570,   607.180
   200.200,     4.570,   607.503
   200.300,     4.571,   607.826
   200.400,     4.571,   608.150
   200.500,     4.571,   608.473
   200.600,     4.572,   608.796
   200.700,     4.572,   609.119
   200.800,     4.572,   609.443
   200.900,     4.572,   609.766
   201.000,     4.573,   610.089
   201.100,     4.573,   610.413
   201.200,     4.573,   610.736
   201.300,     4.573,   611.059
   201.400,     4.574,   611.383
   201.500,     4.574,   611.706
   201.600,     4.574,   612.029
   201.700,     4.574,   612.353
   201.800,     4.575,   612.676
   201.900,     4.575,   613.000
   202.000,     4.575,   613.323
   202.100,     4.576,   613.647
   202.200,     4.576,   613.970
   202.300,     4.576,   614.294
   202.400,     4.576,   614.618
   202.500,     4.577,   614.941
   202.600,     4.577,   615.265
   202.700,     4.577,   615.588
   202.800,     4.577,   615.912
   202.900,     4.578,   616.236
   203.000,     4.578,   616.559
   203.100,     4.578,   616.883
   203.200,     4.578,   617.207
   203.300,     4.579,   617.531
   203.400,     4.579,   617.854
   203.500,     4.579,   618.178
   203.600,     4.580,   618.502
   203.700,     4.580,   618.826
   203.800,     4.580,   619.150
   203.900,     4.580,   619.473
   204.000,     4.581,   619.797
   204.100,     4.581,   620.121
   204.200,     4.581,   620.445
   204.300,     4.581,   620.769
   204.400,     4.582,   621.093
   204.500,     4.582,   621.417
   204.600,     4.582,   621.741
   204.700,     4.582,   622.065
   204.800,     4.583,   622.389
   204.900,     4.583,   622.713
   205.000,     4.583,   623.037
   205.100,     4.584,   623.361
   205.200,     4.584,   623.685
   205.300,     4.584,   624.009
   205.400,     4.584,   624.334
   205.500,     4.585,   624.658
   205.600,     4.585,   624.982
   205.700,     4.585,   625.306
   205.800,     4.585,   625.630
   205.900,     4.586,   625.955
   206.000,     4.586,   626.279
   206.100,     4.586,   626.603
   206.200,     4.586,   626.927
   206.300,     4.587,   627.252
   206.400,     4.587,   627.576
   206.500,     4.587,   627.900
   206.600,     4.588,   628.225
   206.700,     4.588,   628.549
   206.800,     4.588,   628.873
   206.900,     4.588,   629.198
   207.000,     4.589,   629.522
   207.100,     4.589,   629.847
   207.200,     4.589,   630.171
   207.300,     4.589,   630.496
   207.400,     4.590,   630.820
   207.500,     4.590,   631.145
   207.600,     4.590,   631.469
   207.700,     4.590,   631.794
   207.800,     4.591,   632.119
   207.900,     4.591,   632.443
   208.000,     4.591,   632.768
   208.100,     4.591,   633.092
   208.200,     4.592,   633.417
   208.300,     4.592,   633.742
   208.400,     4.592,   634.067
   208.500,     4.593,   634.391
   208.600,     4.593,   634.716
   208.700,     4.593,   635.041
   208.800,     4.593,   635.366
   208.900,     4.594,   635.690
   209.000,     4.594,   636.015
   209.100,     4.594,   636.340
   209.200,     4.594,   636.665
   209.300,     4.595,   636.990
   209.400,     4.595,   637.315
   209.500,     4.595,   637.640
   209.600,     4.595,   637.964
   209.700,     4.596,   638.289
   209.800,     4.596,   638.614
   209.900,     4.596,   638.939
   210.000,     4.597,   639.264
   210.100,     4.597,   639.589
   210.200,     4.597,   639.914
   210.300,     4.597,   640.239
   210.400,     4.598,   640.565
   210.500,     4.598,   640.890
   210.600,     4.598,   641.215
   210.700,     4.598,   641.540
   210.800,     4.599,   641.865
   210.900,     4.599,   642.190
   211.000,     4.599,   642.515
   211.100,     4.599,   642.841
   211.200,     4.600,   643.166
   211.300,     4.600,   643.491
   211.400,     4.600,   643.816
   211.500,     4.601,   644.142
   211.600,     4.601,   644.467
   211.700,     4.601,   644.792
   211.800,     4.601,   645.118
   211.900,     4.602,   645.443
   212.000,     4.602,   645.768
   212.100,     4.602,   646.094
   212.200,     4.602,   646.419
   212.300,     4.603,   646.745
   212.400,     4.603,   647.070
   212.500,     4.603,   647.396
   212.600,     4.603,   647.721
   212.700,     4.604,   648.047
   212.800,     4.604,   648.372
   212.900,     4.604,   648.698
   213.000,     4.605,   649.023
   213.100,     4.605,   649.349
   213.200,     4.605,   649.674
   213.300,     4.605,   650.000
   213.400,     4.606,   650.326
   213.500,     4.606,   650.651
   213.600,     4.606,   650.977
   213.700,     4.606,   651.303
   213.800,     4.607,   651.628
   213.900,     4.607,   651.954
   214.000,     4.607,   652.280
   214.100,     4.607,   652.606
   214.200,     4.608,   652.932
   214.300,     4.608,   653.257
   214.400,     4.608,   653.583
   214.500,     4.608,   653.909
   214.600,     4.609,   654.235
   214.700,     4.609,   654.561
   214.800,     4.609,   654.887
   214.900,     4.610,   655.213
   215.000,     4.610,   655.539
   215.100,     4.610,   655.865
   215.200,     4.610,   656.191
   215.300,     4.611,   656.517
   215.400,     4.611,   656.843
   215.500,     4.611,   657.169
   215.600,     4.611,   657.495
   215.700,     4.612,   657.821
   215.800,     4.612,   658.147
   215.900,     4.612,   658.473
   216.000,     4.612,   658.799
   216.100,     4.613,   659.125
   216.200,     4.613,   659.451
   216.300,     4.613,   659.778
   216.400,     4.614,   660.104
   216.500,     4.614,   660.430
   216.600,     4.614,   660.756
   216.700,     4.614,   661.082
   216.800,     4.615,   661.409
   216.900,     4.615,   661.735
   217.000,     4.615,   662.061
   217.100,     4.615,   662.388
   217.200,     4.616,   662.714
   217.300,     4.616,   663.040
   217.400,     4.616,   663.367
   217.500,     4.616,   663.693
   217.600,     4.617,   664.020
   217.700,     4.617,   664.346
   217.800,     4.617,   664.673
   217.900,     4.617,   664.999
   218.000,     4.618,   665.326
   218.100,     4.618,   665.652
   218.200,     4.618,   665.979
   218.300,     4.619,   666.305
   218.400,     4.619,   666.632
   218.500,     4.619,   666.958
   218.600,     4.619,   667.285
   218.700,     4.620,   667.612
   218.800,     4.620,   667.938
   218.900,     4.620,   668.265
   219.000,     4.620,   668.592
   219.100,     4.621,   668.918
   219.200,     4.621,   669.245
   219.300,     4.621,   669.572
   219.400,     4.621,   669.899
   219.500,     4.622,   670.225
   219.600,     4.622,   670.552
   219.700,     4.622,   670.879
   219.800,     4.623,   671.206
   219.900,     4.623,   671.533
   220.000,     4.623,   671.860
   220.100,     4.623,   672.187
   220.200,     4.624,   672.513
   220.300,     4.624,   672.840
   220.400,     4.624,   673.167
   220.500,     4.624,   673.494
   220.600,     4.625,   673.821
   220.700,     4.625,   674.148
   220.800,     4.625,   674.475
   220.900,     4.625,   674.802
   221.000,     4.626,   675.129
   221.100,     4.626,   675.457
   221.200,     4.626,   675.784
   221.300,     4.626,   676.111
   221.400,     4.627,   676.438
   221.500,     4.627,   676.765
   221.600,     4.627,   677.092
   221.700,     4.628,   677.419
   221.800,     4.628,   677.747
   221.900,     4.628,   678.074
   222.000,     4.628,   678.401
   222.100,     4.629,   678.728
   222.200,     4.629,   679.056
   222.300,     4.629,   679.383
   222.400,     4.629,   679.710
   222.500,     4.630,   680.038
   222.600,     4.630,   680.365
   222.700,     4.630,   680.692
   222.800,     4.630,   681.020
   222.900,     4.631,   681.347
   223.000,     4.631,   681.675
   223.100,     4.631,   682.002
   223.200,     4.631,   682.330
   223.300,     4.632,   682.657
   223.400,     4.632,   682.985
   223.500,     4.632,   683.312
   223.600,     4.633,   683.640
   223.700,     4.633,   683.967
   223.800,     4.633,   684.295
   223.900,     4.633,   684.622
   224.000,     4.634,   684.950
   224.100,     4.634,   685.278
   224.200,     4.634,   685.605
   224.300,     4.634,   685.933
   224.400,     4.635,   686.261
   224.500,     4.635,   686.589
   224.600,     4.635,   686.916
   224.700,     4.635,   687.244
   224.800,     4.636,   687.572
   224.900,     4.636,   687.900
   225.000,     4.636,   688.227
   225.100,     4.636,   688.555
   225.200,     4.637,   688.883
   225.300,     4.637,   689.211
   225.400,     4.637,   689.539
   225.500,     4.638,   689.867
   225.600,     4.638,   690.195
   225.700,     4.638,   690.523
   225.800,     4.638,   690.851
   225.900,     4.639,   691.179
   226.000,     4.639,   691.507
   226.100,     4.639,   691.835
   226.200,     4.639,   692.163
   226.300,     4.640,   692.491
   226.400,     4.640,   692.819
   226.500,     4.640,   693.147
   226.600,     4.640,   693.475
   226.700,     4.641,   693.803
   226.800,     4.641,   694.131
   226.900,     4.641,   694.459
   227.000,     4.641,   694.788
   227.100,     4.642,   695.116
   227.200,     4.642,   695.444
   227.300,     4.642,   695.772
   227.400,     4.643,   696.100
   227.500,     4.643,   696.429
   227.600,     4.643,   696.757
   227.700,     4.643,   697.085
   227.800,     4.644,   697.414
   227.900,     4.644,   697.742
   228.000,     4.644,   698.070
   228.100,     4.644,   698.399
   228.200,     4.645,   698.727
   228.300,     4.645,   699.056
   228.400,     4.645,   699.384
   228.500,     4.645,   699.713
   228.600,     4.646,   700.041
   228.700,     4.646,   700.369
   228.800,     4.646,   700.698
   228.900,     4.646,   701.027
   229.000,     4.647,   701.355
   229.100,     4.647,   701.684
   229.200,     4.647,   702.012
   229.300,     4.648,   702.341
   229.400,     4.648,   702.670
   229.500,     4.648,   702.998
   229.600,     4.648,   703.327
   229.700,     4.649,   703.656
   229.800,     4.649,   703.984
   229.900,     4.649,   704.313
   230.000,     4.649,   704.642
   230.100,     4.650,   704.970
   230.200,     4.650,   705.299
   230.300,     4.650,   705.628
   230.400,     4.650,   705.957
   230.500,     4.651,   706.286
   230.600,     4.651,   706.615
   230.700,     4.651,   706.943
   230.800,     4.651,   707.272
   230.900,     4.652,   707.601
   231.000,     4.652,   707.930
   231.100,     4.652,   708.259
   231.200,     4.653,   708.588
   231.300,     4.653,   708.917
   231.400,     4.653,   709.246
   231.500,     4.653,   709.575
   231.600,     4.654,   709.904
   231.700,     4.654,   710.233
   231.800,     4.654,   710.562
   231.900,     4.654,   710.891
   232.000,     4.655,   711.220
   232.100,     4.655,   711.550
   232.200,     4.655,   711.879
   232.300,     4.655,   712.208
   232.400,     4.656,   712.537
   232.500,     4.656,   712.866
   232.600,     4.656,   713.195
   232.700,     4.656,   713.525
   232.800,     4.657,   713.854
   232.900,     4.657,   714.183
   233.000,     4.657,   714.513
   233.100,     4.658,   714.842
   233.200,     4.658,   715.171
   233.300,     4.658,   715.501
   233.400,     4.658,   715.830
   233.500,     4.659,   716.159
   233.600,     4.659,   716.489
   233.700,     4.659,   716.818
   233.800,     4.659,   717.148
   233.900,     4.660,   717.477
   234.000,     4.660,   717.807
   234.100,     4.660,   718.136
   234.200,     4.660,   718.466
   234.300,     4.661,   718.795
   234.400,     4.661,   719.125
   234.500,     4.661,   719.454
   234.600,     4.661,   719.784
   234.700,     4.662,   720.113
   234.800,     4.662,   720.443
   234.900,     4.662,   720.773
   235.000,     4.662,   721.102
   235.100,     4.663,   721.432
   235.200,     4.663,   721.762
   235.300,     4.663,   722.092
   235.400,     4.664,   722.421
   235.500,     4.664,   722.751
   235.600,     4.664,   723.081
   235.700,     4.664,   723.411
   235.800,     4.665,   723.740
   235.900,     4.665,   724.070
   236.000,     4.665,   724.400
   236.100,     4.665,   724.730
   236.200,     4.666,   725.060
   236.300,     4.666,   725.390
   236.400,     4.666,   725.720
   236.500,     4.666,   726.050
   236.600,     4.667,   726.380
   236.700,     4.667,   726.710
   236.800,     4.667,   727.040
   236.900,     4.667,   727.370
   237.000,     4.668,   727.700
   237.100,     4.668,   728.030
   237.200,     4.668,   728.360
   237.300,     4.669,   728.690
   237.400,     4.669,   729.020
   237.500,     4.669,   729.350
   237.600,     4.669,   729.680
   237.700,     4.670,   730.010
   237.800,     4.670,   730.341
   237.900,     4.670,   730.671
   238.000,     4.670,   731.001
   238.100,     4.671,   731.331
   238.200,     4.671,   731.662
   238.300,     4.671,   731.992
   238.400,     4.671,   732.322
   238.500,     4.672,   732.652
   238.600,     4.672,   732.983
   238.700,     4.672,   733.313
   238.800,     4.672,   733.644
   238.900,     4.673,   733.974
   239.000,     4.673,   734.304
   239.100,     4.673,   734.635
   239.200,     4.673,   734.965
   239.300,     4.674,   735.296
   239.400,     4.674,   735.626
   239.500,     4.674,   735.957
   239.600,     4.675,   736.287
   239.700,     4.675,   736.618
   239.800,     4.675,   736.948
   239.900,     4.675,   737.279
   240.000,     4.676,   737.609
   240.100,     4.676,   737.940
   240.200,     4.676,   738.271
   240.300,     4.676,   738.601
   240.400,     4.677,   738.932
   240.500,     4.677,   739.263
   240.600,     4.677,   739.593
   240.700,     4.677,   739.924
   240.800,     4.678,   740.255
   240.900,     4.678,   740.586
   241.000,     4.678,   740.916
   241.100,     4.678,   741.247
   241.200,     4.679,   741.578
   241.300,     4.679,   741.909
   241.400,     4.679,   742.240
   241.500,     4.679,   742.571
   241.600,     4.680,   742.901
   241.700,     4.680,   743.232
   241.800,     4.680,   743.563
   241.900,     4.681,   743.894
   242.000,     4.681,   744.225
   242.100,     4.681,   744.556
   242.200,     4.681,   744.887
   242.300,     4.682,   745.218
   242.400,     4.682,   745.549
   242.500,     4.682,   745.880
   242.600,     4.682,   746.211
   242.700,     4.683,   746.542
   242.800,     4.683,   746.874
   242.900,     4.683,   747.205
   243.000,     4.683,   747.536
   243.100,     4.684,   747.867
   243.200,     4.684,   748.198
   243.300,     4.684,   748.529
   243.400,     4.684,   748.861
   243.500,     4.685,   749.192
   243.600,     4.685,   749.523
   243.700,     4.685,   749.854
   243.800,     4.685,   750.186
   243.900,     4.686,   750.517
   244.000,     4.686,   750.848
   244.100,     4.686,   751.180
   244.200,     4.687,   751.511
   244.300,     4.687,   751.842
   244.400,     4.687,   752.174
   244.500,     4.687,   752.505
   244.600,     4.688,   752.837
   244.700,     4.688,   753.168
   244.800,     4.688,   753.500
   244.900,     4.688,   753.831
   245.000,     4.689,   754.163
   245.100,     4.689,   754.494
   245.200,     4.689,   754.826
   245.300,     4.689,   755.157
   245.400,     4.690,   755.489
   245.500,     4.690,   755.820
   245.600,     4.690,   756.152
   245.700,     4.690,   756.484
   245.800,     4.691,   756.815
   245.900,     4.691,   757.147
   246.000,     4.691,   757.479
   246.100,     4.691,   757.811
   246.200,     4.692,   758.142
   246.300,     4.692,   758.474
   246.400,     4.692,   758.806
   246.500,     4.693,   759.138
   246.600,     4.693,   759.469
   246.700,     4.693,   759.801
   246.800,     4.693,   760.133
   246.900,     4.694,   760.465
   247.000,     4.694,   760.797
   247.100,     4.694,   761.129
   247.200,     4.694,   761.461
   247.300,     4.695,   761.793
   247.400,     4.695,   762.125
   247.500,     4.695,   762.456
   247.600,     4.695,   762.788
   247.700,     4.696,   763.120
   247.800,     4.696,   763.453
   247.900,     4.696,   763.785
   248.000,     4.696,   764.117
   248.100,     4.697,   764.449
   248.200,     4.697,   764.781
   248.300,     4.697,   765.113
   248.400,     4.697,   765.445
   248.500,     4.698,   765.777
   248.600,     4.698,   766.109
   248.700,     4.698,   766.442
   248.800,     4.698,   766.774
   248.900,     4.699,   767.106
   249.000,     4.699,   767.438
   249.100,     4.699,   767.771
   249.200,     4.700,   768.103
   249.300,     4.700,   768.435
   249.400,     4.700,   768.768
   249.500,     4.700,   769.100
   249.600,     4.701,   769.432
   249.700,     4.701,   769.765
   249.800,     4.701,   770.097
   249.900,     4.701,   770.429
   250.000,     4.702,   770.762
   250.100,     4.702,   771.094
   250.200,     4.702,   771.427
   250.300,     4.702,   771.759
   250.400,     4.703,   772.092
   250.500,     4.703,   772.424
   250.600,     4.703,   772.757
   250.700,     4.703,   773.089
   250.800,     4.704,   773.422
   250.900,     4.704,   773.755
   251.000,     4.704,   774.087
   251.100,     4.704,   774.420
   251.200,     4.705,   774.752
   251.300,     4.705,   775.085
   251.400,     4.705,   775.418
   251.500,     4.705,   775.751
   251.600,     4.706,   776.083
   251.700,     4.706,   776.416
   251.800,     4.706,   776.749
   251.900,     4.707,   777.082
   252.000,     4.707,   777.414
   252.100,     4.707,   777.747
   252.200,     4.707,   778.080
   252.300,     4.708,   778.413
   252.400,     4.708,   778.746
   252.500,     4.708,   779.079
   252.600,     4.708,   779.412
   252.700,     4.709,   779.745
   252.800,     4.709,   780.077
   252.900,     4.709,   780.410
   253.000,     4.709,   780.743
   253.100,     4.710,   781.076
   253.200,     4.710,   781.409
   253.300,     4.710,   781.742
   253.400,     4.710,   782.076
   253.500,     4.711,   782.409
   253.600,     4.711,   782.742
   253.700,     4.711,   783.075
   253.800,     4.711,   783.408
   253.900,     4.712,   783.741
   254.000,     4.712,   784.074
   254.100,     4.712,   784.407
   254.200,     4.712,   784.741
   254.300,     4.713,   785.074
   254.400,     4.713,   785.407
   254.500,     4.713,   785.740
   254.600,     4.714,   786.074
   254.700,     4.714,   786.407
   254.800,     4.714,   786.740
   254.900,     4.714,   787.074
   255.000,     4.715,   787.407
   255.100,     4.715,   787.740
   255.200,     4.715,   788.074
   255.300,     4.715,   788.407
   255.400,     4.716,   788.741
   255.500,     4.716,   789.074
   255.600,     4.716,   789.407
   255.700,     4.716,   789.741
   255.800,     4.717,   790.074
   255.900,     4.717,   790.408
   256.000,     4.717,   790.742
   256.100,     4.717,   791.075
   256.200,     4.718,   791.409
   256.300,     4.718,   791.742
   256.400,     4.718,   792.076
   256.500,     4.718,   792.409
   256.600,     4.719,   792.743
   256.700,     4.719,   793.077
   256.800,     4.719,   793.410
   256.900,     4.719,   793.744
   257.000,     4.720,   794.078
   257.100,     4.720,   794.412
   257.200,     4.720,   794.745
   257.300,     4.721,   795.079
   257.400,     4.721,   795.413
   257.500,     4.721,   795.747
   257.600,     4.721,   796.081
   257.700,     4.722,   796.414
   257.800,     4.722,   796.748
   257.900,     4.722,   797.082
   258.000,     4.722,   797.416
   258.100,     4.723,   797.750
   258.200,     4.723,   798.084
   258.300,     4.723,   798.418
   258.400,     4.723,   798.752
   258.500,     4.724,   799.086
   258.600,     4.724,   799.420
   258.700,     4.724,   799.754
   258.800,     4.724,   800.088
   258.900,     4.725,   800.422
   259.000,     4.725,   800.756
   259.100,     4.725,   801.090
   259.200,     4.725,   801.424
   259.300,     4.726,   801.758
   259.400,     4.726,   802.093
   259.500,     4.726,   802.427
   259.600,     4.726,   802.761
   259.700,     4.727,   803.095
   259.800,     4.727,   803.429
   259.900,     4.727,   803.764
   260.000,     4.727,   804.098
   260.100,     4.728,   804.432
   260.200,     4.728,   804.766
   260.300,     4.728,   805.101
   260.400,     4.729,   805.435
   260.500,     4.729,   805.770
   260.600,     4.729,   806.104
   260.700,     4.729,   806.438
   260.800,     4.730,   806.773
   260.900,     4.730,   807.107
   261.000,     4.730,   807.442
   261.100,     4.730,   807.776
   261.200,     4.731,   808.111
   261.300,     4.731,   808.445
   261.400,     4.731,   808.780
   261.500,     4.731,   809.114
   261.600,     4.732,   809.449
   261.700,     4.732,   809.783
   261.800,     4.732,   810.118
   261.900,     4.732,   810.452
   262.000,     4.733,   810.787
   262.100,     4.733,   811.122
   262.200,     4.733,   811.456
   262.300,     4.733,   811.791
   262.400,     4.734,   812.126
   262.500,     4.734,   812.460
   262.600,     4.734,   812.795
   262.700,     4.734,   813.130
   262.800,     4.735,   813.465
   262.900,     4.735,   813.800
   263.000,     4.735,   814.134
   263.100,     4.735,   814.469
   263.200,     4.736,   814.804
   263.300,     4.736,   815.139
   263.400,     4.736,   815.474
   263.500,     4.737,   815.809
   263.600,     4.737,   816.144
   263.700,     4.737,   816.479
   263.800,     4.737,   816.814
   263.900,     4.738,   817.149
   264.000,     4.738,   817.484
   264.100,     4.738,   817.819
   264.200,     4.738,   818.154
   264.300,     4.739,   818.489
   264.400,     4.739,   818.824
   264.500,     4.739,   819.159
   264.600,     4.739,   819.494
   264.700,     4.740,   819.829
   264.800,     4.740,   820.164
   264.900,     4.740,   820.499
   265.000,     4.740,   820.834
   265.100,     4.741,   821.170
   265.200,     4.741,   821.505
   265.300,     4.741,   821.840
   265.400,     4.741,   822.175
   265.500,     4.742,   822.511
   265.600,     4.742,   822.846
   265.700,     4.742,   823.181
   265.800,     4.742,   823.517
   265.900,     4.743,   823.852
   266.000,     4.743,   824.187
   266.100,     4.743,   824.523
   266.200,     4.743,   824.858
   266.300,     4.744,   825.193
   266.400,     4.744,   825.529
   266.500,     4.744,   825.864
   266.600,     4.745,   826.200
   266.700,     4.745,   826.535
   266.800,     4.745,   826.871
   266.900,     4.745,   827.206
   267.000,     4.746,   827.542
   267.100,     4.746,   827.877
   267.200,     4.746,   828.213
   267.300,     4.746,   828.549
   267.400,     4.747,   828.884
   267.500,     4.747,   829.220
   267.600,     4.747,   829.556
   267.700,     4.747,   829.891
   267.800,     4.748,   830.227
   267.900,     4.748,   830.563
   268.000,     4.748,   830.898
   268.100,     4.748,   831.234
   268.200,     4.749,   831.570
   268.300,     4.749,   831.906
   268.400,     4.749,   832.241
   268.500,     4.749,   832.577
   268.600,     4.750,   832.913
   268.700,     4.750,   833.249
   268.800,     4.750,   833.585
   268.900,     4.750,   833.921
   269.000,     4.751,   834.257
   269.100,     4.751,   834.592
   269.200,     4.751,   834.928
   269.300,     4.751,   835.264
   269.400,     4.752,   835.600
   269.500,     4.752,   835.936
   269.600,     4.752,   836.272
   269.700,     4.752,   836.608
   269.800,     4.753,   836.944
   269.900,     4.753,   837.281
   270.000,     4.753,   837.617
   270.100,     4.754,   837.953
   270.200,     4.754,   838.289
   270.300,     4.754,   838.625
   270.400,     4.754,   838.961
   270.500,     4.755,   839.297
   270.600,     4.755,   839.633
   270.700,     4.755,   839.970
   270.800,     4.755,   840.306
   270.900,     4.756,   840.642
   271.000,     4.756,   840.978
   271.100,     4.756,   841.315
   271.200,     4.756,   841.651
   271.300,     4.757,   841.987
   271.400,     4.757,   842.324
   271.500,     4.757,   842.660
   271.600,     4.757,   842.996
   271.700,     4.758,   843.333
   271.800,     4.758,   843.669
   271.900,     4.758,   844.006
   272.000,     4.758,   844.342
   272.100,     4.759,   844.679
   272.200,     4.759,   845.015
   272.300,     4.759,   845.352
   272.400,     4.759,   845.688
   272.500,     4.760,   846.025
   272.600,     4.760,   846.361
   272.700,     4.760,   846.698
   272.800,     4.760,   847.034
   272.900,     4.761,   847.371
   273.000,     4.761,   847.708
   273.100,     4.761,   848.044
   273.200,     4.761,   848.381
   273.300,     4.762,   848.718
   273.400,     4.762,   849.054
   273.500,     4.762,   849.391
   273.600,     4.762,   849.728
   273.700,     4.763,   850.065
   273.800,     4.763,   850.401
   273.900,     4.763,   850.738
   274.000,     4.764,   851.075
   274.100,     4.764,   851.412
   274.200,     4.764,   851.749
   274.300,     4.764,   852.086
   274.400,     4.765,   852.422
   274.500,     4.765,   852.759
   274.600,     4.765,   853.096
   274.700,     4.765,   853.433
   274.800,     4.766,   853.770
   274.900,     4.766,   854.107
   275.000,     4.766,   854.444
   275.100,     4.766,   854.781
   275.200,     4.767,   855.118
   275.300,     4.767,   855.455
   275.400,     4.767,   855.792
   275.500,     4.767,   856.129
   275.600,     4.768,   856.466
   275.700,     4.768,   856.804
   275.800,     4.768,   857.141
   275.900,     4.768,   857.478
   276.000,     4.769,   857.815
   276.100,     4.769,   858.152
   276.200,     4.769,   858.489
   276.300,     4.769,   858.827
   276.400,     4.770,   859.164
   276.500,     4.770,   859.501
   276.600,     4.770,   859.838
   276.700,     4.770,   860.176
   276.800,     4.771,   860.513
   276.900,     4.771,   860.850
   277.000,     4.771,   861.188
   277.100,     4.771,   861.525
   277.200,     4.772,   861.863
   277.300,     4.772,   862.200
   277.400,     4.772,   862.537
   277.500,     4.772,   862.875
   277.600,     4.773,   863.212
   277.700,     4.773,   863.550
   277.800,     4.773,   863.887
   277.900,     4.774,   864.225
   278.000,     4.774,   864.562
   278.100,     4.774,   864.900
   278.200,     4.774,   865.238
   278.300,     4.775,   865.575
   278.400,     4.775,   865.913
   278.500,     4.775,   866.250
   278.600,     4.775,   866.588
   278.700,     4.776,   866.926
   278.800,     4.776,   867.263
   278.900,     4.776,   867.601
   279.000,     4.776,   867.939
   279.100,     4.777,   868.276
   279.200,     4.777,   868.614
   279.300,     4.777,   868.952
   279.400,     4.777,   869.290
   279.500,     4.778,   869.628
   279.600,     4.778,   869.965
   279.700,     4.778,   870.303
   279.800,     4.778,   870.641
   279.900,     4.779,   870.979
   280.000,     4.779,   871.317
   280.100,     4.779,   871.655
   280.200,     4.779,   871.993
   280.300,     4.780,   872.331
   280.400,     4.780,   872.669
   280.500,     4.780,   873.007
   280.600,     4.780,   873.345
   280.700,     4.781,   873.683
   280.800,     4.781,   874.021
   280.900,     4.781,   874.359
   281.000,     4.781,   874.697
   281.100,     4.782,   875.035
   281.200,     4.782,   875.373
   281.300,     4.782,   875.711
   281.400,     4.782,   876.049
   281.500,     4.783,   876.388
   281.600,     4.783,   876.726
   281.700,     4.783,   877.064
   281.800,     4.783,   877.402
   281.900,     4.784,   877.740
   282.000,     4.784,   878.079
   282.100,     4.784,   878.417
   282.200,     4.784,   878.755
   282.300,     4.785,   879.094
   282.400,     4.785,   879.432
   282.500,     4.785,   879.770
   282.600,     4.786,   880.109
   282.700,     4.786,   880.447
   282.800,     4.786,   880.785
   282.900,     4.786,   881.124
   283.000,     4.787,   881.462
   283.100,     4.787,   881.801
   283.200,     4.787,   882.139
   283.300,     4.787,   882.478
   283.400,     4.788,   882.816
   283.500,     4.788,   883.155
   283.600,     4.788,   883.493
   283.700,     4.788,   883.832
   283.800,     4.789,   884.170
   283.900,     4.789,   884.509
   284.000,     4.789,   884.848
   284.100,     4.789,   885.186
   284.200,     4.790,   885.525
   284.300,     4.790,   885.864
   284.400,     4.790,   886.202
   284.500,     4.790,   886.541
   284.600,     4.791,   886.880
   284.700,     4.791,   887.219
   284.800,     4.791,   887.557
   284.900,     4.791,   887.896
   285.000,     4.792,   888.235
   285.100,     4.792,   888.574
   285.200,     4.792,   888.913
   285.300,     4.792,   889.251
   285.400,     4.793,   889.590
   285.500,     4.793,   889.929
   285.600,     4.793,   890.268
   285.700,     4.793,   890.607
   285.800,     4.794,   890.946
   285.900,     4.794,   891.285
   286.000,     4.794,   891.624
   286.100,     4.794,   891.963
   286.200,     4.795,   892.302
   286.300,     4.795,   892.641
   286.400,     4.795,   892.980
   286.500,     4.795,   893.319
   286.600,     4.796,   893.658
   286.700,     4.796,   893.997
   286.800,     4.796,   894.336
   286.900,     4.796,   894.676
   287.000,     4.797,   895.015
   287.100,     4.797,   895.354
   287.200,     4.797,   895.693
   287.300,     4.797,   896.032
   287.400,     4.798,   896.372
   287.500,     4.798,   896.711
   287.600,     4.798,   897.050
   287.700,     4.799,   897.389
   287.800,     4.799,   897.729
   287.900,     4.799,   898.068
   288.000,     4.799,   898.407
   288.100,     4.800,   898.747
   288.200,     4.800,   899.086
   288.300,     4.800,   899.425
   288.400,     4.800,   899.765
   288.500,     4.801,   900.104
   288.600,     4.801,   900.444
   288.700,     4.801,   900.783
   288.800,     4.801,   901.123
   288.900,     4.802,   901.462
   289.000,     4.802,   901.802
   289.100,     4.802,   902.141
   289.200,     4.802,   902.481
   289.300,     4.803,   902.820
   289.400,     4.803,   903.160
   289.500,     4.803,   903.500
   289.600,     4.803,   903.839
   289.700,     4.804,   904.179
   289.800,     4.804,   904.519
   289.900,     4.804,   904.858
   290.000,     4.804,   905.198
   290.100,     4.805,   905.538
   290.200,     4.805,   905.877
   290.300,     4.805,   906.217
   290.400,     4.805,   906.557
   290.500,     4.806,   906.897
   290.600,     4.806,   907.237
   290.700,     4.806,   907.576
   290.800,     4.806,   907.916
   290.900,     4.807,   908.256
   291.000,     4.807,   908.596
   291.100,     4.807,   908.936
   291.200,     4.807,   909.276
   291.300,     4.808,   909.616
   291.400,     4.808,   909.956
   291.500,     4.808,   910.296
   291.600,     4.808,   910.636
   291.700,     4.809,   910.976
   291.800,     4.809,   911.316
   291.900,     4.809,   911.656
   292.000,     4.809,   911.996
   292.100,     4.810,   912.336
   292.200,     4.810,   912.676
   292.300,     4.810,   913.016
   292.400,     4.810,   913.356
   292.500,     4.811,   913.696
   292.600,     4.811,   914.036
   292.700,     4.811,   914.377
   292.800,     4.811,   914.717
   292.900,     4.812,   915.057
   293.000,     4.812,   915.397
   293.100,     4.812,   915.738
   293.200,     4.812,   916.078
   293.300,     4.813,   916.418
   293.400,     4.813,   916.758
   293.500,     4.813,   917.099
   293.600,     4.813,   917.439
   293.700,     4.814,   917.780
   293.800,     4.814,   918.120
   293.900,     4.814,   918.460
   294.000,     4.815,   918.801
   294.100,     4.815,   919.141
   294.200,     4.815,   919.482
   294.300,     4.815,   919.822
   294.400,     4.816,   920.163
   294.500,     4.816,   920.503
   294.600,     4.816,   920.844
   294.700,     4.816,   921.184
   294.800,     4.817,   921.525
   294.900,     4.817,   921.865
   295.000,     4.817,   922.206
   295.100,     4.817,   922.547
   295.200,     4.818,   922.887
   295.300,     4.818,   923.228
   295.400,     4.818,   923.568
   295.500,     4.818,   923.909
   295.600,     4.819,   924.250
   295.700,     4.819,   924.591
   295.800,     4.819,   924.931
   295.900,     4.819,   925.272
   296.000,     4.820,   925.613
   296.100,     4.820,   925.954
   296.200,     4.820,   926.294
   296.300,     4.820,   926.635
   296.400,     4.821,   926.976
   296.500,     4.821,   927.317
   296.600,     4.821,   927.658
   296.700,     4.821,   927.999
   296.800,     4.822,   928.340
   296.900,     4.822,   928.681
   297.000,     4.822,   929.022
   297.100,     4.822,   929.363
   297.200,     4.823,   929.704
   297.300,     4.823,   930.045
   297.400,     4.823,   930.386
   297.500,     4.823,   930.727
   297.600,     4.824,   931.068
   297.700,     4.824,   931.409
   297.800,     4.824,   931.750
   297.900,     4.824,   932.091
   298.000,     4.825,   932.432
   298.100,     4.825,   932.773
   298.200,     4.825,   933.115
   298.300,     4.825,   933.456
   298.400,     4.826,   933.797
   298.500,     4.826,   934.138
   298.600,     4.826,   934.479
   298.700,     4.826,   934.821
   298.800,     4.827,   935.162
   298.900,     4.827,   935.503
   299.000,     4.827,   935.845
   299.100,     4.827,   936.186
   299.200,     4.828,   936.527
   299.300,     4.828,   936.869
   299.400,     4.828,   937.210
   299.500,     4.828,   937.551
   299.600,     4.829,   937.893
   299.700,     4.829,   938.234
   299.800,     4.829,   938.576
